/*--------------------------------*- C++ -*----------------------------------*\
| =========                 |                                                 |
| \\      /  F ield         | OpenFOAM: The Open Source CFD Toolbox           |
|  \\    /   O peration     | Version:  2206                                  |
|   \\  /    A nd           | Website:  www.openfoam.com                      |
|    \\/     M anipulation  |                                                 |
\*---------------------------------------------------------------------------*/
FoamFile
{
    version     2.0;
    format      ascii;
    arch        "LSB;label=64;scalar=64";
    class       volScalarField;
    location    "3.9/solid";
    object      T;
}
// * * * * * * * * * * * * * * * * * * * * * * * * * * * * * * * * * * * * * //

dimensions      [0 0 0 1 0 0 0];

internalField   nonuniform List<scalar> 
500
(
1077.33405279
1077.16396448
1076.82240261
1076.30564172
1075.60763943
1074.72122948
1073.64146875
1072.37144752
1070.92540825
1069.43305484
1078.17969326
1078.01529715
1077.68603955
1077.19108423
1076.52971325
1075.7026161
1074.7145522
1073.57869628
1072.32004484
1070.97366069
1079.07579527
1078.91832226
1078.60365138
1078.1325225
1077.50655145
1076.72894162
1075.80552068
1074.74587314
1073.56281007
1072.26532365
1080.00344168
1079.85222963
1079.55032124
1079.09885661
1078.49978923
1077.75614665
1076.87230996
1075.85413743
1074.70772071
1073.43246545
1080.94555227
1080.7992907
1080.50725169
1080.07044489
1079.49045216
1078.76947129
1077.9103468
1076.91655405
1075.79108235
1074.5290954
1081.88828263
1081.74574239
1081.46102551
1081.03486835
1080.46836653
1079.76294338
1078.92033217
1077.94265613
1076.83159903
1075.58014921
1082.82158035
1082.68185649
1082.40265031
1081.98444382
1081.4279295
1080.73396283
1079.90355492
1078.93810201
1077.83894496
1076.5980918
1083.73843976
1083.60095549
1083.32613307
1082.91426305
1082.36575083
1081.68107127
1080.86077573
1079.90587444
1078.81793786
1077.58914025
1084.63401697
1084.4984507
1084.22739783
1083.82101827
1083.27952774
1082.6031563
1081.79215874
1080.84734426
1079.77093515
1078.55628071
1085.50491786
1085.3711235
1085.10357136
1084.70233779
1084.16751972
1083.4991943
1082.69741467
1081.76286061
1080.6987409
1079.50068919
1086.34869149
1086.2166338
1085.95252902
1085.55640362
1085.02828521
1084.36816085
1083.57593984
1082.65217317
1081.60131007
1080.42290443
1087.16348553
1087.03319301
1086.77260461
1086.38172051
1085.86053369
1085.20898643
1084.42688428
1083.51459448
1082.47790758
1081.32361981
1087.94781602
1087.81934796
1087.5624027
1087.17697022
1086.66303296
1086.02052192
1085.24917049
1084.34906018
1083.32701848
1082.20300208
1088.70041457
1088.57383901
1088.32067816
1087.94092177
1087.43455671
1086.80152549
1086.04152027
1085.15424756
1084.14660083
1083.06088096
1089.42012678
1089.29550706
1089.04626021
1088.67238124
1088.17386889
1087.55068891
1086.80251543
1085.92864862
1084.93462723
1083.87343341
1090.10584167
1089.98322909
1089.73800036
1089.37015854
1088.87971785
1088.2666743
1087.53070591
1086.67073635
1085.69049854
1084.63954296
1090.75643885
1090.63586907
1090.39473057
1090.03303558
1089.55081499
1088.94809843
1088.22458821
1087.37889152
1086.4129486
1085.37263788
1091.37074561
1091.25223724
1091.01522644
1090.65973499
1090.18581067
1089.59351948
1088.88260897
1088.05143393
1087.10015764
1086.06969429
1091.94750048
1091.83105489
1091.59817446
1091.24889018
1090.78326574
1090.20140369
1089.50311364
1088.68656296
1087.75016623
1086.7300687
1092.48532094
1092.37092324
1092.14214302
1091.79901956
1091.3416302
1090.77011061
1090.08434114
1089.2823646
1088.36095913
1087.35079782
1092.98267381
1092.87029445
1092.64555494
1092.30850201
1091.85922471
1091.29788929
1090.62445742
1089.83691588
1088.93049649
1087.93075553
1093.43784727
1093.32744372
1093.10665951
1092.77554798
1092.33420795
1091.78283287
1091.12147346
1090.34812714
1089.45659581
1088.46641784
1093.84892541
1093.7404438
1093.5235068
1093.19817352
1092.76455036
1092.222853
1091.57322298
1090.81372772
1089.93687012
1088.95656123
1094.21376567
1094.10714248
1093.89392532
1093.5741785
1093.14801445
1092.61566745
1091.97737304
1091.23132999
1090.36886214
1089.39743947
1094.52997957
1094.42514327
1094.21550258
1093.90112638
1093.48213165
1092.95876682
1092.33136141
1091.59830706
1090.74992723
1089.7876451
1094.79491725
1094.69178995
1094.48556969
1094.17632952
1093.76418982
1093.24940913
1092.63240964
1091.91183702
1091.07719308
1090.12317064
1095.00565644
1094.90415532
1094.70118968
1094.39683642
1093.9912183
1093.48459879
1092.87748441
1092.1688154
1091.34740817
1090.40156938
1095.15899658
1095.05903495
1094.85915049
1094.559424
1094.1599805
1093.66108569
1093.06332843
1092.36601426
1091.55752719
1090.6189818
1095.25145931
1095.15294715
1094.95596373
1094.66059388
1094.26696496
1093.7753416
1093.1863861
1092.49981711
1091.70378983
1090.77207785
1095.27929673
1095.18214069
1094.98787146
1094.69657781
1094.30838958
1093.82356753
1093.24283776
1092.56638701
1091.78243798
1090.85642705
1095.23850883
1095.14261228
1094.95086341
1094.66335413
1094.28021618
1093.80170338
1093.22859477
1092.56160447
1091.78941308
1090.86821834
1095.12487066
1095.03013435
1094.84070619
1094.55667933
1094.17818515
1093.70546528
1093.1393337
1092.48107407
1091.72032088
1090.80227095
1094.93396729
1094.84029118
1094.65298202
1094.37213109
1093.99786479
1093.53040296
1092.97056297
1092.32019857
1091.5705275
1090.65405182
1094.66123322
1094.56851936
1094.38313171
1094.10515639
1093.73471018
1093.27198216
1092.71775996
1092.07443757
1091.33565471
1090.4193597
1094.30199298
1094.21014851
1094.02649548
1093.75111277
1093.38410477
1092.92562444
1092.37639795
1091.73927991
1091.01123077
1090.1030727
1093.85150216
1093.76044109
1093.57835036
1093.30530089
1092.94138447
1092.48671698
1091.94193709
1091.31023635
1090.59236302
1089.70427599
1093.30499021
1093.21463392
1093.03394853
1092.76299778
1092.40186301
1091.95062681
1091.40982393
1090.78284093
1090.07420773
1089.21146167
1092.65770807
1092.56798415
1092.3885603
1092.11949526
1091.76086425
1091.31272423
1090.77549781
1090.15261799
1089.45215657
1088.61622587
1091.90498337
1091.81582293
1091.63752444
1091.37014492
1091.01375919
1090.56840867
1090.03440266
1089.41507063
1088.72161133
1087.91361844
1091.04228638
1090.95362
1090.77631019
1090.51041648
1090.15602053
1089.7131608
1089.18204133
1088.56575059
1087.87800811
1087.10023318
1090.0653092
1089.97706165
1089.80059286
1089.53597055
1089.18329235
1088.74260938
1088.21403785
1087.60031142
1086.91675707
1086.17284607
1088.97006035
1088.88214359
1088.70634335
1088.4427427
1088.09146656
1087.65259715
1087.12618776
1086.51454365
1085.8332533
1085.12202618
1087.75297774
1087.66528203
1087.48993515
1087.22704416
1086.87677498
1086.43926311
1085.91453321
1085.30445458
1084.62378936
1083.92108506
1086.41106367
1086.32344707
1086.14827419
1085.88568548
1085.53590369
1085.09914464
1084.57544945
1083.96628995
1083.28538214
1082.58223195
1084.94204643
1084.85432388
1084.67895807
1084.41612986
1084.06613237
1083.6292898
1083.10571448
1082.49654343
1081.814407
1081.10929409
1083.34457475
1083.25651093
1083.08048065
1082.81670253
1082.46553828
1082.02743215
1081.50261647
1080.89197348
1080.20706702
1079.4983059
1081.61845266
1081.52976452
1081.35249936
1081.08689303
1080.73333398
1080.29233568
1079.76422779
1079.14967337
1078.45925079
1077.74432136
1079.7649178
1079.67528001
1079.49615109
1079.2277575
1078.87041164
1078.42450939
1077.89022965
1077.26776792
1076.56666665
1075.8405561
1077.7869835
1077.69595131
1077.51430324
1077.2422981
1076.88004616
1076.4274819
1075.88396675
1075.2481104
1074.52708933
1073.77794836
1075.68994796
1075.59629384
1075.41127837
1075.13522452
1074.76802214
1074.30891094
1073.75558039
1073.10272818
1072.35027854
1071.54768541
)
;

boundaryField
{
    symmetric
    {
        type            symmetry;
    }
    emptyPatch
    {
        type            empty;
    }
    solid_to_water
    {
        type            compressible::turbulentTemperatureTwoPhaseRadCoupledMixed;
        refValue        nonuniform List<scalar> 
70
(
415.344432994
413.532433199
412.067440724
410.645491602
409.345778328
407.964969644
403.449130779
385.655693976
349.985885986
338.728253255
339.665094438
340.175722801
340.212755812
340.098041385
340.003438318
339.786603692
339.070842626
338.072772616
337.069387601
336.192891514
335.635088189
335.64821833
336.950006052
342.910330883
368.8339948
372.031164708
382.908029852
378.713281533
387.438467761
381.270810271
389.228530543
383.044037989
389.809790426
383.713992154
389.327687513
383.402219238
388.41842893
383.254466884
386.945706844
383.365788867
385.796510677
382.717717594
381.610937935
368.586782085
350.097164465
342.119804617
338.877847136
337.220435139
336.706366009
337.180063847
340.436018735
361.201422113
409.177459551
422.776559992
431.03404759
433.540717976
436.347691886
437.042381587
435.80183968
334.338008498
334.446620565
334.519583041
334.593766091
334.669618478
334.74334625
334.819238272
334.965877579
335.503527253
405.445223881
337.64922312
)
;
        refGradient     uniform 0;
        valueFraction   nonuniform List<scalar> 
70
(
0.000533154724466
0.000533594680617
0.000533510128986
0.000534052237603
0.00053443639787
0.000534704328074
0.000546233215617
0.000631904906915
0.00108102076007
0.00144910110975
0.000966691950324
0.000967767881241
0.000968458263211
0.000969422747932
0.000970080408573
0.000970911902269
0.000972210123733
0.000968918272892
0.000959716509089
0.000947625906598
0.000938414800097
0.000939948835781
0.000961318796551
0.00093805159492
0.000625473021871
0.00065740052589
0.000604748420375
0.00065497022618
0.000605454425285
0.000655372161348
0.000607482750273
0.000652529745875
0.0006109075274
0.000652812633996
0.000616736414337
0.000656223342618
0.000623482051328
0.000658685997002
0.00063428168295
0.000659338649637
0.000642741757271
0.000661764113537
0.0006571825779
0.000721321785548
0.000888922210945
0.000973785340755
0.000976958923506
0.000962783341459
0.000958193523369
0.000964108719854
0.000977370806708
0.000745438708356
0.000508925340451
0.000504927581242
0.000500486973194
0.000504446608391
0.00050222925439
0.000503870682625
0.000508763275037
0.00149004461985
0.00149660460555
0.00150029297431
0.0015037701814
0.00150694042347
0.00150962291173
0.00151202196592
0.00151645879927
0.0015207761866
0.000601452111976
0.00141810723387
)
;
        source          uniform 0;
        value           nonuniform List<scalar> 
70
(
1076.98217581
1076.81092143
1076.46881262
1075.9511956
1075.25256287
1074.36556088
1073.27596802
1071.93796612
1070.14701711
1068.375369
1068.7287739
1070.26785439
1071.55785592
1072.72310489
1073.81816303
1074.86746158
1075.8828855
1076.87452394
1077.84661301
1078.7982783
1079.72602753
1080.62501779
1081.48942269
1082.36945334
1083.42485081
1084.17015836
1084.94622887
1085.6055848
1086.30525289
1086.88742665
1087.50509682
1088.0056343
1088.52847708
1088.93647826
1089.35494362
1089.659355
1089.9634639
1090.15320369
1090.32553209
1090.39025388
1090.41516348
1090.3341304
1090.18850651
1089.90008037
1089.44919986
1088.98170338
1088.48417717
1087.89863981
1087.19985894
1086.38361076
1085.45080753
1084.58619301
1083.57800485
1082.24919098
1080.78390827
1079.17241569
1077.4220542
1075.51847032
1073.45302628
1074.58651321
1074.48829946
1074.30093888
1074.02283663
1073.65395577
1073.19367054
1072.6395377
1071.98457745
1071.2303629
1071.14655172
1070.50643415
)
;
        kappaMethod     solidThermo;
        Tnbr            T.liquid;
        region          solid;
        otherPhase      gas;
    }
}


// ************************************************************************* //
