/*--------------------------------*- C++ -*----------------------------------*\
| =========                 |                                                 |
| \\      /  F ield         | OpenFOAM: The Open Source CFD Toolbox           |
|  \\    /   O peration     | Version:  2206                                  |
|   \\  /    A nd           | Website:  www.openfoam.com                      |
|    \\/     M anipulation  |                                                 |
\*---------------------------------------------------------------------------*/
FoamFile
{
    version     2.0;
    format      ascii;
    arch        "LSB;label=64;scalar=64";
    class       volScalarField;
    location    "3.2/solid";
    object      T;
}
// * * * * * * * * * * * * * * * * * * * * * * * * * * * * * * * * * * * * * //

dimensions      [0 0 0 1 0 0 0];

internalField   nonuniform List<scalar> 
500
(
1084.11487172
1083.94437962
1083.60179408
1083.08382936
1082.38339047
1081.49193417
1080.40283868
1079.12186825
1077.68614826
1076.20996472
1085.02629075
1084.86154904
1084.53161645
1084.03581071
1083.37345418
1082.54506544
1081.55447033
1080.4135927
1079.14925598
1077.7996494
1085.97272778
1085.81472457
1085.49896698
1085.02613992
1084.39773467
1083.61670115
1082.68834255
1081.62157428
1080.43008403
1079.12836379
1086.93694496
1086.78495375
1086.4814358
1086.02742328
1085.42469237
1084.67599819
1083.7853005
1082.75808014
1081.60191507
1080.32344149
1087.89943539
1087.75217506
1087.45808603
1087.01807204
1086.43355401
1085.70650113
1084.83940598
1083.83544052
1082.69952584
1081.43575907
1088.84606749
1088.70237201
1088.41530032
1087.9855013
1087.413943
1086.70187268
1085.85071807
1084.86224764
1083.74042474
1082.49008879
1089.7673087
1089.62633704
1089.34460101
1088.92251547
1088.36067728
1087.65981098
1086.82064681
1085.8440548
1084.73374222
1083.49973576
1090.65710702
1090.51833483
1090.24091133
1089.82507722
1089.27116801
1088.57956419
1087.75055378
1086.78434935
1085.68418729
1084.47116578
1091.51190275
1091.37504705
1091.1013974
1090.69107762
1090.14425337
1089.46109154
1088.64160729
1087.68550187
1086.59489891
1085.39553442
1092.32983222
1092.19477324
1091.92467992
1091.51960336
1090.97960585
1090.30472979
1089.49483016
1088.54920671
1087.46867427
1086.27680157
1093.11013406
1092.97685335
1092.71029558
1092.3104709
1091.77738488
1091.11101766
1090.31114651
1089.37675818
1088.30727556
1087.12311171
1093.85272914
1093.72126503
1093.45833067
1093.06391725
1092.53800558
1091.88055608
1091.0913304
1090.16908621
1089.11182186
1087.93639842
1094.55793349
1094.42835024
1094.16917523
1093.78039524
1093.26198715
1092.61392042
1091.83599076
1090.92681471
1089.88296269
1088.71654868
1095.2262668
1095.09863438
1094.84336331
1094.46044484
1093.94986431
1093.3116169
1092.5455676
1091.65027837
1090.62093898
1089.46487367
1095.85832504
1095.73270694
1095.48146937
1095.10461293
1094.60213775
1093.9740724
1093.2203738
1092.33963593
1091.3257784
1090.18046216
1096.4546929
1096.33113944
1096.08403716
1095.71339818
1095.21923965
1094.60162447
1093.86061271
1092.99490992
1091.99733155
1090.86411691
1097.01587859
1096.89442401
1096.65152596
1096.28720888
1095.80150744
1095.19451724
1094.46640556
1093.61605738
1092.63533424
1091.51415312
1097.54225986
1097.42292136
1097.18426182
1096.82631792
1096.34914113
1095.75285665
1095.03774164
1094.2029403
1093.23961938
1092.13174991
1098.0340361
1097.91681381
1097.6823926
1097.33082054
1096.86216417
1096.27657324
1095.57443107
1094.75520986
1093.80964177
1092.71500565
1098.49118466
1098.37606239
1098.14584649
1097.80059508
1097.34038718
1096.76538951
1096.07607807
1095.27230154
1094.34465496
1093.2642985
1098.91342017
1098.80036672
1098.57429293
1098.23526563
1097.78337428
1097.21879696
1096.54209101
1095.75353108
1094.84389074
1093.7775834
1099.30015662
1099.18912724
1098.96710514
1098.63416417
1098.19040162
1097.63599965
1096.97157763
1096.19786284
1095.30613542
1094.25450519
1099.65047251
1099.54141076
1099.32332647
1098.99629879
1098.56043045
1098.01590155
1097.36337276
1096.6040373
1095.73004226
1094.692978
1099.96307917
1099.8559188
1099.64163892
1099.32032239
1098.89207542
1098.35707046
1097.71598598
1096.97047788
1096.11393992
1095.09130724
1100.23629262
1100.13095926
1099.92033419
1099.60450237
1099.18357137
1098.65770084
1098.02756342
1097.29526627
1096.45593414
1095.44763844
1100.46801008
1100.36442284
1100.15729009
1099.84669761
1099.43275293
1098.91559929
1098.2958776
1097.57609971
1096.75366539
1095.75927936
1100.65569173
1100.55376451
1100.34995131
1100.04433778
1099.63703076
1099.12815574
1098.51830002
1097.81031104
1097.00449802
1096.0282846
1100.79634875
1100.69599136
1100.49531696
1100.19441038
1099.79337749
1099.29232578
1098.6917683
1097.99478209
1097.20498337
1096.25532508
1100.88653883
1100.78765781
1100.58993512
1100.29345463
1099.89832176
1099.40462771
1098.81279411
1098.12598846
1097.35113316
1096.43214905
1100.92237038
1100.82486927
1100.6299054
1100.33756179
1099.94794438
1099.46113163
1098.87744532
1098.20000526
1097.43882887
1096.55194763
1100.89951735
1100.80329692
1100.61089338
1100.32238887
1099.93789046
1099.45746732
1098.88133689
1098.21243239
1097.46353529
1096.61068879
1100.81324519
1100.71820401
1100.52815777
1100.24318712
1099.86339932
1099.38885441
1098.81965779
1098.158398
1097.41991642
1096.60357497
1100.65844682
1100.5644826
1100.37658866
1100.094843
1099.7193511
1099.25016333
1098.68727373
1098.03280752
1097.30255847
1096.52610522
1100.42968684
1100.33669868
1100.15075478
1099.87192919
1099.50032309
1099.03597508
1098.47876909
1097.83029404
1097.10578392
1096.36198575
1100.12125097
1100.02914209
1099.84495451
1099.56875775
1099.20064753
1098.74065067
1098.18854688
1097.54537429
1096.82501227
1096.08568751
1099.72719974
1099.63587946
1099.45326716
1099.17942834
1098.81445406
1098.3583636
1097.81084919
1097.17242435
1096.45554103
1095.71787597
1099.24142801
1099.1508125
1098.96960865
1098.69787941
1098.33571348
1097.88312864
1097.33974827
1096.70558681
1095.99161583
1095.25487668
1098.65773336
1098.56774494
1098.38779543
1098.11794769
1097.75829176
1097.30885152
1096.76920154
1096.13888128
1095.42730467
1094.69013429
1097.96989676
1097.88046155
1097.70162035
1097.43343935
1097.0760152
1096.62938834
1096.09311226
1095.46629756
1094.75678048
1094.01906662
1097.17177816
1097.0828223
1096.90494379
1096.63821617
1096.28274857
1095.83860844
1095.30535557
1094.68171854
1093.9739108
1093.23469367
1096.25742907
1096.16887364
1095.99180248
1095.72630129
1095.37249858
1094.93049979
1094.39989842
1093.77908656
1093.07258543
1092.33146176
1095.22122327
1095.1329775
1094.95653524
1094.69200048
1094.33953005
1093.89928167
1093.37091665
1092.75255537
1092.04699567
1091.30313822
1094.05800688
1093.9699594
1093.79392683
1093.53003869
1093.17849128
1092.73951217
1092.21287077
1091.59649558
1090.89142205
1090.14430345
1092.76326986
1092.67527777
1092.49937265
1092.23571718
1091.8845598
1091.4462191
1090.92062107
1090.30560158
1089.60039323
1088.84871
1091.33333928
1091.24521618
1091.06906782
1090.80509538
1090.45361036
1090.01504524
1089.48954247
1088.87498318
1088.16882393
1087.41159286
1089.76558932
1089.67709574
1089.50022355
1089.23520902
1088.88242438
1088.4424248
1087.91562564
1087.3001258
1086.59166945
1085.82678627
1088.05864995
1087.96949375
1087.79130919
1087.52434885
1087.16900801
1086.72591606
1086.19574833
1085.57695756
1084.86368405
1084.08784591
1086.212592
1086.1224377
1085.94229364
1085.67240955
1085.3131138
1084.86493565
1084.32857074
1083.70264512
1082.97954795
1082.18603127
1084.2291179
1084.13752379
1083.95477546
1083.68118375
1083.31691682
1082.8621058
1082.31684113
1081.67890991
1080.93722605
1080.10956474
1082.11202031
1082.01779324
1081.83164629
1081.55405981
1081.1851328
1080.72458196
1080.17112297
1079.51989955
1078.75243881
1077.84890385
)
;

boundaryField
{
    symmetric
    {
        type            symmetry;
    }
    emptyPatch
    {
        type            empty;
    }
    solid_to_water
    {
        type            compressible::turbulentTemperatureTwoPhaseRadCoupledMixed;
        refValue        nonuniform List<scalar> 
70
(
390.607595314
388.86171257
387.372607816
386.03577498
384.1620313
380.341911222
374.833803068
366.003476174
347.788328879
338.364591648
337.566427915
337.292397927
336.728653033
336.177662892
335.849288637
335.980648401
337.3572897
342.003587514
350.669419815
354.468090262
354.437595791
357.850985629
355.893624738
359.074148416
356.924671011
359.810228286
357.49543723
360.381027307
357.950340412
360.321028392
358.116271796
359.634684062
358.060276929
358.476187283
357.326770182
354.07991546
345.728328159
340.632571494
338.080620304
336.619818597
336.169304485
336.754043609
340.834360727
385.208840373
417.263462791
422.407366679
437.681795876
432.823692927
443.918513646
436.653570033
444.830789447
438.241923542
444.107185745
439.070411458
442.676782504
439.549746271
440.881417025
439.507293298
437.89145418
334.323788923
334.434485071
334.508670245
334.584036883
334.65452472
334.701905187
334.760420993
334.954860933
335.734234272
400.992433065
339.616698567
)
;
        refGradient     uniform 0;
        valueFraction   nonuniform List<scalar> 
70
(
0.000637067052721
0.000637518694154
0.000637926339849
0.000638312935244
0.000641372447057
0.000657800766909
0.00068871308648
0.000760537647429
0.00108740945374
0.00145315303953
0.000965214609426
0.000960966360756
0.000955134383038
0.000948325542572
0.000944165304025
0.00094779134566
0.000968688762343
0.00094172330547
0.000809030036429
0.000782753551712
0.000806517512032
0.000769402937904
0.000806988251406
0.000768203696855
0.000803216900134
0.000767958709859
0.000803421784035
0.000768138856316
0.000802951309106
0.000773326946411
0.000803430805475
0.000783707334979
0.00080526503678
0.000798395653024
0.000807844180017
0.00082839661441
0.000928907242613
0.000982966220848
0.000978304852618
0.000962231349061
0.000957439655189
0.000965490515807
0.000982855687134
0.000552210775225
0.000480687632166
0.000502879142495
0.000475690483591
0.000502725709883
0.000477199672381
0.00050249547587
0.000481574610953
0.000502187449848
0.000486523598434
0.000501797237071
0.000491952173576
0.000501319864971
0.000497373102524
0.000500749639652
0.000503360122358
0.00149930692295
0.00150571424134
0.00150927739704
0.00151260959235
0.00151527728403
0.00151658368306
0.00151840667239
0.0015245790677
0.00151972199251
0.000611114767809
0.00134118843479
)
;
        source          uniform 0;
        value           nonuniform List<scalar> 
70
(
1083.67450588
1083.50270026
1083.1590943
1082.64033332
1081.9369789
1081.03206464
1079.91803647
1078.58022195
1076.89322798
1075.13915157
1075.49840497
1077.08957723
1078.42076598
1079.61922195
1080.73329407
1081.78418684
1082.77898966
1083.77379396
1084.80116716
1085.70367516
1086.53227683
1087.37431019
1088.12542226
1088.90358807
1089.59189877
1090.30271585
1090.92505955
1091.5699248
1092.12590738
1092.6980934
1093.18769511
1093.67980587
1094.10127272
1094.50472099
1094.85316144
1095.1471295
1095.33522991
1095.51756983
1095.69553021
1095.82610777
1095.88826859
1095.876048
1095.79004758
1095.97002741
1095.75890823
1095.37905319
1094.94141142
1094.35710391
1093.70815808
1092.90444408
1092.01899825
1090.97481989
1089.82937719
1088.52222559
1087.09379705
1085.50225293
1083.76724723
1081.86343915
1079.78527668
1080.99212088
1080.89341129
1080.70499296
1080.42544896
1080.05519099
1079.59442907
1079.04055871
1078.38616787
1077.62472783
1077.43364717
1076.85717684
)
;
        kappaMethod     solidThermo;
        Tnbr            T.liquid;
        region          solid;
        otherPhase      gas;
    }
}


// ************************************************************************* //
