/*--------------------------------*- C++ -*----------------------------------*\
| =========                 |                                                 |
| \\      /  F ield         | OpenFOAM: The Open Source CFD Toolbox           |
|  \\    /   O peration     | Version:  2206                                  |
|   \\  /    A nd           | Website:  www.openfoam.com                      |
|    \\/     M anipulation  |                                                 |
\*---------------------------------------------------------------------------*/
FoamFile
{
    version     2.0;
    format      ascii;
    arch        "LSB;label=64;scalar=64";
    class       volScalarField;
    location    "1.4/solid";
    object      T;
}
// * * * * * * * * * * * * * * * * * * * * * * * * * * * * * * * * * * * * * //

dimensions      [0 0 0 1 0 0 0];

internalField   nonuniform List<scalar> 
500
(
1103.05837135
1102.97823628
1102.73768764
1102.31726117
1101.71893933
1100.94491292
1099.99126601
1098.84985726
1097.52296021
1096.08382957
1104.58055472
1104.44708461
1104.16494897
1103.72537525
1103.1247719
1102.36218619
1101.43822431
1100.35579598
1099.12513187
1097.77704094
1105.88561322
1105.74052696
1105.44706118
1105.0021233
1104.40394825
1103.65226602
1102.7483269
1101.69510948
1100.49915973
1099.18081238
1107.01329845
1106.86606743
1106.57080981
1106.12661424
1105.53297438
1104.79008544
1103.89894203
1102.8612311
1101.68038716
1100.37243598
1107.98384709
1107.83695673
1107.54296878
1107.10164767
1106.51292828
1105.77708018
1104.8947377
1103.86665632
1102.69445048
1101.3916674
1108.81518083
1108.66931214
1108.37749829
1107.93965521
1107.35577736
1106.62603307
1105.75076576
1104.7301784
1103.56474075
1102.26616535
1109.5250179
1109.3803788
1109.09102876
1108.65686503
1108.07780785
1107.35388067
1106.48521926
1105.47170022
1104.31291238
1103.0181671
1110.13073846
1109.98742519
1109.70069586
1109.27037999
1108.69628953
1107.97830841
1107.11642844
1106.11032918
1104.95884692
1103.66925062
1110.64859515
1110.50669186
1110.22274388
1109.79650429
1109.22767651
1108.51602236
1107.66143531
1106.6634819
1105.52029982
1104.23644885
1111.09315169
1110.95275566
1110.67178497
1110.24992088
1109.68676867
1108.98198659
1108.13540295
1107.14653144
1106.01282896
1104.7359974
1111.47705424
1111.33827811
1111.06051478
1110.64338372
1110.08640766
1109.38916331
1108.55145015
1107.57280139
1106.45003507
1105.18112771
1111.81103354
1111.67399928
1111.39969346
1110.98768632
1110.43743676
1109.74846511
1108.92058359
1107.95343743
1106.84329361
1105.58423048
1112.10403705
1111.96886649
1111.69826821
1111.29177567
1110.74880198
1110.06883588
1109.25175017
1108.29743238
1107.2017744
1105.95403713
1112.36342377
1112.23022922
1111.96356869
1111.56294932
1111.02775133
1110.35744128
1109.55195568
1108.61146181
1107.53160675
1106.2968618
1112.59518085
1112.46405834
1112.20153249
1111.80709335
1111.28009991
1110.6200054
1109.8268125
1108.90101097
1107.83818163
1106.61728277
1112.804135
1112.67516035
1112.41692494
1112.02890943
1111.51046161
1110.86102988
1110.08068865
1109.1703062
1108.12564111
1106.92034166
1112.9941435
1112.867371
1112.61353755
1112.23211966
1111.72245911
1111.08399808
1110.31686504
1109.42232081
1108.3965677
1107.20761584
1113.16825893
1113.04372241
1112.79436098
1112.419651
1111.91893202
1111.29163696
1110.5379232
1109.65942942
1108.65307019
1107.48169552
1113.32886567
1113.20658098
1112.96172533
1112.59377878
1112.10208318
1111.48606358
1110.74589389
1109.88360367
1108.89718221
1107.74444914
1113.47779041
1113.357758
1113.11741104
1112.75623694
1112.27358458
1111.66887267
1110.94227353
1110.09618558
1109.13001209
1107.9972225
1113.61638971
1113.49859716
1113.26273595
1112.90830458
1112.43466404
1111.84123042
1111.12815957
1110.29818605
1109.35248776
1108.24068806
1113.74561746
1113.63004136
1113.39862097
1113.05086935
1112.58616439
1112.00392299
1111.30426815
1110.49021565
1109.56508989
1108.47574298
1113.86607327
1113.75268061
1113.52563706
1113.18447402
1112.72859147
1112.15741089
1111.47100105
1110.67255555
1109.76781954
1108.70493074
1113.97803209
1113.86678078
1113.64403214
1113.30934051
1112.86213517
1112.30185229
1111.62850442
1110.84539312
1109.96091306
1108.92939776
1114.08145498
1113.97229319
1113.75373799
1113.42537077
1112.98665631
1112.43705324
1111.77650949
1111.0083172
1110.14349472
1109.14579902
1114.17598148
1114.0688469
1113.8543623
1113.53213955
1113.10168373
1112.56248206
1111.91440828
1111.16060789
1110.31456212
1109.35243908
1114.26090253
1114.15572204
1113.94516329
1113.62887124
1113.20639538
1112.67725872
1112.04126283
1111.30128152
1110.4728975
1109.54835723
1114.33511183
1114.23180189
1114.02500312
1113.71439586
1113.29957695
1112.78010977
1112.15572122
1111.42886621
1110.61654528
1109.73235223
1114.39703426
1114.29550127
1114.09227653
1113.78707809
1113.37955387
1112.86931551
1112.25602982
1111.54164763
1110.7436314
1109.90478643
1114.44453253
1114.34467288
1114.14481613
1113.84472048
1113.44408917
1112.94259147
1112.33985483
1111.63727557
1110.85122609
1110.05128429
1114.4747958
1114.3764954
1114.17977954
1113.88444893
1113.49026645
1112.99696889
1112.40416987
1111.71274167
1110.93721155
1110.14689303
1114.4842155
1114.38734922
1114.19352442
1113.90258538
1113.51435701
1113.02865095
1112.44509035
1111.7640682
1110.9982268
1110.21436508
1114.46825432
1114.37268677
1114.1814815
1113.89452518
1113.5117036
1113.03290487
1112.45777544
1111.78625773
1111.02908923
1110.25058545
1114.42131309
1114.32690152
1114.13802831
1113.85461892
1113.47661539
1113.00398033
1112.43639653
1111.77340025
1111.02387487
1110.24916804
1114.33660105
1114.24320032
1114.05636582
1113.77605571
1113.40225968
1112.93500612
1112.37401561
1111.7184362
1110.97527963
1110.20327268
1114.20601849
1114.11348727
1113.92840511
1113.65075561
1113.28056545
1112.81791714
1112.26256751
1111.61329352
1110.87521763
1110.10409655
1114.0200655
1113.92827203
1113.74467517
1113.4692772
1113.10213218
1112.64336789
1112.0927852
1111.44883631
1110.71478385
1109.94382019
1113.76779508
1113.67662092
1113.49426968
1113.2207569
1112.85615648
1112.40063513
1111.85404828
1111.21456397
1110.48352312
1109.71091185
1113.43683157
1113.3461728
1113.1648575
1112.89291086
1112.53042157
1112.07759144
1111.53434519
1110.89862411
1110.16981998
1109.39490783
1113.01347332
1112.92323915
1112.74277748
1112.47212198
1112.11137444
1111.66077204
1111.12033018
1110.48784389
1109.76075179
1108.98224928
1112.48289397
1112.3930026
1112.21323158
1111.94362434
1111.58429743
1111.13552632
1110.59743813
1109.96775846
1109.2419148
1108.45895433
1111.82945081
1111.7398227
1111.56058519
1111.29179535
1110.93358992
1110.48628968
1109.95015978
1109.32296111
1108.59813134
1107.80962272
1111.03710188
1110.94765057
1110.76877664
1110.50055707
1110.14315808
1109.69695742
1109.16238909
1108.53737221
1107.81341473
1107.01859153
1110.08992555
1110.00054626
1109.82182982
1109.5538805
1109.19690538
1108.75135393
1108.21786279
1107.59464919
1106.87138592
1106.06868095
1108.97272766
1108.88328461
1108.70445652
1108.43638027
1108.07931309
1107.63378972
1107.10068421
1106.47867976
1105.75582616
1104.9439254
1107.67171201
1107.58202641
1107.40272817
1107.13398429
1106.77609909
1106.32969234
1105.79590303
1105.17408947
1104.45106298
1103.62751775
1106.17517547
1106.0850171
1105.90478531
1105.63466061
1105.27495887
1104.82633278
1104.29014854
1103.66662031
1102.94191449
1102.10300084
1104.47417188
1104.38324872
1104.20152272
1103.92916929
1103.56642975
1103.11382372
1102.57271164
1101.94407589
1101.21399204
1100.35233158
1102.56307533
1102.47094261
1102.28706328
1102.01165971
1101.64479311
1101.1865662
1100.6378072
1099.99955493
1099.25755189
1098.35634859
1100.44017947
1100.3455697
1100.15856789
1099.87955303
1099.50841077
1099.04477545
1098.48845082
1097.83897298
1097.08145195
1096.11642489
)
;

boundaryField
{
    symmetric
    {
        type            symmetry;
    }
    emptyPatch
    {
        type            empty;
    }
    solid_to_water
    {
        type            compressible::turbulentTemperatureTwoPhaseRadCoupledMixed;
        refValue        nonuniform List<scalar> 
70
(
339.072782457
342.359038043
345.940622275
347.601869252
347.8886476
347.688194738
347.342338916
345.964122474
341.531642933
337.390586983
337.763009875
340.051778944
343.375928807
345.581307668
346.087788714
347.240566972
346.300371771
347.376010226
346.481161452
347.97105666
346.597420446
348.035266209
346.874890801
348.368276212
347.048255301
348.369683571
347.223186466
348.321532406
347.363866464
347.724214142
346.881785813
344.779678396
341.000350355
338.541672338
336.936938228
335.934447684
335.68313243
336.362268828
340.550370733
387.437935372
423.86734923
430.186069582
447.423360828
442.524310887
455.298002263
446.674802654
457.712226335
447.999631862
457.346353397
448.522698029
455.833378236
448.986651016
454.918526293
449.100299754
452.985454687
449.684534186
451.267696998
449.387162567
439.366114278
334.170830788
334.277488833
334.352384946
334.427289833
334.501950798
334.563874208
334.64678479
334.920487976
335.249458909
366.977101777
335.712621055
)
;
        refGradient     uniform 0;
        valueFraction   nonuniform List<scalar> 
70
(
0.00142636707104
0.00126389622376
0.00112517411145
0.0010728152208
0.00106084015479
0.00106026881631
0.00105969032127
0.00109183550041
0.00127116949638
0.00149651740028
0.000981738196766
0.000982419686452
0.000942881954943
0.000911507407261
0.000909294863657
0.000888244603141
0.000910241977874
0.000888801634234
0.000909612474371
0.000879364561718
0.000909998738059
0.000881223317773
0.000907684729856
0.000878588078174
0.000908061167342
0.000882915542563
0.000908775834005
0.000888215224873
0.000909074543164
0.000901270347177
0.000911881529349
0.000933763679097
0.00098342005185
0.00099234421025
0.000979352624095
0.000965160926189
0.000962266548456
0.000971630114069
0.000991928883199
0.000544933744512
0.000467701579649
0.000489351394005
0.000462111916796
0.000488066654539
0.000461624879654
0.000488047359112
0.000462463045186
0.000488694926493
0.000465963441453
0.000489177121541
0.000470921878334
0.000489131701654
0.000474496254466
0.000490023867284
0.000480591881777
0.000490211689672
0.000486765951685
0.000490843238464
0.000504366226645
0.00151913038623
0.00152524693635
0.00152885289115
0.00153218476359
0.0015350680081
0.00153691112364
0.00153954473641
0.00154697479459
0.00154666278459
0.000806711383505
0.0015392931501
)
;
        source          uniform 0;
        value           nonuniform List<scalar> 
70
(
1101.97159395
1102.01988782
1101.88873282
1101.50992908
1100.9215044
1100.14850707
1099.19590711
1098.02999095
1096.56407043
1094.95083268
1095.34175904
1097.0348987
1098.46987016
1099.68564143
1100.70600864
1101.59632138
1102.3304684
1102.99783966
1103.54827883
1104.0712033
1104.49198054
1104.91746848
1105.26631461
1105.63191782
1105.92905599
1106.25188548
1106.51876361
1106.80905648
1107.05534083
1107.31421511
1107.54897758
1107.7657312
1107.95405793
1108.16948327
1108.39427415
1108.61085565
1108.80889662
1108.98661792
1109.14801407
1109.65756615
1109.82465666
1109.88061538
1109.94289439
1109.9222994
1109.89960077
1109.77938748
1109.64089806
1109.38666578
1109.08987301
1108.65833006
1108.1505042
1107.48653201
1106.70809838
1105.74588728
1104.62955109
1103.30598042
1101.78508089
1100.03160049
1098.0226357
1099.2776722
1099.17868339
1098.98932149
1098.70829975
1098.33563404
1097.87138409
1097.31401592
1096.66041766
1095.90565887
1095.53049347
1094.94821243
)
;
        kappaMethod     solidThermo;
        Tnbr            T.liquid;
        region          solid;
        otherPhase      gas;
    }
}


// ************************************************************************* //
