/*--------------------------------*- C++ -*----------------------------------*\
| =========                 |                                                 |
| \\      /  F ield         | OpenFOAM: The Open Source CFD Toolbox           |
|  \\    /   O peration     | Version:  2206                                  |
|   \\  /    A nd           | Website:  www.openfoam.com                      |
|    \\/     M anipulation  |                                                 |
\*---------------------------------------------------------------------------*/
FoamFile
{
    version     2.0;
    format      ascii;
    arch        "LSB;label=64;scalar=64";
    class       volScalarField;
    location    "1.3/solid";
    object      T;
}
// * * * * * * * * * * * * * * * * * * * * * * * * * * * * * * * * * * * * * //

dimensions      [0 0 0 1 0 0 0];

internalField   nonuniform List<scalar> 
500
(
1104.4751525
1104.39838901
1104.15203149
1103.72864757
1103.12828956
1102.35217126
1101.39929105
1100.26818571
1098.95500437
1097.50726096
1106.0269949
1105.89264381
1105.60927773
1105.16784197
1104.56453305
1103.79861558
1102.87123865
1101.78640696
1100.55341538
1099.18768816
1107.31125051
1107.16534208
1106.87042132
1106.42334696
1105.82235768
1105.06730054
1104.15967524
1103.10305026
1101.90312032
1100.56225505
1108.39466548
1108.24684486
1107.95043383
1107.50453897
1106.90868526
1106.1630951
1105.26884384
1104.22810103
1103.0437823
1101.71350081
1109.3106974
1109.16349919
1108.86890792
1108.4267019
1107.83680299
1107.09939033
1106.21499043
1105.18472648
1104.01013802
1102.68694609
1110.08501688
1109.93917661
1109.6474203
1109.20964673
1108.62576935
1107.89573752
1107.0195804
1105.9977108
1104.83102177
1103.51449529
1110.73981458
1110.59554258
1110.30691102
1109.87376234
1109.29586597
1108.57290204
1107.70448506
1106.69054708
1105.53181971
1104.22323112
1111.29456016
1111.15192851
1110.86653108
1110.43810799
1109.86625811
1109.15040897
1108.28982657
1107.28407161
1106.13396574
1104.83483136
1111.76619024
1111.6252528
1111.34319257
1110.91964498
1110.35404813
1109.64560596
1108.79327927
1107.79629466
1106.6557157
1105.36765608
1112.16920269
1112.03002781
1111.75144665
1111.33300192
1110.77399196
1110.07342751
1109.22999357
1108.24258152
1107.11262863
1105.83787564
1112.51581408
1112.37848758
1112.10356573
1111.6905161
1111.13852387
1110.44644094
1109.61270706
1108.63586737
1107.51792251
1106.26035764
1112.816189
1112.68080594
1112.40974304
1112.00241177
1111.45791305
1110.77497842
1109.95183944
1108.98665823
1107.88195872
1106.64595496
1113.07870529
1112.94535879
1112.67834993
1112.27705198
1111.74050903
1111.06737146
1110.25570736
1109.30325408
1108.21277239
1107.00487656
1113.31021946
1113.17899132
1112.91620775
1112.52121901
1111.99303575
1111.33026143
1110.53084532
1109.59207123
1108.51623882
1107.34197623
1113.51630881
1113.38726356
1113.12884053
1112.74037929
1112.22087584
1111.56891488
1110.78237014
1109.85808035
1108.79695015
1107.64313704
1113.70148024
1113.57466233
1113.32069356
1112.9389124
1112.4283148
1111.78748935
1111.01427359
1110.105102
1109.05915651
1107.91744372
1113.86934602
1113.74477994
1113.49531802
1113.12030475
1112.61874684
1111.98925447
1111.22966627
1110.33608087
1109.30599242
1108.17712864
1114.02277005
1113.9004625
1113.65552361
1113.28730918
1112.79484408
1112.17677194
1111.4309617
1110.55323733
1109.53938026
1108.4228896
1114.1639889
1114.04393175
1113.80350218
1113.44207222
1112.95869228
1112.35205163
1111.62008145
1110.75840734
1109.76110506
1108.65728504
1114.29471256
1114.17688524
1113.94092618
1113.58622826
1113.11187402
1112.51660854
1111.79845359
1110.95292041
1109.97247752
1108.88074495
1114.41620902
1114.30058014
1114.06903095
1113.72097923
1113.25554471
1112.67153436
1111.96707842
1111.13764045
1110.17416358
1109.0952121
1114.52937432
1114.41590301
1114.18868409
1113.84716444
1113.39050664
1112.8175867
1112.12666432
1111.31323871
1110.36688812
1109.30018766
1114.63478702
1114.52342378
1114.30043836
1113.96531116
1113.51725355
1112.95521716
1112.27760787
1111.48003354
1110.55085853
1109.49749033
1114.73274522
1114.62343223
1114.40456701
1114.07566815
1113.63600273
1113.08460699
1112.42005501
1111.63814874
1110.72617412
1109.68530056
1114.82328411
1114.71595512
1114.50107971
1114.1782193
1113.74670398
1113.20566528
1112.5538716
1111.78741875
1110.89271218
1109.86501354
1114.90617285
1114.80075282
1114.5897187
1114.27267781
1113.84902726
1113.31799684
1112.6785574
1111.92717012
1111.04954748
1110.03425648
1114.98088917
1114.87729462
1114.66993587
1114.35846837
1113.94235924
1113.42093787
1112.79338209
1112.05658773
1111.19580354
1110.19326106
1115.04656947
1114.94470871
1114.74084259
1114.43467594
1114.02574729
1113.51348465
1112.89727161
1112.17449645
1111.33014835
1110.3393702
1115.10193442
1115.00170789
1114.80113561
1114.49997264
1114.09782984
1113.59423141
1112.98875877
1112.27933654
1111.45093965
1110.47205888
1115.14519107
1115.04649134
1114.84899824
1114.55251806
1114.15673629
1113.66127575
1113.06591937
1112.36919841
1111.55636297
1110.58852661
1115.17391363
1115.07662482
1114.88197881
1114.58983282
1114.1999472
1113.71204171
1113.12609405
1112.44129607
1111.64348118
1110.68647759
1115.18490658
1115.08890448
1114.89685579
1114.6086662
1114.22416757
1113.7431694
1113.16582519
1112.49201708
1111.70849923
1110.76093464
1115.17405311
1115.07920691
1114.88949122
1114.60485526
1114.2251952
1113.75039808
1113.18076529
1112.51687906
1111.74678671
1110.80694734
1115.13615269
1115.04232851
1114.85467419
1114.57317455
1114.19777754
1113.72842591
1113.1655198
1112.51030364
1111.75256338
1110.81776204
1115.06475409
1114.97182028
1114.78595949
1114.50718294
1114.13547607
1113.67081452
1113.11364758
1112.46583521
1111.71958625
1110.78682479
1114.95199519
1114.85982775
1114.67550808
1114.39906498
1114.03050811
1113.56982557
1113.01746717
1112.37582676
1111.64044932
1110.71442998
1114.78846746
1114.69695404
1114.51394707
1114.23948546
1113.87359188
1113.41624927
1112.86785999
1112.23121779
1111.50578868
1110.59888447
1114.56312775
1114.47216947
1114.29027482
1114.01748756
1113.65383561
1113.19928508
1112.65415211
1112.02147145
1111.30469113
1110.42292459
1114.26328208
1114.17279299
1113.99183736
1113.72046109
1113.35869349
1112.90647764
1112.36401224
1111.73439633
1111.02482655
1110.16944847
1113.87466395
1113.78456828
1113.6044001
1113.33420735
1112.97402073
1112.52376018
1111.98348706
1111.3561914
1110.65243493
1109.82434302
1113.38162596
1113.29185337
1113.11233341
1112.84311887
1112.48424673
1112.03562192
1111.49716615
1110.8716053
1110.17229629
1109.37354579
1112.76745742
1112.67793621
1112.4989238
1112.23048333
1111.87266689
1111.42537859
1110.88840987
1110.26408234
1109.56767277
1108.80145144
1112.014833
1111.92548147
1111.74681693
1111.47892046
1111.12187159
1110.67559365
1110.13977246
1109.51623344
1108.82090538
1108.08899722
1111.10638633
1111.01710246
1110.83858588
1110.5709443
1110.21429958
1109.76862024
1109.23352654
1108.61032589
1107.914298
1107.19723156
1110.02538929
1109.93603947
1109.75740672
1109.48963229
1109.13289409
1108.68723397
1108.1522579
1107.52879167
1106.83102537
1106.11360311
1108.75650306
1108.66691199
1108.48781248
1108.21937927
1107.86184994
1107.41535931
1106.87955548
1106.25486271
1105.55433455
1104.83370431
1107.28654937
1107.19649491
1107.01648281
1106.74671038
1106.3874541
1105.93892564
1105.40083752
1104.7732912
1104.06826343
1103.34250339
1105.60522731
1105.51443524
1105.33298763
1105.0611009
1104.69904724
1104.24704119
1103.70479088
1103.07205437
1102.35975393
1101.62608588
1103.70571228
1103.6137694
1103.43029077
1103.15560128
1102.78997737
1102.33357213
1101.78594313
1101.14624668
1100.42346997
1099.67388761
1101.58565912
1101.49132547
1101.30488794
1101.02693129
1100.65790419
1100.19800418
1099.64645368
1099.00127716
1098.26704176
1097.4781181
)
;

boundaryField
{
    symmetric
    {
        type            symmetry;
    }
    emptyPatch
    {
        type            empty;
    }
    solid_to_water
    {
        type            compressible::turbulentTemperatureTwoPhaseRadCoupledMixed;
        refValue        nonuniform List<scalar> 
70
(
343.997445343
348.179721564
348.131017583
348.214950046
347.682795386
347.637936441
347.135088476
346.953225778
343.516203494
338.516769959
338.525375301
338.774293015
338.619573958
338.317120826
337.946049911
337.497700529
336.973521163
336.415245376
335.941937007
335.705507345
335.679043108
336.165266882
337.994577018
345.477593284
361.521635747
364.06404068
372.296642588
369.761400468
377.990368189
373.286114637
381.276126438
375.64789924
382.882180266
377.438689716
384.204615822
378.953381394
384.288457093
379.487814018
383.561865668
378.866351533
381.477509527
378.887295549
379.500493028
376.936023295
369.455573927
351.315534084
342.310897256
338.834247854
337.109053011
336.507329133
336.768388992
339.086156029
351.305288922
400.071567894
426.531431047
437.449864742
442.537092309
445.537187817
440.678459845
334.172843514
334.276258849
334.346909374
334.415287891
334.480556799
334.534787115
334.572625203
334.638082085
334.944156053
398.891491494
336.120571202
)
;
        refGradient     uniform 0;
        valueFraction   nonuniform List<scalar> 
70
(
0.0011438049694
0.00102273503423
0.00103355870949
0.00102435321765
0.0010365303724
0.00102842842738
0.00103854168983
0.00103490462028
0.00116196242279
0.00142250694364
0.000985709456072
0.000986384211158
0.000986759526461
0.000986587476832
0.000985636415993
0.000983275756849
0.000978840008264
0.000972227890909
0.000965350879092
0.000962265216242
0.000962798201322
0.000972189398019
0.000992011692417
0.000869077619663
0.000667814192805
0.000693806065404
0.00064395782756
0.00069137261444
0.000635549245215
0.000687573490103
0.000632372156344
0.000684413314045
0.000634795306346
0.000681960692665
0.000636146298314
0.000678748144837
0.000642032683799
0.00067884714275
0.000649492939541
0.000684847905893
0.000665546573484
0.00068584991789
0.000679424527965
0.000691320478148
0.00072131233457
0.000881920764449
0.000984170045806
0.000991910661057
0.000978483007647
0.000973023776062
0.000976969136906
0.000992919250834
0.000863561424563
0.000539736366352
0.000496262637465
0.000491882874165
0.000492180205814
0.000491765370157
0.000506828136598
0.0015195457203
0.00152568783297
0.00152926204338
0.00153249433174
0.00153527119498
0.00153727258188
0.00153832087108
0.00154040187791
0.00154825627977
0.000641865390354
0.00152067494865
)
;
        source          uniform 0;
        value           nonuniform List<scalar> 
70
(
1103.60664438
1103.62669931
1103.37260662
1102.95671184
1102.34728466
1101.57796771
1100.61789805
1099.49037305
1098.0789664
1096.42964138
1096.76117589
1098.43988007
1099.81263453
1100.96254447
1101.93535895
1102.76341862
1103.4743051
1104.08979386
1104.62689976
1105.09885396
1105.52062876
1105.89937947
1106.24497849
1106.68134426
1107.14352331
1107.40040455
1107.70164868
1107.91137061
1108.19135128
1108.37426899
1108.63354728
1108.79752277
1109.03507745
1109.18558019
1109.40247054
1109.53786278
1109.72660778
1109.84329238
1109.99967462
1110.08778389
1110.20135828
1110.25958821
1110.3106892
1110.31128292
1110.25347848
1110.04861254
1109.84847676
1109.66375032
1109.41932014
1109.07840885
1108.62561872
1108.04460319
1107.44131124
1106.81663642
1105.77662011
1104.50555548
1103.01733849
1101.30343064
1099.33996488
1100.42111151
1100.3223673
1100.13358124
1099.85367435
1099.48318182
1099.02253909
1098.47109675
1097.82536614
1097.08641584
1097.03110517
1096.32172518
)
;
        kappaMethod     solidThermo;
        Tnbr            T.liquid;
        region          solid;
        otherPhase      gas;
    }
}


// ************************************************************************* //
