/*--------------------------------*- C++ -*----------------------------------*\
| =========                 |                                                 |
| \\      /  F ield         | OpenFOAM: The Open Source CFD Toolbox           |
|  \\    /   O peration     | Version:  2206                                  |
|   \\  /    A nd           | Website:  www.openfoam.com                      |
|    \\/     M anipulation  |                                                 |
\*---------------------------------------------------------------------------*/
FoamFile
{
    version     2.0;
    format      ascii;
    arch        "LSB;label=64;scalar=64";
    class       volScalarField;
    location    "0.6/solid";
    object      T;
}
// * * * * * * * * * * * * * * * * * * * * * * * * * * * * * * * * * * * * * //

dimensions      [0 0 0 1 0 0 0];

internalField   nonuniform List<scalar> 
500
(
1115.88985951
1115.71399824
1115.35844133
1114.81734214
1114.08285628
1113.14610771
1112.00094861
1110.64653095
1109.09188238
1107.47735962
1116.55526295
1116.38473767
1116.04199831
1115.52465926
1114.83034065
1113.95821322
1112.9123401
1111.70592184
1110.36322607
1108.92182725
1117.15038651
1116.98727989
1116.66068108
1116.17026364
1115.5163739
1114.70101089
1113.72921318
1112.6100804
1111.35484951
1109.97187963
1117.66932131
1117.5132505
1117.20113933
1116.73326445
1116.11049212
1115.33474986
1114.40952408
1113.33977262
1112.12905202
1110.77362116
1118.10932616
1117.95893908
1117.6582182
1117.20738452
1116.60699842
1115.85818445
1114.962862
1113.92351058
1112.74007392
1111.40237928
1118.47163363
1118.32558273
1118.0334376
1117.59518398
1117.01093486
1116.2810678
1115.40642049
1114.38818558
1113.22472323
1111.90135313
1118.76223826
1118.61950601
1118.33389561
1117.90517399
1117.33309634
1116.6175219
1115.75864377
1114.75710277
1113.61080105
1112.301279
1118.99028745
1118.85020808
1118.56983015
1118.14877196
1117.58656125
1116.882747
1116.03716746
1115.05031701
1113.92034586
1112.6252984
1119.16630747
1119.02849094
1118.75259804
1118.33816741
1117.78461
1117.09131676
1116.25795112
1115.28510096
1114.1717971
1112.89297304
1119.30083723
1119.16508153
1118.89329588
1118.48499224
1117.9395445
1117.25628603
1116.43479918
1115.47584432
1114.37980902
1113.12047729
1119.40352198
1119.26974108
1119.0019095
1118.59954988
1118.06205413
1117.3887668
1116.57925092
1115.63449823
1114.55680563
1113.32164011
1119.48260711
1119.35077861
1119.08686906
1118.69043661
1118.16092744
1117.49774138
1116.70044601
1115.77020715
1114.71149563
1113.50394893
1119.54474658
1119.41487644
1119.154909
1118.76445351
1118.24303263
1117.59012911
1116.80532216
1115.88983751
1114.85040386
1113.67325396
1119.59503523
1119.46713544
1119.21113907
1118.82671549
1118.31347621
1117.67100372
1116.89889366
1115.9983022
1114.97814891
1113.83438662
1119.63718107
1119.5112565
1119.25924414
1118.88087882
1118.37586792
1117.74390447
1116.9846027
1116.09888326
1115.09745862
1113.99122817
1119.67374664
1119.54978789
1119.30174303
1118.92941611
1118.43261545
1117.8111559
1117.06469029
1116.1937773
1115.21002101
1114.14721865
1119.70640633
1119.58438607
1119.34025573
1118.9738913
1118.48520512
1117.87414142
1117.14041311
1116.28413919
1115.31624329
1114.2994906
1119.73618606
1119.61605774
1119.3757503
1119.01521389
1118.53446765
1117.9335931
1117.2123934
1116.37057096
1115.41708702
1114.4149511
1119.76366677
1119.64536533
1119.40875179
1119.05385227
1118.58079485
1117.98980471
1117.28080304
1116.45313667
1115.51371724
1114.52207825
1119.78914476
1119.67258884
1119.43950725
1119.09000329
1118.624315
1118.04281583
1117.3455726
1116.53165746
1115.60599748
1114.62370087
1119.81274913
1119.69784437
1119.46810657
1119.123717
1118.66502416
1118.09255333
1117.40654328
1116.60586998
1115.69350217
1114.72011617
1119.83452134
1119.72116399
1119.49456273
1119.1549769
1118.70286462
1118.13890245
1117.46351734
1116.67545415
1115.77578971
1114.81008742
1119.85446533
1119.74254573
1119.51886174
1119.18375074
1118.73777968
1118.18177708
1117.51638149
1116.74030411
1115.852848
1114.89508557
1119.87257661
1119.76198198
1119.5409896
1119.21001443
1118.7697309
1118.22111837
1117.56504546
1116.80028243
1115.9244893
1114.9730369
1119.8888584
1119.77947516
1119.56094687
1119.23376549
1118.79871113
1118.25691099
1117.60947552
1116.85530904
1115.99051257
1115.04538971
1119.90333082
1119.79504628
1119.57875637
1119.25502952
1118.82475066
1118.28919432
1117.64973221
1116.90551283
1116.05125541
1115.11107947
1119.91603581
1119.80873967
1119.59446675
1119.27386078
1118.84790912
1118.31802899
1117.6858624
1116.95089805
1116.10666785
1115.17165914
1119.92703722
1119.82062318
1119.60815348
1119.29034485
1118.86828295
1118.34351943
1117.71796738
1116.99154006
1116.15673983
1115.22570373
1119.9364119
1119.83077945
1119.61991006
1119.3045899
1118.8859968
1118.36580511
1117.74619347
1117.02758715
1116.20165256
1115.27407758
1119.94422647
1119.83928233
1119.62982392
1119.31670139
1118.90117512
1118.38502428
1117.770678
1117.05916628
1116.24159277
1115.31639967
1119.95049299
1119.84615243
1119.63793206
1119.326739
1118.9139044
1118.40129033
1117.79154841
1117.08637933
1116.27656707
1115.35309926
1119.95509448
1119.85128239
1119.6441459
1119.33464142
1118.92415883
1118.41462138
1117.80887182
1117.10934768
1116.3068225
1115.38327586
1119.95766793
1119.85431933
1119.64813269
1119.34010604
1118.93167611
1118.4248049
1117.82248281
1117.1279146
1116.33222254
1115.4074531
1119.95742856
1119.85448847
1119.64913798
1119.34240965
1118.93577691
1118.43122106
1117.83183374
1117.14159522
1116.35241344
1115.4246171
1119.9529148
1119.85033745
1119.64572821
1119.34014826
1118.93509973
1118.43256783
1117.83569947
1117.14923976
1116.36643993
1115.43367362
1119.9416311
1119.83937843
1119.63543161
1119.33087566
1118.92723566
1118.42648945
1117.83179567
1117.14863692
1116.37241152
1115.43272041
1119.9195682
1119.81760789
1119.6142567
1119.31061997
1118.90824205
1118.40908665
1117.81628414
1117.13598889
1116.36679762
1115.4207867
1119.88059206
1119.77889524
1119.57608033
1119.2732703
1118.87202661
1118.37429492
1117.78313926
1117.10526228
1116.34346671
1115.40454942
1119.81571536
1119.71425419
1119.51191873
1119.20984811
1118.80962043
1118.31316364
1117.72344611
1117.0475552
1116.29287388
1115.37505444
1119.71230064
1119.61104549
1119.40912966
1119.10770783
1118.70837612
1118.21304895
1117.62457901
1116.95025563
1116.20189247
1115.31002974
1119.55328959
1119.45220589
1119.25064038
1118.9497637
1118.55119268
1118.05683535
1117.46941705
1116.7962398
1116.05315082
1115.18881508
1119.31660063
1119.21564503
1119.01434356
1118.71388432
1118.31590958
1117.82233267
1117.23575451
1116.56332177
1115.8243439
1114.98961769
1118.97487458
1118.87399001
1118.6728393
1118.37263047
1117.97503749
1117.48199353
1116.89598723
1116.22385753
1115.48752323
1114.68553897
1118.49576152
1118.39487097
1118.19371784
1117.89353267
1117.4960281
1117.00317342
1116.41736409
1115.74500613
1115.00935676
1114.24292924
1117.84291344
1117.74191327
1117.5405501
1117.24007746
1116.84225175
1116.3490957
1115.76294261
1115.08971533
1114.35257271
1113.60740458
1116.97776811
1116.8765237
1116.67467746
1116.37349874
1115.97478064
1115.48060131
1114.89324996
1114.2181592
1113.47774939
1112.73358888
1115.86208491
1115.76043529
1115.55777606
1115.25537149
1114.85501362
1114.35878125
1113.76885099
1113.09008443
1112.34405772
1111.59514382
1114.46104529
1114.35882226
1114.15501295
1113.85084527
1113.44802493
1112.94844983
1112.35386763
1111.66816674
1110.91197637
1110.15319902
1112.74653434
1112.64356616
1112.43835064
1112.13205122
1111.72616408
1111.22204901
1110.6202575
1109.92250789
1109.1473037
1108.36377492
1110.69945775
1110.59521346
1110.38842814
1110.08000071
1109.67115116
1109.16245882
1108.55265921
1107.84116348
1107.04994254
1106.2573385
)
;

boundaryField
{
    symmetric
    {
        type            symmetry;
    }
    emptyPatch
    {
        type            empty;
    }
    solid_to_water
    {
        type            compressible::turbulentTemperatureTwoPhaseRadCoupledMixed;
        refValue        nonuniform List<scalar> 
70
(
439.883083452
438.499976209
436.775532315
435.239611055
433.632083202
430.858275951
421.696873499
392.137570078
349.84439223
339.198026078
342.189739592
343.047925331
343.378936848
343.158371132
343.231164957
342.990806179
342.982375827
342.683459037
341.731551783
339.988518407
338.404685261
337.062986055
336.0122502
335.512563201
335.808891097
338.388381618
359.844157425
380.05749274
394.71687104
392.663917092
404.621579431
397.164746465
408.206754837
399.185365777
408.848469662
400.09859653
407.908766452
400.411259609
405.788911253
399.617609856
404.009149299
399.404378268
402.067611497
399.275460465
400.151911497
394.794663443
371.350178136
348.888545345
341.403491933
338.445976946
337.163074509
337.051741829
338.596228551
346.433000178
386.48408276
417.939312123
431.941126106
437.915414303
431.933275469
334.334236097
334.421730413
334.46843855
334.519944819
334.576057595
334.629802207
334.706134677
334.945270065
335.955268126
400.320153061
342.907032108
)
;
        refGradient     uniform 0;
        valueFraction   nonuniform List<scalar> 
70
(
0.000488959810065
0.000487503917527
0.000487508548016
0.000487388788628
0.000487811657842
0.000491925365878
0.000515952382266
0.00063946502585
0.00114878266152
0.00147573584867
0.000960227657207
0.000964179177289
0.000961807236583
0.00096648565168
0.000964263952024
0.000968413202791
0.000967340545007
0.000970301441993
0.000979073556971
0.000993981045821
0.000995155065588
0.000984406227919
0.000969593072011
0.000961445040104
0.000967034259068
0.000995449503442
0.000713089529496
0.000609046016856
0.000564480938045
0.000603551257492
0.00055651198523
0.00060360779293
0.000555905291499
0.000603650545215
0.000559974575463
0.000603682217875
0.000566894260385
0.000603704160156
0.000577079167383
0.000607474582346
0.000585676076903
0.000609432020487
0.000596213458809
0.000610669434891
0.000602661687657
0.000612719203701
0.000721514203399
0.000926577518943
0.00099599854476
0.000991601980747
0.000981924487029
0.000983255760728
0.000995877669182
0.000925894798931
0.000585966040428
0.00050923723089
0.000498262297497
0.000498095800047
0.000520948116408
0.00154053087409
0.00154470230947
0.00154641919252
0.00154822483292
0.00154997519177
0.00155128415213
0.001553045245
0.00155820988721
0.00153786649385
0.000628494583602
0.00121539393086
)
;
        source          uniform 0;
        value           nonuniform List<scalar> 
70
(
1115.56102
1115.3855697
1115.02935808
1114.48784927
1113.75259742
1112.81200015
1111.64611049
1110.18851801
1108.22195655
1106.34512828
1106.74405609
1108.18515174
1109.2363518
1110.03360586
1110.66352816
1111.15870404
1111.55910316
1111.88036732
1112.14034901
1112.35480135
1112.5535413
1112.7427945
1112.922496
1113.08953025
1113.24259243
1113.37970123
1113.76220671
1113.96667344
1114.11403496
1114.18689852
1114.32317496
1114.37595955
1114.50058014
1114.54011974
1114.64845645
1114.67870718
1114.76944033
1114.79352448
1114.86360935
1114.88110797
1114.93562506
1114.9464606
1114.9814518
1114.98679733
1115.00194756
1114.99065885
1114.88519055
1114.69905787
1114.61039328
1114.54622025
1114.43160552
1114.23186279
1113.92040186
1113.53910471
1113.1832359
1112.38036917
1111.25689064
1109.81874064
1108.01176148
1109.50569889
1109.39851218
1109.19077862
1108.88149393
1108.47199583
1107.96315832
1107.35303939
1106.63878282
1105.86510112
1105.81368291
1105.32958927
)
;
        kappaMethod     solidThermo;
        Tnbr            T.liquid;
        region          solid;
        otherPhase      gas;
    }
}


// ************************************************************************* //
