/*--------------------------------*- C++ -*----------------------------------*\
| =========                 |                                                 |
| \\      /  F ield         | OpenFOAM: The Open Source CFD Toolbox           |
|  \\    /   O peration     | Version:  2206                                  |
|   \\  /    A nd           | Website:  www.openfoam.com                      |
|    \\/     M anipulation  |                                                 |
\*---------------------------------------------------------------------------*/
FoamFile
{
    version     2.0;
    format      ascii;
    arch        "LSB;label=64;scalar=64";
    class       volScalarField;
    location    "4.7/solid";
    object      T;
}
// * * * * * * * * * * * * * * * * * * * * * * * * * * * * * * * * * * * * * //

dimensions      [0 0 0 1 0 0 0];

internalField   nonuniform List<scalar> 
500
(
1069.7525786
1069.58586153
1069.24863511
1068.73752431
1068.04549449
1067.16312393
1066.07852236
1064.79196973
1063.36704019
1061.92828966
1070.56978847
1070.4073733
1070.08186699
1069.59244937
1068.9384756
1068.12064101
1067.14295887
1066.01729378
1064.77240419
1063.45210647
1071.44252883
1071.28685203
1070.97573919
1070.50990197
1069.89094986
1069.12210903
1068.20915876
1067.16148849
1065.99338451
1064.72198947
1072.35595734
1072.20648285
1071.90804019
1071.46175798
1070.86958586
1070.13455383
1069.26097028
1068.25447609
1067.12272256
1065.87543529
1073.29223494
1073.14766097
1072.85899293
1072.42723425
1071.85396469
1071.14137801
1070.29220582
1069.30951972
1068.19774415
1066.9690432
1074.23780304
1074.0968927
1073.81543094
1073.39414557
1072.83412503
1072.13678217
1071.30370778
1070.33638788
1069.23715781
1068.01914688
1075.18283818
1075.04467623
1074.76858733
1074.35504061
1073.80471502
1073.11845307
1072.29711144
1071.34120882
1070.25158039
1069.03957903
1076.1203467
1075.98434731
1075.71248615
1075.30503645
1074.76238418
1074.08499278
1073.2732685
1072.32712354
1071.24617144
1070.03935533
1077.04527679
1076.91111139
1076.64285023
1076.24063236
1075.70464951
1075.03512669
1074.23220764
1073.29542164
1072.22327973
1071.02206599
1077.95381729
1077.82133482
1077.55639541
1077.15905215
1076.62937479
1075.96744668
1075.17327472
1074.24615855
1073.18356517
1071.98853795
1078.84290257
1078.71206465
1078.45038762
1078.05787258
1077.53451627
1076.88032202
1076.0952397
1075.17845062
1074.12642456
1072.93862114
1079.70988443
1079.58071856
1079.32237113
1078.93481498
1078.4180073
1077.77191281
1076.99648135
1076.09087733
1075.05064632
1073.87088637
1080.5523238
1080.42489062
1080.17000252
1079.78762062
1079.27768617
1078.64015553
1077.87502776
1076.98156443
1075.95451572
1074.78442178
1081.36786502
1081.24223604
1080.99095579
1080.61398437
1080.11126175
1079.48275274
1078.72853378
1077.84806271
1076.83547907
1075.67590967
1082.15416499
1082.03040861
1081.78287641
1081.41153394
1080.91632823
1080.29723872
1079.55442572
1078.68760972
1077.69053716
1076.54306977
1082.90885562
1082.78702906
1082.54336123
1082.17782692
1081.69038493
1081.08103198
1080.35001481
1079.49738717
1078.51678234
1077.38228284
1083.62952477
1083.50966981
1083.26995078
1082.91035333
1082.43084959
1081.8314505
1081.11247642
1080.27435159
1079.31090484
1078.19078244
1084.31370652
1084.19584789
1083.96012742
1083.6065421
1083.135078
1082.5457579
1081.83896621
1081.01554308
1080.06987337
1078.96502843
1084.95887528
1084.84302073
1084.6113141
1084.26376358
1083.80036878
1083.22116018
1082.52656659
1081.71785028
1080.79030135
1079.70194335
1085.56244043
1085.44858181
1085.22087241
1084.87933099
1084.42396991
1083.85482245
1083.17233606
1082.37817525
1081.46890269
1080.39782405
1086.12173929
1086.00985421
1085.78609681
1085.45049581
1085.00307596
1084.44387111
1083.7733271
1082.9934843
1082.10256778
1081.04979167
1086.63402824
1086.5240816
1086.30420556
1085.9744381
1085.5348159
1084.98537135
1084.32652546
1083.56063748
1082.68799673
1081.65432512
1087.09647314
1086.98841859
1086.77233071
1086.44825585
1086.01624218
1085.47632003
1084.82886791
1084.07649773
1083.22197744
1082.2110554
1087.50614049
1087.3999219
1087.18750943
1086.86895697
1086.44432357
1085.91363697
1085.27721254
1084.53780534
1083.7008634
1082.71765545
1087.85998955
1087.75554253
1087.54667617
1087.23345105
1086.81593649
1086.29415782
1085.66835062
1084.94128845
1084.12107644
1083.16802482
1088.15486637
1088.05211967
1087.84665645
1087.53854307
1087.12785883
1086.6146291
1085.99900362
1085.28365739
1084.47920111
1083.55764461
1088.38750026
1088.28637723
1088.08416338
1087.78092996
1087.37676543
1086.87169651
1086.26578016
1085.56145602
1084.77148909
1083.88282553
1088.55450325
1088.45492301
1088.25579656
1087.95719955
1087.55922961
1087.06191827
1086.46523362
1085.77126483
1084.99435286
1084.14093549
1088.65237353
1088.5542517
1088.35804382
1088.0638299
1087.67171724
1087.1817466
1086.59380658
1085.90953884
1085.14394199
1084.3297712
1088.67750425
1088.58075317
1088.3872886
1088.09719506
1087.71059031
1087.22752877
1086.64783312
1085.97264566
1085.21624713
1084.43823827
1088.62619846
1088.53072707
1088.33982362
1088.05357703
1087.67211619
1087.19551514
1086.62355364
1085.95690196
1085.20832915
1084.43821191
1088.49469106
1088.40040505
1088.2118735
1087.92918845
1087.55248807
1087.08186663
1086.51707329
1085.85833011
1085.11682189
1084.35122715
1088.27917682
1088.18597994
1087.99962682
1087.72021046
1087.34787508
1086.88273363
1086.32451581
1085.67302775
1084.93788103
1084.17613118
1087.97584129
1087.88363772
1087.69927026
1087.42283042
1087.05446435
1086.59430051
1086.04205786
1085.39715911
1084.66765429
1083.90839177
1087.58089113
1087.48958829
1087.30702043
1087.03327532
1086.66849709
1086.21282499
1085.66597009
1085.02698515
1084.30233172
1083.54502068
1087.09058234
1087.00009326
1086.81915069
1086.54783779
1086.18629471
1085.73467069
1085.19268012
1084.55903873
1083.83860724
1083.08197945
1086.50124711
1086.4114914
1086.23201362
1085.96289264
1085.60426488
1085.1562913
1084.61870558
1083.9899302
1083.27321507
1082.51700085
1085.80932214
1085.72022536
1085.54206433
1085.27491514
1084.91891191
1084.47422978
1083.94063613
1083.31629809
1082.60282149
1081.84587443
1085.01138195
1084.9228735
1084.74588955
1084.48050634
1084.12685946
1083.685144
1083.15518206
1082.53494023
1081.82435743
1081.0665488
1084.10418037
1084.01618964
1083.84024373
1083.57642316
1083.22487064
1082.78580901
1082.25913911
1081.64269593
1080.93473637
1080.17508234
1083.08470338
1082.99715429
1082.82209698
1082.55962165
1082.20988522
1081.77314707
1081.249411
1080.63645349
1079.93084491
1079.1689717
1081.9502368
1081.86304066
1081.6886981
1081.4273159
1081.07907474
1080.644282
1080.12307094
1079.5132423
1078.80967665
1078.04457062
1080.69845146
1080.61149796
1080.43765374
1080.17705069
1079.82990572
1079.39658957
1078.87739689
1078.27025504
1077.56837736
1076.7992366
1079.32750922
1079.24065561
1079.06702863
1078.80679457
1078.46022096
1078.02776091
1077.50990718
1076.90483451
1076.20416015
1075.42946195
1077.83619149
1077.74925156
1077.5754724
1077.31506176
1076.96835059
1076.53589442
1076.01842858
1075.41453153
1074.71437016
1073.93270169
1076.22404943
1076.13678641
1075.96238041
1075.70107844
1075.35327385
1074.91963029
1074.40116513
1073.79706253
1073.09631413
1072.30495002
1074.49157185
1074.4037031
1074.22809967
1073.96502747
1073.61490283
1073.17844319
1072.65691446
1072.05027958
1071.34681486
1070.54178261
1072.64036526
1072.5515785
1072.37416956
1072.1083924
1071.75458238
1071.31331823
1070.78584268
1070.17274201
1069.46187824
1068.63493434
1070.67328545
1070.5831961
1070.40341932
1070.1342185
1069.77570171
1069.32794705
1068.79147128
1068.16641547
1067.4393324
1066.57066674
1068.59423678
1068.5018414
1068.31913219
1068.04639724
1067.68346546
1067.22975151
1066.68423266
1066.04429301
1065.29338074
1064.35076147
)
;

boundaryField
{
    symmetric
    {
        type            symmetry;
    }
    emptyPatch
    {
        type            empty;
    }
    solid_to_water
    {
        type            compressible::turbulentTemperatureTwoPhaseRadCoupledMixed;
        refValue        nonuniform List<scalar> 
70
(
394.562068278
393.396109886
392.06068883
390.621818673
386.668890619
378.655879334
367.473652236
354.541555083
342.985912444
337.503357538
336.271946141
336.187124104
336.327557305
337.498381616
340.707900812
345.190578175
347.119841438
346.796558338
347.922951245
347.51848821
348.896783064
347.88823091
349.299677362
348.23027922
349.432320356
348.409619254
349.353364126
348.477052439
349.077239576
348.410474428
348.284784124
346.387805357
342.251848493
339.294534818
337.440312874
336.252539018
335.856102954
336.352594708
339.842624088
376.503894174
410.102450752
415.048030707
431.33236288
425.50401074
438.479359066
429.517858947
440.543791422
431.107902972
439.797021952
431.831394797
438.577261156
431.945243676
437.451888636
432.301865451
435.912113605
432.671016935
434.064980989
432.447317977
425.99266862
334.494887182
334.599351958
334.661963437
334.72336799
334.784735775
334.834639481
334.898311799
335.097637488
335.477952141
367.759817313
336.152009554
)
;
        refGradient     uniform 0;
        valueFraction   nonuniform List<scalar> 
70
(
0.000620529625937
0.000620817684957
0.000621086438652
0.000621304641529
0.000635843377355
0.000680708554252
0.000766441450382
0.000927963070306
0.0012287618637
0.00146964806588
0.000938578971004
0.000935986287998
0.00093921115722
0.000956933810427
0.000953824396993
0.000884090962664
0.000863372955507
0.000882363305024
0.000865865677346
0.000879869903208
0.000856421496995
0.000880602302985
0.000856410456187
0.000880080231684
0.0008591011859
0.000880974384777
0.00086469737607
0.000883535250459
0.000873584445081
0.000886680931559
0.000884807151342
0.00090323034461
0.000957473346484
0.000976132367522
0.000964201096746
0.000947954972236
0.000942537974954
0.000950204414411
0.000977191947445
0.000585700925954
0.000485339844477
0.00050938604995
0.000476695702711
0.00050932433377
0.000476700195936
0.000509190800099
0.000478693219236
0.000508987324486
0.000483674766261
0.000508712221756
0.000488685833889
0.000509493021699
0.000493081534719
0.000509063692035
0.000498091591142
0.000508554937227
0.000504392883611
0.000509156542219
0.000521852480091
0.00148800157065
0.00149379291697
0.00149666178546
0.0014993029506
0.00150161529939
0.00150305147141
0.00150495617679
0.00151100598959
0.00151406889776
0.000787106457507
0.00150269493023
)
;
        source          uniform 0;
        value           nonuniform List<scalar> 
70
(
1069.33515394
1069.16764697
1068.82961571
1068.31777691
1067.61385197
1066.69618384
1065.54489993
1064.13441847
1062.48318228
1060.86494304
1061.24850765
1062.77259449
1064.0391161
1065.17992758
1066.2778541
1067.38073224
1068.41666818
1069.4018665
1070.39646604
1071.35186239
1072.31906025
1073.23252478
1074.16382636
1075.03685363
1075.91940549
1076.74151046
1077.56191885
1078.32139284
1079.06548888
1079.7509475
1080.40376078
1080.99298628
1081.50633939
1081.99632335
1082.45350542
1082.85384847
1083.18263865
1083.43565901
1083.60822643
1084.02441229
1084.11018701
1084.0098375
1083.86398754
1083.57257595
1083.23657854
1082.74871486
1082.20878095
1081.51417103
1080.75552756
1079.84474815
1078.85510354
1077.71483447
1076.48316086
1075.10141864
1073.6140389
1071.97885257
1070.21976957
1068.30993802
1066.23510977
1067.50306305
1067.40671017
1067.22226187
1066.94808955
1066.58409688
1066.13007882
1065.58407853
1064.94109887
1064.19030353
1063.80373671
1063.25776646
)
;
        kappaMethod     solidThermo;
        Tnbr            T.liquid;
        region          solid;
        otherPhase      gas;
    }
}


// ************************************************************************* //
