/*--------------------------------*- C++ -*----------------------------------*\
| =========                 |                                                 |
| \\      /  F ield         | OpenFOAM: The Open Source CFD Toolbox           |
|  \\    /   O peration     | Version:  2206                                  |
|   \\  /    A nd           | Website:  www.openfoam.com                      |
|    \\/     M anipulation  |                                                 |
\*---------------------------------------------------------------------------*/
FoamFile
{
    version     2.0;
    format      ascii;
    arch        "LSB;label=64;scalar=64";
    class       volScalarField;
    location    "4.6/solid";
    object      T;
}
// * * * * * * * * * * * * * * * * * * * * * * * * * * * * * * * * * * * * * //

dimensions      [0 0 0 1 0 0 0];

internalField   nonuniform List<scalar> 
500
(
1070.69431643
1070.52614887
1070.1882038
1069.67681312
1068.98628499
1068.10979327
1067.04154952
1065.77957772
1064.3330421
1062.85605751
1071.50721677
1071.34450014
1071.01849927
1070.52830163
1069.8731527
1069.05375508
1068.07495911
1066.94971696
1065.70208817
1064.36984596
1072.38309291
1072.2272025
1071.91566434
1071.44918108
1070.82933832
1070.05933841
1069.14507011
1068.09610347
1066.92480588
1065.64151561
1073.2980014
1073.14832996
1072.84949275
1072.40261597
1071.80964276
1071.07360753
1070.19891746
1069.19132306
1068.05628461
1066.79420884
1074.23486743
1074.09011039
1073.80107548
1073.36876322
1072.794746
1072.08122327
1071.23105161
1070.24754685
1069.13282051
1067.88256427
1075.18016782
1075.03908778
1074.75728646
1074.33548948
1073.77477748
1073.07656659
1072.24259686
1071.27480296
1070.17369452
1068.93199263
1076.12403749
1075.98571966
1075.70931965
1075.29530583
1074.74434924
1074.05728983
1073.23514898
1072.27913317
1071.18907056
1069.95536566
1077.05947273
1076.92333194
1076.65118975
1076.24332075
1075.70010358
1075.02199013
1074.20955107
1073.26363165
1072.18391242
1070.95875933
1077.98144163
1077.84714946
1077.57863781
1077.17604971
1076.63957089
1075.96940297
1075.16583581
1074.22957563
1073.16057753
1071.94537374
1078.88617431
1078.75357916
1078.48841877
1078.09075297
1077.5606471
1076.89814543
1076.10335957
1075.176998
1074.11973929
1072.91715629
1079.77066414
1079.63972669
1079.37785632
1078.98506408
1078.46134524
1077.80664782
1077.02095947
1076.10503857
1075.06061567
1073.87382936
1080.63233867
1080.50308503
1080.24456905
1079.85677685
1079.33966872
1078.69313971
1077.91708854
1077.01234531
1075.98205064
1074.81449802
1081.46885047
1081.34133957
1081.08630405
1080.70372153
1080.19354212
1079.55563979
1078.78984505
1077.89703391
1076.8820645
1075.73713859
1082.27794953
1082.15225102
1081.90084044
1081.5236971
1081.02077641
1080.39195187
1079.63699226
1078.75672873
1077.7578418
1076.63867311
1083.05740957
1082.93359015
1082.68594088
1082.31444855
1081.8190828
1081.19972984
1080.45609914
1079.58884656
1078.60629249
1077.51613295
1083.80498718
1083.68310271
1083.43932811
1083.07366081
1082.58609001
1081.97652528
1081.24462626
1080.39074592
1079.42439298
1078.36825908
1084.51839936
1084.39849051
1084.15867252
1083.79895453
1083.31934726
1082.71979043
1081.99990924
1081.15965767
1080.20875354
1079.19330714
1085.19531107
1085.07740169
1084.84158804
1084.48789077
1084.01634197
1083.42691504
1082.71921758
1081.89276439
1080.95597966
1079.97071026
1085.83332637
1085.71742347
1085.4856277
1085.1379702
1084.67450271
1084.09523358
1083.39977077
1082.58722242
1081.66418463
1080.68990339
1086.4299802
1086.31607502
1086.08827904
1085.74663236
1085.29120384
1084.72203584
1084.03875149
1083.24010032
1082.33081726
1081.36592539
1086.98272884
1086.87079859
1086.64695629
1086.31124984
1085.86376345
1085.3045743
1084.6333399
1083.84851192
1082.95299148
1081.99778323
1087.48893865
1087.37894795
1087.15898806
1086.8291135
1086.38942169
1085.84002359
1085.18062637
1084.4094496
1083.527644
1082.58122369
1087.94587456
1087.83777685
1087.62160571
1087.29742108
1086.86533104
1086.32547775
1085.67762781
1084.91981702
1084.05147212
1083.11405204
1088.35068909
1088.24442803
1088.03193242
1087.71326631
1087.28854601
1086.75794235
1086.12129224
1085.37650778
1084.5213882
1083.59226469
1088.70041306
1088.59592414
1088.38697455
1088.07363126
1087.65601632
1087.13432574
1086.50847511
1085.7763133
1084.93408668
1084.01321592
1088.99194802
1088.88916004
1088.68361363
1088.37537778
1087.96457812
1087.4514326
1086.83594249
1086.11595125
1085.28625389
1084.37271839
1089.22206148
1089.12089772
1088.91860075
1088.61524067
1088.21094444
1087.70594698
1087.10033645
1086.39199905
1085.57436435
1084.66808528
1089.38738582
1089.28776511
1089.08855507
1088.78982651
1088.39170628
1087.89444302
1087.29821697
1086.60101997
1085.79503271
1084.89500665
1089.4844216
1089.38625899
1089.18996602
1088.89561418
1088.50332949
1088.0133715
1087.42601602
1086.73941927
1085.94463351
1085.0508951
1089.50954654
1089.41275363
1089.21920113
1088.92896163
1088.54216034
1088.05906548
1087.48005144
1086.80350218
1086.01946283
1085.13087746
1089.45903111
1089.36351605
1089.17252052
1088.88611868
1088.50443512
1088.02774466
1087.4565224
1086.78944471
1086.0156701
1085.13187354
1089.32906134
1089.23472903
1089.04610015
1088.76325009
1088.38630157
1087.91553101
1087.35151012
1086.69327552
1085.92928289
1085.04904998
1089.11576787
1089.02252134
1088.83606468
1088.55647347
1088.18386596
1087.71851177
1087.16106437
1086.51096788
1085.75613947
1084.87839258
1088.8152576
1088.72300034
1088.53852229
1088.26189799
1087.89323866
1087.43279887
1086.88129586
1086.23862359
1085.49237146
1084.61521955
1088.42364493
1088.33228358
1088.1495969
1087.87565742
1087.51056722
1087.05455833
1086.50839183
1085.87245765
1085.1343571
1084.25641165
1087.93708124
1087.8465279
1087.6654567
1087.393938
1087.03206427
1086.58003972
1086.03864832
1085.40881823
1084.67863955
1083.79781379
1087.35178328
1087.26195659
1087.08233861
1086.81299868
1086.45402171
1086.00558356
1085.46847316
1084.84418916
1084.12199175
1083.23682571
1086.66406341
1086.57488794
1086.39657324
1086.12918972
1085.77281824
1085.32760781
1084.79433155
1084.17505456
1083.46109891
1082.57028078
1085.87036548
1085.78176963
1085.60461648
1085.33898065
1084.98494425
1084.54263395
1084.01278761
1083.39799257
1082.69267583
1081.803661
1084.9673092
1084.87922144
1084.7030889
1084.43899482
1084.0870299
1083.64730704
1083.12051361
1082.509664
1081.81292028
1080.93971017
1083.95174635
1083.86408981
1083.6888268
1083.42605479
1083.0758824
1082.63842082
1082.11429783
1081.5068333
1080.81804837
1079.96755847
1082.82083193
1082.73351715
1082.55894811
1082.2972434
1081.94854078
1081.51296545
1080.99108357
1080.38638719
1079.70462603
1078.878824
1081.57211316
1081.48502911
1081.31093592
1081.04998147
1080.70234651
1080.26819082
1079.74802786
1079.14538928
1078.46948174
1077.66969293
1080.2036408
1080.11664402
1079.94274381
1079.68212627
1079.33503088
1078.90167857
1078.38255466
1077.78111117
1077.10954097
1076.337853
1078.71410696
1078.62701015
1078.452931
1078.19210024
1077.84483017
1077.41143165
1076.8924024
1076.29102947
1075.62175249
1074.88130527
1077.10301021
1077.01557387
1076.84083537
1076.57906745
1076.23065568
1075.79601702
1075.27570483
1074.67280989
1074.00293011
1073.29395679
1075.37082911
1075.28276323
1075.10678027
1074.84317517
1074.49237056
1074.05484952
1073.53120421
1072.92431728
1072.24993916
1071.55230686
1073.51915036
1073.43012708
1073.25226277
1072.98584826
1072.63124897
1072.18884502
1071.65903759
1071.0442756
1070.36015925
1069.65649708
1071.55072078
1071.46033097
1071.27998575
1071.01000662
1070.65057969
1070.20165471
1069.66280296
1069.03504951
1068.33275144
1067.60852697
1069.46968388
1069.37688124
1069.19345149
1068.91977479
1068.55581573
1068.10088237
1067.5529549
1066.90971577
1066.18000131
1065.40046892
)
;

boundaryField
{
    symmetric
    {
        type            symmetry;
    }
    emptyPatch
    {
        type            empty;
    }
    solid_to_water
    {
        type            compressible::turbulentTemperatureTwoPhaseRadCoupledMixed;
        refValue        nonuniform List<scalar> 
70
(
426.80822545
425.055537514
423.537366802
422.19226349
420.788786025
418.084890988
408.964973277
382.12785383
346.417189396
338.279174759
340.921594026
341.705192038
341.8852476
341.737726873
341.746439422
341.577797187
341.550874304
341.397759637
340.970523359
339.828689909
338.534400429
337.360324963
336.362644881
335.69281175
335.61174406
336.619402185
341.588233938
371.344393554
386.212950568
385.651587214
397.560344321
391.447232863
401.492285576
393.998937538
403.1460381
395.257054997
402.97785433
395.820404713
402.422364684
395.67233602
400.922331877
395.65446424
399.896491962
396.041034517
398.761427165
395.560009786
394.062256308
380.065726731
354.284137504
343.488904439
339.582656615
337.734894552
337.125509432
337.48077632
340.168919477
353.863550683
393.685854866
413.819047088
417.600070158
334.461361292
334.562483286
334.624054545
334.682355516
334.740187766
334.791002648
334.82687565
334.896786679
335.207042287
387.712635523
336.310783715
)
;
        refGradient     uniform 0;
        valueFraction   nonuniform List<scalar> 
70
(
0.000501415629634
0.000501512241344
0.000501564432161
0.000501554417934
0.000502058404454
0.000507354463161
0.000536117046247
0.000672720537487
0.00119395575073
0.00146430399239
0.000951122593087
0.000952823263452
0.000952546852407
0.000954989168982
0.000954313102464
0.000956622133708
0.00095663944008
0.000958250875512
0.000961242999934
0.000968849059631
0.000969054133409
0.000960241279498
0.00094708402218
0.000935882445954
0.000935708603609
0.000952677811492
0.000958144246126
0.000608227637557
0.000566853571629
0.000608358416259
0.00056043588164
0.00060708836071
0.000561165538667
0.000606189708145
0.000562705693719
0.000606220353234
0.000568321519417
0.000606351548573
0.000572657087945
0.000607743840127
0.000580747251337
0.00060931699869
0.000587809005745
0.000609192163347
0.000595175070193
0.000610689352889
0.000607766792637
0.000654599700407
0.000845662878704
0.00096007375381
0.000973307693734
0.000961194185157
0.00095622766312
0.000960473661886
0.000970651777249
0.000819474538654
0.000566855965
0.000531183545507
0.000540247942282
0.0014877574034
0.00149350908378
0.00149647756704
0.00149914570662
0.00150154708438
0.0015033454259
0.00150420681173
0.00150635719043
0.00151424255282
0.000668534619502
0.00149225184717
)
;
        source          uniform 0;
        value           nonuniform List<scalar> 
70
(
1070.37241094
1070.20338854
1069.86481539
1069.35299686
1068.66173358
1067.78077454
1066.68939275
1065.32049311
1063.47728638
1061.79612918
1062.17048237
1063.68246874
1064.95334498
1066.10309203
1067.19093878
1068.23760977
1069.26003484
1070.26125278
1071.24447047
1072.20889416
1073.1634207
1074.10863782
1075.03923376
1075.94769765
1076.82466551
1077.66488051
1078.49027547
1079.53879737
1080.29471312
1080.94177205
1081.61268387
1082.16085504
1082.73019289
1083.17359926
1083.62891256
1083.95447802
1084.27971994
1084.47684492
1084.65923536
1084.71167226
1084.73400233
1084.6289212
1084.47541226
1084.19571922
1083.84819777
1083.37749212
1082.81789217
1082.11100743
1081.19178493
1080.23689131
1079.25257885
1078.17216916
1076.96745598
1075.63437602
1074.17469155
1072.70909516
1071.1691917
1069.30856499
1067.25769188
1068.37734337
1068.28060138
1068.09535538
1067.82021421
1067.45512401
1066.99963325
1066.45194151
1065.80807486
1065.07377435
1064.94843324
1064.31350474
)
;
        kappaMethod     solidThermo;
        Tnbr            T.liquid;
        region          solid;
        otherPhase      gas;
    }
}


// ************************************************************************* //
