/*--------------------------------*- C++ -*----------------------------------*\
| =========                 |                                                 |
| \\      /  F ield         | OpenFOAM: The Open Source CFD Toolbox           |
|  \\    /   O peration     | Version:  2206                                  |
|   \\  /    A nd           | Website:  www.openfoam.com                      |
|    \\/     M anipulation  |                                                 |
\*---------------------------------------------------------------------------*/
FoamFile
{
    version     2.0;
    format      ascii;
    arch        "LSB;label=64;scalar=64";
    class       faceSet;
    location    "constant/polyMesh/sets";
    object      wrongFaces;
}
// * * * * * * * * * * * * * * * * * * * * * * * * * * * * * * * * * * * * * //


519
(
98307
65620
16595
16602
16604
16605
16625
16628
16629
16630
16634
491829
147824
49616
49621
33439
459563
33587
33588
492352
17259
492403
410522
459688
492528
132199
132200
132208
132209
148595
460118
460119
460121
460122
542053
148837
148843
148918
247476
247478
247480
460631
247658
247679
247683
247684
247685
247692
247693
247694
247695
247697
247698
247767
247780
247786
247791
264176
247792
247793
247878
460876
247888
247890
247892
264281
247897
247898
395426
395430
67797
182507
133403
166188
559411
559414
559415
477544
477545
477547
477548
67991
264623
477762
477767
510592
395940
264947
248591
248741
166844
445382
445383
445385
445386
117795
511056
429197
429202
462060
445930
134761
462479
528045
528048
118486
249577
249583
249584
528195
249692
249695
249698
528286
20497
512057
233529
266341
250034
168168
266501
135464
528718
528720
528721
528723
135517
512413
446879
119213
250308
152057
168478
135803
512677
512679
512680
512682
250567
4807
37593
529159
529160
136044
136050
267203
250873
136303
251136
251256
71098
87515
120326
251458
153225
464718
251743
497541
497544
415706
415707
415711
415717
415722
22806
416081
416082
252281
530925
449023
449027
530951
465572
269024
416536
416537
252711
400184
400185
39746
170871
170915
138156
515031
515035
416754
416758
138230
416759
252919
416891
416892
416897
416898
416926
416927
416936
416937
416940
449709
138450
531716
466230
466232
253323
417208
122308
122309
122311
122312
73222
73223
122412
122413
122421
122422
73272
73273
237116
171623
122518
122519
57007
57008
73419
73420
466639
73423
57119
57120
57128
57129
237357
57133
237360
237363
73542
73546
548683
73547
548684
548689
548691
368490
548716
548717
466840
466843
171999
73730
450563
450573
122920
122933
73781
73782
73816
122969
73817
122970
73820
73821
122985
122986
73896
73897
73900
73901
549056
549057
123095
123096
549086
549087
123105
549091
123167
549179
549180
450891
450892
450894
450895
123261
156046
401810
401813
467352
549286
549287
549293
549295
188863
25043
25044
25050
25051
25102
25103
549446
549447
549452
549453
483960
483961
483964
483965
25252
25253
549563
549564
549570
484047
484048
549593
549594
549614
549618
549619
25346
25347
254768
549744
549745
172983
173152
255083
517233
451840
550391
550392
550427
550428
550434
550435
484920
419402
173661
108130
42615
550556
435917
435919
435921
435922
468721
632602
632603
419640
124802
239526
550828
550829
550831
550832
387014
452559
255963
124901
124904
550950
534566
550951
550954
550955
534640
469135
469137
469138
108758
125166
141582
551184
256355
469348
518519
256419
633271
633272
518634
633338
633339
633367
633368
469623
633522
174778
174783
469718
486336
125958
257112
634104
109864
503450
257744
454397
454416
519967
110589
110590
618495
110598
110599
471069
61629
45264
504107
504108
504109
504111
28977
504171
504173
94579
504183
143808
160207
258518
504358
504364
176711
176712
176720
176721
504437
520937
668413
668414
176934
176940
471853
176941
471854
471856
471857
176948
176949
406331
521143
177108
177109
177115
177116
46104
455748
455750
455752
455753
537737
259228
439475
144655
177504
505198
62857
488959
538136
423453
439869
439870
538180
177733
177734
177737
177738
636494
521839
128626
128641
538272
177910
177911
177916
177917
177927
177928
161589
178149
178150
423915
423917
260220
145599
555232
555235
555236
440686
162222
162223
162227
162228
162245
227817
227820
473637
457322
457323
457325
457326
539397
113483
113526
113593
113596
48516
48518
146838
48585
48586
425564
425565
425567
425568
540279
163681
147300
524209
147400
)


// ************************************************************************* //
