/*--------------------------------*- C++ -*----------------------------------*\
| =========                 |                                                 |
| \\      /  F ield         | OpenFOAM: The Open Source CFD Toolbox           |
|  \\    /   O peration     | Version:  2206                                  |
|   \\  /    A nd           | Website:  www.openfoam.com                      |
|    \\/     M anipulation  |                                                 |
\*---------------------------------------------------------------------------*/
FoamFile
{
    version     2.0;
    format      ascii;
    arch        "LSB;label=64;scalar=64";
    class       volScalarField;
    location    "3.8/solid";
    object      T;
}
// * * * * * * * * * * * * * * * * * * * * * * * * * * * * * * * * * * * * * //

dimensions      [0 0 0 1 0 0 0];

internalField   nonuniform List<scalar> 
500
(
1078.30072552
1078.13067831
1077.78871414
1077.2708971
1076.56985299
1075.67626741
1074.57893953
1073.27997474
1071.84183008
1070.38417395
1079.15067847
1078.98606317
1078.65633019
1078.16067685
1077.4984573
1076.6704024
1075.68058976
1074.54091294
1073.27989751
1071.94073266
1080.04818839
1079.89049608
1079.57537643
1079.10355642
1078.4766458
1077.69785527
1076.77291529
1075.71110172
1074.52670781
1073.23740874
1080.97815581
1080.82673363
1080.52439831
1080.07227809
1079.47231358
1078.7275127
1077.84213381
1076.82170373
1075.67391484
1074.41110478
1081.92161818
1081.77514899
1081.48268823
1081.04523438
1080.46435852
1079.74224054
1078.88157978
1077.88533974
1076.75777584
1075.51402398
1082.86427585
1082.72153032
1082.43639596
1082.00959764
1081.44222174
1080.7356821
1079.89156359
1078.91126734
1077.79683677
1076.56156304
1083.79599114
1083.65606635
1083.3764514
1082.95761675
1082.40024735
1081.70520089
1080.87335241
1079.90516112
1078.80109615
1077.57204
1084.70975911
1084.57208069
1084.29686336
1083.88438639
1083.33504933
1082.64934326
1081.82771552
1080.87005063
1079.77555264
1078.55225967
1085.60077065
1085.46501919
1085.19358999
1084.78663258
1084.24435873
1083.56703078
1082.75485187
1081.80735467
1080.72261398
1079.50579727
1086.46570496
1086.33173603
1086.06382996
1085.6620542
1085.12650396
1084.45730664
1083.6545427
1082.71754893
1081.64334249
1080.4332452
1087.30222654
1087.17000595
1086.90557199
1086.50894437
1085.98015104
1085.31924688
1084.52627144
1083.60048898
1082.53794935
1081.33609528
1088.10863645
1087.97819283
1087.7173004
1087.32595472
1086.80415026
1086.1519122
1085.36930177
1084.45563202
1083.40608976
1082.21332551
1088.8836339
1088.75502613
1088.49780104
1088.11194574
1087.59744323
1086.95431584
1086.18268954
1085.28204276
1084.24687203
1083.06471794
1089.62615413
1089.49944967
1089.24603188
1088.86588909
1088.35900547
1087.72541223
1086.96531517
1086.07844073
1085.05882112
1083.88836305
1090.33525737
1090.21051882
1089.96103636
1089.58680487
1089.08781643
1088.46411567
1087.71599364
1086.84350105
1085.8404887
1084.68331993
1091.01005055
1090.88732831
1090.64188341
1090.27372005
1089.78284129
1089.16930399
1088.43347474
1087.57577364
1086.59017061
1085.44717071
1091.64962848
1091.52895717
1091.28761974
1090.92563112
1090.44300716
1089.8398156
1089.11648817
1088.27385552
1087.30635794
1086.17891722
1092.25302653
1092.13442363
1091.89722872
1091.54146778
1091.06717008
1090.47441197
1089.76367674
1088.93623496
1087.9873991
1086.87660594
1092.8191807
1092.70264656
1092.46959466
1092.12006173
1091.65408992
1091.07175891
1090.37357518
1089.56122686
1088.63127853
1087.53838808
1093.34689243
1093.23241121
1093.00347022
1092.66011633
1092.20240431
1091.63041505
1090.94465738
1090.14720943
1089.23627678
1088.16209288
1093.83479678
1093.72233795
1093.49744627
1093.16017795
1092.71059964
1092.14879072
1091.47523761
1090.69235544
1089.80042927
1088.74598535
1094.28133308
1094.17085301
1093.9499229
1093.61860738
1093.1769846
1092.62513165
1091.96349221
1091.19474698
1090.32171088
1089.29044336
1094.68471823
1094.57616201
1094.359083
1094.03355327
1093.59966164
1093.05748182
1092.40739193
1091.65221538
1090.79747227
1089.79447273
1095.0429229
1094.93622602
1094.72286856
1094.40292894
1093.97650569
1093.44366886
1092.80471354
1092.06248213
1091.22521923
1090.25340034
1095.35365084
1095.24874092
1095.03895966
1094.72439083
1094.30514224
1093.78128278
1093.15301771
1092.42308313
1091.60228224
1090.66306171
1095.6143224
1095.51112076
1095.30475781
1094.99532163
1094.58292844
1094.06764745
1093.44958736
1092.73123444
1091.92557761
1091.02046107
1095.82206247
1095.72048561
1095.51737353
1095.21281783
1094.80694259
1094.29982014
1093.69146515
1092.98398906
1092.19193395
1091.32331346
1095.97369407
1095.87365479
1095.673619
1095.37368134
1094.97397386
1094.47457621
1093.8754205
1093.17815108
1092.39789538
1091.56987689
1096.06573875
1095.96714691
1095.77000708
1095.47441711
1095.08051769
1094.58840057
1093.99792966
1093.31022928
1092.53956363
1091.74701789
1096.09442499
1095.99718768
1095.80275811
1095.51123756
1095.12277677
1094.63748646
1094.05518664
1093.37651009
1092.61410191
1091.82927803
1096.05570571
1095.95972731
1095.76781645
1095.48007725
1095.09667004
1094.61772784
1094.04304573
1093.37280592
1092.61799553
1091.83797716
1095.94528552
1095.85046814
1095.66087948
1095.37662494
1094.99787225
1094.52477766
1093.95712692
1093.29468732
1092.54677887
1091.77085414
1095.75865619
1095.66490131
1095.47743666
1095.19636645
1094.82186206
1094.35410128
1093.79287506
1093.1375799
1092.39588393
1091.62268403
1095.49113727
1095.39834827
1095.21281322
1094.93463242
1094.56397608
1094.10103881
1093.54562427
1092.89679151
1092.16056321
1091.38967207
1095.13791841
1095.04600332
1094.86221315
1094.58664238
1094.2194565
1093.76086312
1093.21068555
1092.56767445
1091.8361935
1091.06620532
1094.69410273
1094.60297608
1094.42075969
1094.1475416
1093.783481
1093.3287974
1092.7833459
1092.14561057
1091.41828737
1090.64890639
1094.15475221
1094.06433553
1093.88353638
1093.61243699
1093.25119031
1092.8000282
1092.25885124
1091.62592547
1090.90227248
1090.13226266
1093.51493808
1093.42515882
1093.24563286
1092.97643847
1092.61772433
1092.16973689
1091.63243719
1091.00392394
1090.28353202
1089.51279544
1092.76979923
1092.68058821
1092.50219864
1092.23470782
1091.87826373
1091.43313167
1090.89935135
1090.2749168
1089.55745296
1088.78484028
1091.9146114
1091.82589875
1091.64850791
1091.38251911
1091.02808441
1090.58549289
1090.05488193
1089.43421659
1088.71942586
1087.94456801
1090.94486967
1090.85657954
1090.6800384
1090.41533462
1090.06263098
1089.62224695
1089.09443677
1088.47721886
1087.76485307
1086.98678279
1089.85638645
1089.7684301
1089.59256464
1089.3288935
1088.97759953
1088.53904217
1088.01361306
1087.39947221
1086.68922942
1085.90716417
1088.64540765
1088.55767452
1088.38226784
1088.11931462
1087.76903
1087.33182627
1086.80825541
1086.19672225
1085.48825852
1084.7006427
1087.30875118
1087.22109817
1087.04586855
1086.78322243
1086.43342194
1085.99694949
1085.47454546
1084.86498241
1084.15785102
1083.36349721
1085.84397163
1085.75621178
1085.58078867
1085.31790329
1084.96787841
1084.53128556
1084.00908811
1083.40058476
1082.69416686
1081.89070655
1084.24955289
1084.16144748
1083.98535339
1083.72151206
1083.37030755
1082.93240469
1082.40901517
1081.80016391
1081.09351567
1080.27818707
1082.52512883
1082.43639026
1082.25904764
1081.99336667
1081.63975593
1081.19891519
1080.67224614
1080.06064848
1079.35179528
1078.52000808
1080.67172435
1080.58202838
1080.40281294
1080.13434542
1079.77695763
1079.33117988
1078.79828764
1078.1798306
1077.46414596
1076.60632343
1078.69186625
1078.60080279
1078.4191209
1078.14712315
1077.78491181
1077.33245126
1076.79010709
1076.15887464
1075.42745813
1074.52416419
1076.58870223
1076.4952348
1076.31049721
1076.03486563
1075.66813294
1075.20949089
1074.65756971
1074.01038296
1073.25577082
1072.30454516
)
;

boundaryField
{
    symmetric
    {
        type            symmetry;
    }
    emptyPatch
    {
        type            empty;
    }
    solid_to_water
    {
        type            compressible::turbulentTemperatureTwoPhaseRadCoupledMixed;
        refValue        nonuniform List<scalar> 
70
(
389.107900164
387.589118025
386.227354555
384.830523921
380.876623702
373.599567439
363.817445171
352.738134916
342.727659985
337.4517957
336.254828484
336.301725637
336.770384387
338.71817616
343.883212322
345.91323491
347.294246099
347.089291633
348.577199091
347.523994077
348.953212997
348.009523126
349.296294641
348.223256313
349.388013098
348.326823247
349.244732009
348.353726955
348.771161591
348.140713102
346.753592394
342.553219545
339.411731136
337.465306556
336.239506296
335.848385058
336.400106055
340.154951976
379.95054616
411.268282398
414.597948363
431.671817693
424.776880862
438.617860097
428.586630186
440.417091827
429.894687245
439.46440252
430.435266788
437.943820879
430.681983356
436.43774753
430.73780396
434.908070837
430.826491029
433.023203581
430.100079678
429.093104177
398.755143134
334.463188475
334.569059991
334.633525522
334.693829375
334.752368782
334.793412153
334.832513656
335.096524006
335.33021466
351.767533633
335.547697055
)
;
        refGradient     uniform 0;
        valueFraction   nonuniform List<scalar> 
70
(
0.000655781225481
0.000655881645381
0.000656131904361
0.000656376295728
0.000674636003076
0.000722405421868
0.000809170981325
0.000965749569457
0.00124141525732
0.00147806257915
0.000944565322413
0.000944278811182
0.000951982769655
0.000970678116669
0.000904904022091
0.000887525384651
0.000873001748463
0.000885944405571
0.000861093541941
0.000886946759883
0.000862104078691
0.000884515486568
0.000861937868193
0.000885408431946
0.000864820042128
0.000887558361185
0.000871677820805
0.000890401352771
0.000882856049538
0.000891582523156
0.000901682561367
0.000957675649612
0.000980800847663
0.000969628036225
0.000953289079331
0.000948238561034
0.000956658307181
0.000981448656202
0.000566503397089
0.000484587730511
0.00051409132863
0.000477855719204
0.00051381789495
0.000477863538405
0.000513724660605
0.00048012541227
0.000513811155187
0.000485169080575
0.000513579080615
0.000490624653468
0.000513379782389
0.000495455412122
0.00051299003749
0.000499672614504
0.000512515010209
0.000505195439548
0.000513957911014
0.000512267254218
0.000599227011645
0.00149792638482
0.00150366355585
0.00150659926009
0.00150916502857
0.00151133926011
0.00151240042903
0.00151345642617
0.00152199505554
0.00152271608708
0.000917367867496
0.00152160373287
)
;
        source          uniform 0;
        value           nonuniform List<scalar> 
70
(
1077.8504931
1077.67949722
1077.33669155
1076.8181263
1076.10229793
1075.17100386
1074.0058082
1072.58581531
1070.93812088
1069.3022542
1069.69214175
1071.24741099
1072.53774339
1073.69872484
1074.85288447
1075.91377891
1076.93502591
1077.90497521
1078.87686845
1079.78409442
1080.70534478
1081.56496175
1082.43310066
1083.23829763
1084.04856821
1084.79454539
1085.53809227
1086.22100254
1086.88821399
1087.50466721
1088.07965461
1088.57907407
1089.06291101
1089.52807765
1089.94859091
1090.30935208
1090.60653307
1090.83851555
1091.34422748
1091.49859402
1091.48930694
1091.45437436
1091.27953146
1091.07670226
1090.72537537
1090.33572783
1089.79253741
1089.19650269
1088.44622562
1087.6248091
1086.64930986
1085.58454678
1084.36454311
1083.03860568
1081.55625693
1079.95021761
1078.18576571
1076.27342008
1074.11883633
1075.47830444
1075.38087754
1075.19433574
1074.91730724
1074.54960412
1074.0909235
1073.53910015
1072.88707319
1072.1341594
1071.64699386
1071.1869373
)
;
        kappaMethod     solidThermo;
        Tnbr            T.liquid;
        region          solid;
        otherPhase      gas;
    }
}


// ************************************************************************* //
