/*--------------------------------*- C++ -*----------------------------------*\
| =========                 |                                                 |
| \\      /  F ield         | OpenFOAM: The Open Source CFD Toolbox           |
|  \\    /   O peration     | Version:  2206                                  |
|   \\  /    A nd           | Website:  www.openfoam.com                      |
|    \\/     M anipulation  |                                                 |
\*---------------------------------------------------------------------------*/
FoamFile
{
    version     2.0;
    format      ascii;
    arch        "LSB;label=64;scalar=64";
    class       volScalarField;
    location    "2.8/solid";
    object      T;
}
// * * * * * * * * * * * * * * * * * * * * * * * * * * * * * * * * * * * * * //

dimensions      [0 0 0 1 0 0 0];

internalField   nonuniform List<scalar> 
500
(
1088.13622813
1087.96664285
1087.62598232
1087.11173987
1086.41756123
1085.53571743
1084.46040801
1083.19646918
1081.77580233
1080.30164196
1089.12148844
1088.95731254
1088.62859507
1088.13483893
1087.47550928
1086.65114803
1085.66522676
1084.52836497
1083.26472784
1081.91030951
1090.11113903
1089.95324194
1089.63770325
1089.16519967
1088.53714519
1087.75627198
1086.82741779
1085.75866349
1084.56263665
1083.25331978
1091.09683954
1090.94455272
1090.64041971
1090.18541302
1089.58119008
1088.83029753
1087.93635251
1086.90430349
1085.74117811
1084.45353476
1092.06320747
1091.91537553
1091.6201151
1091.17826918
1090.59115741
1089.86059583
1088.98884299
1087.97868197
1086.83467503
1085.56146884
1092.99936281
1092.85493692
1092.56637976
1092.13429019
1091.55955968
1090.84332873
1089.98686115
1088.99158567
1087.86105952
1086.60206267
1093.89839612
1093.75661959
1093.47325288
1093.04867
1092.48340875
1091.77811672
1090.93340473
1089.94981376
1088.83032187
1087.5898897
1094.75632731
1094.61672906
1094.33763445
1093.91924806
1093.36185546
1092.66577678
1091.8312108
1090.8580607
1089.74828428
1088.52416688
1095.57121478
1095.43354293
1095.15824225
1094.74540143
1094.1951391
1093.5075693
1092.68263916
1091.71978365
1090.61970005
1089.40289208
1096.34248773
1096.20663983
1095.9349491
1095.52743034
1094.9840984
1094.30494669
1093.48978233
1092.53769275
1091.44806781
1090.23860321
1097.0704814
1096.9364484
1096.66836504
1096.26620287
1095.72991797
1095.05944381
1094.25453272
1093.31403389
1092.23601242
1091.03486615
1097.75612094
1097.62394614
1097.35956779
1096.9629357
1096.43397827
1095.77261033
1094.97859194
1094.05063158
1092.98547646
1091.7930278
1098.40070429
1098.27045478
1098.00992316
1097.61905205
1097.09776249
1096.44597644
1095.66350401
1094.74899667
1093.69790393
1092.51560154
1099.00574739
1098.87749495
1098.6209585
1098.23608285
1097.72279419
1097.08103639
1096.31069875
1095.41046508
1094.37459479
1093.20299802
1099.57286717
1099.44667621
1099.19426668
1098.81559109
1098.31058798
1097.6792315
1096.92151318
1096.03624187
1095.01661784
1093.85709657
1100.1036868
1099.97960773
1099.73142749
1099.35910907
1098.86260621
1098.2419242
1097.49716507
1096.6273462
1095.62482305
1094.47794702
1100.59975313
1100.47781948
1100.23393621
1099.86807805
1099.38021494
1098.77038119
1098.03878994
1097.18473813
1096.19996835
1095.06674873
1101.06246151
1100.94268911
1100.70313463
1100.3437848
1099.86462513
1099.26571377
1098.54736558
1097.70920954
1096.74263742
1095.62344726
1101.49298644
1101.37537379
1101.14014501
1100.78729855
1100.31683448
1099.72882902
1099.02368662
1098.2014176
1097.25336626
1096.1491584
1101.89221876
1101.77674787
1101.54580854
1101.19941057
1100.73756782
1100.16037
1099.4682984
1098.66178615
1097.73245576
1096.64346678
1102.26071029
1102.14734782
1101.92063086
1101.58057991
1101.1272216
1100.56065447
1099.88142142
1099.09041404
1098.17991486
1097.10708046
1102.59862606
1102.48732462
1102.26473464
1101.93088624
1101.48581705
1100.92962828
1100.2629006
1099.4869842
1098.59516627
1097.53833937
1102.90570423
1102.79640418
1102.57782121
1102.24999384
1101.81296917
1101.26684593
1100.61221898
1099.85088953
1098.97756093
1097.93717918
1103.18122199
1103.07385334
1102.85913668
1102.53711752
1102.10785068
1101.57142789
1100.9284333
1100.18109007
1099.32596432
1098.30178584
1103.42396662
1103.31845106
1103.10744334
1102.79099467
1102.36916591
1101.84203734
1101.21015352
1100.47609537
1099.63881639
1098.63088912
1103.63221101
1103.52846353
1103.32099424
1103.00985912
1102.59512442
1102.07685793
1101.4555436
1100.73403929
1099.91424107
1098.9279888
1103.80369362
1103.70162379
1103.49751162
1103.1914172
1102.78341177
1102.27354982
1101.66223152
1100.95246296
1100.14931704
1099.19188268
1103.93560421
1103.835117
1103.63417166
1103.33283194
1102.93117425
1102.42924174
1101.82733751
1101.12848293
1100.34085965
1099.41519449
1104.024576
1103.92557252
1103.72759602
1103.43071371
1103.03500772
1102.54051276
1101.94742522
1101.25863458
1100.48516151
1099.59245449
1104.06668589
1103.96906378
1103.7738512
1103.48111851
1103.09095383
1102.60338646
1102.01850211
1101.33891406
1100.57803061
1099.72007952
1104.05746377
1103.96111783
1103.76845854
1103.47955894
1103.0945132
1102.61334886
1102.03604524
1101.36481375
1100.61467305
1099.79402438
1103.99191158
1103.89673474
1103.70641417
1103.42102498
1103.04066741
1102.56537193
1101.9950225
1101.33133044
1100.58975732
1099.81095282
1103.86453231
1103.77041731
1103.58222037
1103.30001749
1102.92391406
1102.45394648
1101.88991729
1101.23299994
1100.49758785
1099.74263186
1103.66936768
1103.57620961
1103.38992591
1103.11059242
1102.73831871
1102.27315061
1101.71482858
1101.0640175
1100.33362216
1099.58252047
1103.40004341
1103.30774223
1103.12317138
1102.84640586
1102.4775587
1102.01668742
1101.4634841
1100.81812268
1100.09194472
1099.34266433
1103.04982293
1102.95828533
1102.77524081
1102.50076356
1102.13497014
1101.67793273
1101.12931143
1100.48881972
1099.76620247
1099.01810408
1102.61167201
1102.52081201
1102.33912253
1102.06667818
1101.70360097
1101.24998368
1100.70547755
1100.06938211
1099.34982533
1098.60168718
1102.07833772
1101.98807569
1101.80758307
1101.53693704
1101.17626795
1100.72569531
1100.18488205
1099.55274788
1098.83574395
1098.08713178
1101.44244563
1101.35270585
1101.1732603
1100.9041916
1100.5456423
1100.09776522
1099.56025732
1098.93170548
1098.21684913
1097.4667536
1100.69661753
1100.60732452
1100.42877721
1100.16106777
1099.80435637
1099.35883786
1098.82426927
1098.19896119
1097.48590271
1096.73406814
1099.83361144
1099.74468477
1099.56687753
1099.30029664
1098.9451269
1098.50161501
1097.96960464
1097.34718747
1096.63553731
1095.88081919
1098.84648447
1098.75783198
1098.58058389
1098.31486843
1097.96090399
1097.51900114
1096.98912022
1096.36920685
1095.65857958
1094.90055945
1097.72877847
1097.64028766
1097.46337773
1097.19820623
1096.84503671
1096.40425899
1095.87598489
1095.25809922
1094.54801332
1093.78536087
1096.47472819
1096.3862557
1096.20940128
1095.94436041
1095.59145491
1095.15117226
1094.62381682
1094.00732015
1093.29715405
1092.52874485
1095.0794908
1094.99085142
1094.81368485
1094.54823064
1094.19487961
1093.75423506
1093.22684207
1092.61082234
1091.89972168
1091.12365381
1093.53939439
1093.45035357
1093.27240459
1093.00582811
1092.65108066
1092.20888414
1091.68006871
1091.06313999
1090.34982779
1089.56371483
1091.85219956
1091.76247547
1091.58317587
1091.31460207
1090.95723403
1090.51185349
1089.97954654
1089.35936998
1088.64143208
1087.84084661
1090.01735355
1089.92662482
1089.74535272
1089.47383087
1089.11245581
1088.66186922
1088.12314371
1087.49575081
1086.76823246
1085.9450775
1088.03617076
1087.94400861
1087.76013851
1087.48488307
1087.11840818
1086.66083374
1086.1124942
1085.47225401
1084.72584948
1083.86047546
1085.91196967
1085.81719029
1085.62996392
1085.35069441
1084.97926647
1084.51498552
1083.95647421
1083.29996501
1082.52386464
1081.56491916
)
;

boundaryField
{
    symmetric
    {
        type            symmetry;
    }
    emptyPatch
    {
        type            empty;
    }
    solid_to_water
    {
        type            compressible::turbulentTemperatureTwoPhaseRadCoupledMixed;
        refValue        nonuniform List<scalar> 
70
(
376.468292642
374.970253898
373.654782759
372.56183104
371.438378222
369.620857431
366.570405706
360.874301418
346.862678593
338.380420717
337.32079374
336.920482108
336.395505361
336.012411371
335.991348476
336.855482844
339.873707759
348.168428275
351.697668665
352.037577802
354.920661157
353.430087379
356.022190997
354.253814787
356.810976523
355.043817111
357.346477175
355.399024931
357.307943342
355.525414145
356.846811387
355.416206411
355.8380056
354.63367277
350.767860042
343.626062722
339.638495528
337.485835479
336.304088046
336.105234309
337.220235893
344.063656108
398.421266062
421.876211697
423.749124257
439.464146036
432.912524474
445.051827749
436.344907649
445.891493407
437.796361422
444.968277958
438.614683706
443.470197822
439.193568957
442.090850353
439.583367488
440.318249938
437.506806837
334.274593971
334.386693387
334.458746119
334.531423619
334.604741429
334.682725194
334.787574639
334.96143818
335.444836457
386.024488887
336.574137037
)
;
        refGradient     uniform 0;
        valueFraction   nonuniform List<scalar> 
70
(
0.00072409736779
0.00072421285558
0.000725128835586
0.000725546382528
0.000726100200086
0.000732378811394
0.000752263978311
0.000809996390651
0.00110291138426
0.0014517329431
0.000965899961966
0.000959621228354
0.000953584066779
0.000949013531524
0.000950290940344
0.000964712129848
0.000973439852031
0.000836498869323
0.0008094719018
0.000828418833789
0.000795432449399
0.000828783212088
0.000794624246844
0.000827117273794
0.0007927675357
0.000823614102832
0.000792822395457
0.00082416059917
0.000798064013323
0.000825468466809
0.000806781497524
0.000828270396362
0.000820744598558
0.000830885379343
0.00086331115523
0.000955657166858
0.000986956356708
0.000975215503626
0.00096054901708
0.000959407986961
0.000973361882809
0.000952964498182
0.00050414325066
0.000476007519994
0.000504109073437
0.000473413023133
0.000503997799027
0.000474838503542
0.000503815155509
0.000478830926123
0.000503557691149
0.000484124598645
0.000503218521358
0.000489878337235
0.0005027903518
0.000494769498315
0.000502267119214
0.000500427539273
0.000506469328351
0.00150273347973
0.00150924277335
0.00151265685836
0.00151584050329
0.00151864843086
0.00152121199418
0.00152430985094
0.00152895481932
0.0015307679749
0.000688076065068
0.00148628178186
)
;
        source          uniform 0;
        value           nonuniform List<scalar> 
70
(
1087.62257145
1087.45194423
1087.10991578
1086.59494938
1085.90002236
1085.01290108
1083.92163628
1082.61225603
1080.9661687
1079.22601478
1079.58544179
1081.19694554
1082.54262208
1083.74474118
1084.85072919
1085.88061743
1086.86412667
1087.90517172
1088.80568115
1089.62731442
1090.44919404
1091.18148194
1091.9303761
1092.59236233
1093.27298051
1093.86967773
1094.48229859
1095.01438455
1095.56028788
1096.03299682
1096.51104207
1096.92530524
1097.32980159
1097.68588504
1097.98788025
1098.21036273
1098.44719705
1098.67729302
1098.86455207
1098.9930478
1099.05786559
1099.09692652
1099.38894074
1099.25924512
1099.0017625
1098.70506263
1098.2658163
1097.77624835
1097.13329131
1096.42167493
1095.54903341
1094.58520725
1093.45521106
1092.21009203
1090.79530438
1089.24260421
1087.51448473
1085.62103105
1083.53193263
1084.7837454
1084.68438633
1084.49498637
1084.21385892
1083.84099748
1083.37561526
1082.81580101
1082.15723491
1081.38216774
1081.08605245
1080.45737118
)
;
        kappaMethod     solidThermo;
        Tnbr            T.liquid;
        region          solid;
        otherPhase      gas;
    }
}


// ************************************************************************* //
