/*--------------------------------*- C++ -*----------------------------------*\
| =========                 |                                                 |
| \\      /  F ield         | OpenFOAM: The Open Source CFD Toolbox           |
|  \\    /   O peration     | Version:  2206                                  |
|   \\  /    A nd           | Website:  www.openfoam.com                      |
|    \\/     M anipulation  |                                                 |
\*---------------------------------------------------------------------------*/
FoamFile
{
    version     2.0;
    format      ascii;
    arch        "LSB;label=64;scalar=64";
    class       faceSet;
    location    "constant/polyMesh/sets";
    object      wrongFaces;
}
// * * * * * * * * * * * * * * * * * * * * * * * * * * * * * * * * * * * * * //


210
(
655396
688182
655414
688634
164695
164700
689713
689843
657118
919630
657536
690539
1247936
1248007
1248173
1248183
297979
1248254
1248260
1248283
1248290
1248365
1248371
1248394
1248401
1248476
1248482
1248553
298577
102074
462599
102437
102494
1283301
333221
1284204
1284211
137939
204010
204202
204679
630985
205334
303757
1286814
205660
205864
205865
205919
142857
110137
634434
929503
602096
602099
602109
1029298
276354
276539
276644
276762
1227071
276838
211650
211652
277347
277424
277441
277450
277464
1522740
1522765
1522791
1522792
277628
1522814
277640
277654
277664
277680
277692
277706
277716
277884
277896
277910
277920
277936
277948
277962
277972
278140
278152
278458
278637
311430
180475
311556
278803
278920
705077
311898
311899
279402
279634
640107
640314
312702
312746
312758
312759
312798
312799
312813
312814
312864
149952
150006
150096
314019
150185
150257
150335
150385
150416
937280
1330626
1428992
1330713
151222
1429261
1330972
1331141
151540
217226
217227
1331358
282916
282917
1331557
1331564
1036735
1331881
1331886
1331926
1331931
218121
1332251
1332256
1332296
1332301
644249
1332680
644556
644868
1333211
645154
645155
1333461
1333536
121240
121301
121885
416878
417013
417444
384892
384956
384997
385252
123116
1762278
943192
387026
387437
387518
190971
387682
977551
977563
158395
158397
486088
387841
125769
387924
290071
322993
322995
683540
683684
782389
651493
684393
291886
291903
128272
1406316
194020
194022
652873
1408135
1408183
1408184
1408199
1408200
1408227
1408290
654830
1015761
)


// ************************************************************************* //
