/*--------------------------------*- C++ -*----------------------------------*\
| =========                 |                                                 |
| \\      /  F ield         | OpenFOAM: The Open Source CFD Toolbox           |
|  \\    /   O peration     | Version:  2206                                  |
|   \\  /    A nd           | Website:  www.openfoam.com                      |
|    \\/     M anipulation  |                                                 |
\*---------------------------------------------------------------------------*/
FoamFile
{
    version     2.0;
    format      ascii;
    arch        "LSB;label=64;scalar=64";
    class       volScalarField;
    location    "1.5/solid";
    object      T;
}
// * * * * * * * * * * * * * * * * * * * * * * * * * * * * * * * * * * * * * //

dimensions      [0 0 0 1 0 0 0];

internalField   nonuniform List<scalar> 
500
(
1101.77270317
1101.68666033
1101.4407544
1101.01910942
1100.42095603
1099.64576658
1098.690582
1097.54982618
1096.20768121
1094.73057611
1103.21915283
1103.08746376
1102.8075562
1102.37023735
1101.77162424
1101.01016304
1100.08604068
1099.00263359
1097.76832567
1096.4005684
1104.51552775
1104.37139395
1104.07967723
1103.6370759
1103.04157712
1102.29264279
1101.39148093
1100.34150111
1099.14739043
1097.8100606
1105.6635586
1105.51706481
1105.22324271
1104.78110656
1104.19007131
1103.45030074
1102.56298218
1101.53040696
1100.35424265
1099.02881928
1106.67097458
1106.52461204
1106.23169502
1105.79202398
1105.20559817
1104.47279943
1103.59457464
1102.57247778
1101.40681787
1100.08862263
1107.5468253
1107.40130058
1107.11023634
1106.67367041
1106.09176965
1105.36492083
1104.49388491
1103.47994076
1102.32306216
1101.01199564
1108.3036044
1108.15915528
1107.87028314
1107.43707468
1106.85971011
1106.13851937
1105.27414314
1104.26781838
1103.11967801
1101.81666423
1108.9555795
1108.8123209
1108.52582942
1108.09618211
1107.52352819
1106.80813517
1105.95056741
1104.95214125
1103.81350098
1102.52013848
1109.51724011
1109.37526968
1109.09134402
1108.66551771
1108.09790459
1107.38872194
1106.53848624
1105.54865652
1104.42067316
1103.13896156
1110.00232168
1109.8617496
1109.58061029
1109.15893865
1108.59682179
1107.89444172
1107.05227885
1106.07195149
1104.95597322
1103.68872663
1110.42326031
1110.28421216
1110.00611405
1109.58898939
1109.03291223
1108.33804746
1107.50485056
1106.53510722
1105.43271944
1104.18353846
1110.79094045
1110.65355026
1110.37876603
1109.96660927
1109.41715645
1108.73057607
1107.90731007
1106.94929223
1105.862081
1104.63462237
1111.11464107
1110.97904154
1110.70784066
1110.30106636
1109.75881038
1109.08126154
1108.26885275
1107.32361947
1106.25305233
1105.05126466
1111.40210936
1111.26842269
1111.00105236
1110.60003813
1110.06549487
1109.39764111
1108.59689178
1107.66524839
1106.61197017
1105.43829536
1111.65970692
1111.52803814
1111.26470986
1110.86977611
1110.34337825
1109.68576918
1108.89734213
1107.97996793
1106.94466298
1105.8036345
1111.89258691
1111.76302031
1111.50390283
1111.11530272
1110.59738701
1109.95044242
1109.17483137
1108.27213726
1107.25448764
1106.14973317
1112.1048743
1111.97747261
1111.72269076
1111.34060939
1110.83141771
1110.19543268
1109.43298283
1108.54525381
1107.54459498
1106.48216183
1112.29983273
1112.17463866
1111.92427698
1111.54883854
1111.04853061
1110.42369606
1109.6746316
1108.80206526
1107.81714886
1106.79081448
1112.48000792
1112.35704663
1112.11115475
1111.74243179
1111.25110057
1110.63753001
1109.90200054
1109.04480402
1108.0752112
1107.06204861
1112.64734447
1112.52662597
1112.28522356
1111.92324433
1111.44092481
1110.8386599
1110.11672919
1109.27504148
1108.32099517
1107.31946107
1112.80327742
1112.68479857
1112.44787918
1112.09263345
1111.61931057
1111.02833201
1110.31999174
1109.49386013
1108.55542055
1107.56534805
1112.94880049
1112.83254638
1112.60008013
1112.25152258
1111.78713385
1111.20735957
1110.51251468
1109.70186247
1108.77896274
1107.79935129
1113.0845129
1112.97045786
1112.74239347
1112.40044704
1111.94488824
1111.37618524
1110.69468622
1109.89941946
1108.99217358
1108.0238587
1113.21064567
1113.0987536
1112.87501901
1112.53957572
1112.09270257
1111.53489014
1110.86653019
1110.0864461
1109.19457116
1108.23616706
1113.32706879
1113.2172927
1112.99779379
1112.66871172
1112.23033231
1111.68316484
1111.02765117
1110.26246637
1109.38580099
1108.43787145
1113.43328114
1113.32556313
1113.11018391
1112.78728843
1112.35716772
1111.82034679
1111.17732568
1110.42668804
1109.56491207
1108.62602745
1113.52838183
1113.42265311
1113.21125581
1112.89433952
1112.47219857
1111.94536968
1111.314415
1110.57787931
1109.73061882
1108.80094084
1113.61102235
1113.50720363
1113.29962953
1112.9884537
1112.57397159
1112.05672583
1111.43734012
1110.71437622
1109.88117631
1108.95949484
1113.67933849
1113.57734041
1113.37341094
1113.0677081
1112.66052821
1112.15241797
1111.54406877
1110.83412264
1110.01450583
1109.10066257
1113.73086349
1113.63058619
1113.43010189
1113.12957349
1112.72929818
1112.22982428
1111.63191386
1110.93435475
1110.12778417
1109.22057479
1113.76242733
1113.66375969
1113.4664985
1113.17081207
1112.77699913
1112.28560919
1111.69748305
1111.01164053
1110.21760401
1109.3167105
1113.7700483
1113.67286736
1113.47858314
1113.18736924
1112.7995258
1112.31560129
1111.73651562
1111.06158897
1110.2793578
1109.38307733
1113.74882322
1113.65299486
1113.46141847
1113.17427138
1112.79185303
1112.31470585
1111.74382537
1111.07891407
1110.30774823
1109.41489638
1113.69282199
1113.59820399
1113.40904944
1113.12553674
1112.74796099
1112.27685161
1111.71327172
1111.05738886
1110.29649666
1109.40493438
1113.59499116
1113.5014381
1113.31441273
1113.03409105
1112.6607587
1112.19492169
1111.63769126
1110.98977231
1110.23839763
1109.34624307
1113.44707358
1113.35444286
1113.16925976
1112.89169489
1112.52202
1112.06070832
1111.50889461
1110.86787137
1110.12532912
1109.22968172
1113.23955475
1113.14771206
1112.96410168
1112.6888871
1112.32232423
1111.86484794
1111.31759209
1110.68247332
1109.94840423
1109.04696736
1112.96164991
1112.87047314
1112.68819108
1112.41496006
1112.05102074
1111.59676733
1111.05330593
1110.4231783
1109.6975703
1108.78818834
1112.60134849
1112.51072918
1112.32955916
1112.05798927
1111.69624807
1111.2446912
1110.70437206
1110.07840588
1109.36149093
1108.45192504
1112.14553107
1112.05537332
1111.87512516
1111.60493541
1111.24502684
1110.79572394
1110.25800814
1109.63545501
1108.92703118
1108.03409679
1111.58017033
1111.49038697
1111.3108888
1111.04182786
1110.68342997
1110.23599984
1109.70043296
1109.08061505
1108.37989828
1107.51167602
1110.89062255
1110.80112828
1110.62221284
1110.3540384
1109.99684536
1109.55093532
1109.01711504
1108.39942227
1107.70540942
1106.86436701
1110.06200989
1109.97271153
1109.7941965
1109.52664541
1109.1703271
1108.72556083
1108.19307204
1107.57688929
1106.88838456
1106.07643252
1109.07968828
1108.99047247
1108.81213551
1108.54488561
1108.1890356
1107.74494789
1107.21328796
1106.59792778
1105.91343691
1105.13345145
1107.92979036
1107.84051004
1107.66206066
1107.39468569
1107.03875599
1106.59470386
1106.06317029
1105.44775586
1104.76524496
1104.02105741
1106.59982944
1106.51029238
1106.33134724
1106.06327346
1105.70650192
1105.26154771
1104.72906128
1104.1123126
1103.42891202
1102.71825256
1105.07934456
1104.98930802
1104.80938194
1104.53986944
1104.18123034
1103.73402167
1103.19887849
1102.57870911
1101.89085427
1101.18868262
1103.36054765
1103.2697115
1103.08823362
1102.81642721
1102.45469751
1102.00348433
1101.4631932
1100.83615285
1100.13912352
1099.43031823
1101.43893528
1101.34684604
1101.16316065
1100.88825726
1100.52237721
1100.06554372
1099.5173728
1098.87873376
1098.16485854
1097.43776433
1099.3140507
1099.21938704
1099.03253335
1098.75400159
1098.3838204
1097.92137744
1097.36483279
1096.71181935
1095.97197846
1095.19560519
)
;

boundaryField
{
    symmetric
    {
        type            symmetry;
    }
    emptyPatch
    {
        type            empty;
    }
    solid_to_water
    {
        type            compressible::turbulentTemperatureTwoPhaseRadCoupledMixed;
        refValue        nonuniform List<scalar> 
70
(
360.525916469
360.748386733
360.171813543
359.948199135
359.237087834
358.853534988
358.240270679
356.380046808
346.225489879
338.831635704
340.218729015
341.057392092
341.352786473
341.236434374
341.187519211
341.03140308
340.942612259
340.752427526
340.22275932
339.174801077
338.067727282
337.03820525
336.139109575
335.525920648
335.429880922
336.221376733
340.049250009
368.675146636
387.342242959
389.488638103
403.280117875
398.247653233
409.529031165
402.293584083
412.578785486
404.661984879
413.078829533
405.881666699
412.696316854
406.228311465
411.794233612
405.879393988
409.97008165
406.180359294
408.83304691
405.370978104
403.914174207
387.947868016
356.10364815
343.660060117
339.520395619
337.69540881
337.177800282
337.699488367
341.184782493
362.234241864
410.352456164
431.733520255
438.035057945
334.17855558
334.290305751
334.365618569
334.436863312
334.506284514
334.570398967
334.618774974
334.689559376
334.981843925
407.200804321
336.0429728
)
;
        refGradient     uniform 0;
        valueFraction   nonuniform List<scalar> 
70
(
0.000841079531125
0.000836485266325
0.000841905390524
0.000836865566922
0.000841437436896
0.000839441657129
0.000842418564317
0.000869762909585
0.00112934804419
0.0014436883474
0.000973627750985
0.000975773746717
0.000975090116915
0.000977530396382
0.000977813625288
0.000979472755335
0.000979863796945
0.000980995082494
0.00098429649078
0.000989566470462
0.000988107636272
0.000979719134851
0.000967602356095
0.000957269980359
0.000956584371615
0.000970049430749
0.000985505776216
0.000613986108678
0.00055144441471
0.000585264284383
0.000540208568225
0.00058324873525
0.000541586111984
0.000583361284296
0.000543007594331
0.000582829269962
0.00054877432502
0.000582908987595
0.000554213881851
0.00058359709652
0.00055916242389
0.000585779525975
0.00056768425487
0.000585774662755
0.000574121084366
0.000588587977238
0.000585262425106
0.000630165430104
0.000845297639715
0.00097612048684
0.000991555100542
0.000981511510455
0.000978742245356
0.000983878439375
0.000983432990032
0.000752328746019
0.000528145678183
0.000504089725501
0.000508135461382
0.00151816583349
0.00152460396152
0.00152827324761
0.00153149258697
0.00153428708366
0.00153649240531
0.00153765496934
0.00153941536216
0.0015458687843
0.00060942773452
0.00152375412819
)
;
        source          uniform 0;
        value           nonuniform List<scalar> 
70
(
1101.14936831
1101.06778265
1100.81786731
1100.40015704
1099.79854998
1099.02513754
1098.06799547
1096.90645756
1095.36235127
1093.64092663
1093.99759622
1095.66535023
1097.07432525
1098.28999145
1099.34850979
1100.26961352
1101.07314504
1101.77494527
1102.39024203
1102.93459018
1103.42906859
1103.88520383
1104.30994453
1104.7040637
1105.06977424
1105.40641999
1105.73096119
1106.33666348
1106.66322864
1106.8979227
1107.18285806
1107.38416637
1107.64369289
1107.82316625
1108.05832457
1108.21471274
1108.41770151
1108.54880135
1108.7134951
1108.80960717
1108.92569036
1108.9704435
1109.01708038
1108.99255423
1108.94346366
1108.81501349
1108.63384608
1108.33418946
1107.81950813
1107.29373121
1106.75649397
1106.11592177
1105.33064915
1104.3855414
1103.27831583
1102.16556142
1100.82483051
1099.09419663
1097.1030148
1098.1539611
1098.05468588
1097.86542695
1097.58496963
1097.21332797
1096.75001323
1096.19350452
1095.54012937
1094.79644857
1094.77712093
1094.03964135
)
;
        kappaMethod     solidThermo;
        Tnbr            T.liquid;
        region          solid;
        otherPhase      gas;
    }
}


// ************************************************************************* //
