-0.11 	0.0124691 	-0.000394407 	0.00874284
-0.109559 	0.0129096 	-0.000469144 	0.00895124
-0.109118 	0.01335 	-0.00054388 	0.00915964
-0.108677 	0.0137905 	-0.000618617 	0.00936804
-0.108236 	0.0142309 	-0.000693354 	0.00957644
-0.107796 	0.0147027 	-0.000753513 	0.00979597
-0.107355 	0.0151827 	-0.000809786 	0.0100185
-0.106914 	0.0154761 	-0.00086264 	0.0101432
-0.106473 	0.0155756 	-0.000911855 	0.0101659
-0.106032 	0.015675 	-0.00096107 	0.0101887
-0.105591 	0.0157579 	-0.00102398 	0.0102153
-0.10515 	0.0158372 	-0.00108987 	0.0102427
-0.104709 	0.0159164 	-0.00115576 	0.0102702
-0.104269 	0.0159956 	-0.00122165 	0.0102976
-0.103828 	0.0160749 	-0.00128754 	0.0103251
-0.103387 	0.0161707 	-0.00135538 	0.0103405
-0.102946 	0.0162864 	-0.00142555 	0.0103417
-0.102505 	0.0164021 	-0.00149571 	0.010343
-0.102064 	0.0165178 	-0.00156588 	0.0103442
-0.101623 	0.0166335 	-0.00163604 	0.0103455
-0.101182 	0.0167502 	-0.00170379 	0.0103457
-0.100741 	0.0168731 	-0.00175723 	0.0103396
-0.100301 	0.016996 	-0.00181068 	0.0103336
-0.0998597 	0.0171664 	-0.00186013 	0.0103131
-0.0994188 	0.0173853 	-0.00190552 	0.0102779
-0.098978 	0.0176042 	-0.0019509 	0.0102426
-0.0985371 	0.0177845 	-0.00200255 	0.0102214
-0.0980962 	0.0179592 	-0.00205509 	0.0102023
-0.0976553 	0.0181339 	-0.00210764 	0.0101832
-0.0972144 	0.0183086 	-0.00216019 	0.010164
-0.0967735 	0.0184832 	-0.00221274 	0.0101449
-0.0963327 	0.0187039 	-0.00227452 	0.0100723
-0.0958918 	0.0189523 	-0.00234198 	0.00996719
-0.0954509 	0.0192007 	-0.00240945 	0.00986207
-0.09501 	0.0194491 	-0.00247691 	0.00975694
-0.0945691 	0.0196975 	-0.00254437 	0.00965181
-0.0941283 	0.0199467 	-0.00260275 	0.00954712
-0.0936874 	0.0201974 	-0.00264487 	0.00944323
-0.0932465 	0.0204482 	-0.00268699 	0.00933934
-0.0928056 	0.0206989 	-0.00272911 	0.00923545
-0.0923647 	0.0209496 	-0.00277122 	0.00913157
-0.0919238 	0.0212003 	-0.00281334 	0.00902768
-0.091483 	0.021451 	-0.00285546 	0.00892379
-0.0531263 	0.0261993 	-0.00286923 	-0.0141527
-0.0526854 	0.0267359 	-0.00268652 	-0.0136516
-0.0522445 	0.028294 	-0.00217106 	-0.0126434
-0.0518036 	0.031048 	-0.00204424 	-0.0112887
-0.0509218 	0.0414442 	-0.00355113 	-0.0063147
-0.050481 	0.051344 	-0.00237353 	-0.00300841
-0.0500401 	0.0610456 	-0.000698347 	-0.000231945
-0.0376954 	0.0372837 	0.00081242 	-0.00128571
-0.0372545 	0.026744 	0.00322094 	-0.00301484
-0.0368136 	0.0221775 	0.00283323 	-0.00416615
-0.0363727 	0.0187103 	0.00232399 	-0.00528523
-0.0359319 	0.0177023 	0.00166886 	-0.00611731
-0.035491 	0.0165748 	0.000863263 	-0.00691618
-0.0350501 	0.0156071 	0.000679479 	-0.00737447
-0.0346092 	0.0147851 	0.000625123 	-0.00788535
-0.0341683 	0.013779 	0.000517204 	-0.00802517
-0.0337275 	0.0129123 	0.000501894 	-0.00813013
-0.0332866 	0.011998 	0.000495686 	-0.00803828
-0.0328457 	0.0110784 	0.000462869 	-0.00790897
0.00507014 	-0.00502824 	5.95394e-05 	0.000139933
0.00551102 	-0.00408087 	0.000184243 	0.000301175
0.0059519 	-0.0031335 	0.000308947 	0.000462417
0.00639279 	-0.00200925 	0.000397901 	0.000695325
0.00683367 	-0.000701859 	0.000449837 	0.00100244
0.00727455 	0.000605536 	0.000501772 	0.00130955
0.00771543 	0.00191293 	0.000553708 	0.00161667
0.00815631 	0.00322033 	0.000605644 	0.00192378
0.00859719 	0.00437001 	0.000688759 	0.00213845
0.00903808 	0.0042754 	0.000928307 	0.00187288
0.00947896 	0.00417505 	0.00117025 	0.00160985
0.00991984 	0.00407471 	0.0014122 	0.00134682
0.0103607 	0.00397436 	0.00165414 	0.00108379
0.0108016 	0.00387401 	0.00189608 	0.000820759
0.0112425 	0.0037464 	0.0020628 	0.000644026
0.0116834 	0.00361155 	0.00220951 	0.000490232
0.0121242 	0.00346601 	0.00233329 	0.000347958
0.0125651 	0.00329389 	0.00230343 	0.000388418
0.013006 	0.00312178 	0.00227357 	0.000428877
0.0134469 	0.00290929 	0.00230039 	0.000394055
0.0138878 	0.0026517 	0.00239051 	0.000275181
0.0143287 	0.00239412 	0.00248063 	0.000156306
0.0147695 	0.00213653 	0.00257075 	3.74308e-05
0.0152104 	0.00187895 	0.00266086 	-8.14441e-05
0.0156513 	0.00162407 	0.00273475 	-0.000183322
0.0160922 	0.00135095 	0.0026873 	-0.000145455
0.0165331 	0.00107783 	0.00263985 	-0.000107589
0.0169739 	0.00080471 	0.00259241 	-6.97223e-05
0.0174148 	0.000531591 	0.00254496 	-3.18557e-05
0.0178557 	0.000258472 	0.00249751 	6.01084e-06
0.0182966 	6.98617e-05 	0.00239363 	0.000102055
0.0187375 	-7.00874e-05 	0.00225725 	0.000231597
0.0191784 	-0.000210036 	0.00212087 	0.000361139
0.0196192 	-0.000351084 	0.00200825 	0.000444967
0.0200601 	-0.000485007 	0.00190335 	0.000519479
0.020501 	-0.000640038 	0.00179524 	0.000600212
0.0209419 	-0.000913367 	0.00166909 	0.00071581
0.0213828 	-0.0011867 	0.00154293 	0.000831408
0.0218236 	-0.00146003 	0.00141677 	0.000947005
0.0222645 	-0.00173335 	0.00129061 	0.0010626
0.0227054 	-0.00200668 	0.00116446 	0.0011782
0.0231463 	-0.00228211 	0.00107254 	0.00124547
0.0235872 	-0.00256873 	0.00100301 	0.00128367
0.0240281 	-0.00285535 	0.000933482 	0.00132188
0.0244689 	-0.00314197 	0.000863954 	0.00136009
0.0249098 	-0.00342858 	0.000794427 	0.0013983
0.0253507 	-0.00371017 	0.000734617 	0.00142256
0.0257916 	-0.00394284 	0.000769204 	0.00131138
0.0262325 	-0.00417551 	0.000803791 	0.00120019
0.0266733 	-0.00447583 	0.000881287 	0.00102467
0.0271142 	-0.00492968 	0.00106548 	0.000694788
0.0275551 	-0.00538352 	0.00124967 	0.000364907
0.027996 	-0.00579998 	0.00136116 	0.000125015
0.0284369 	-0.00618285 	0.00140732 	-3.39981e-05
0.0288778 	-0.00656571 	0.00145348 	-0.000193012
0.0293186 	-0.00694857 	0.00149964 	-0.000352025
0.0297595 	-0.00733144 	0.0015458 	-0.000511039
0.0302004 	-0.0077143 	0.00159196 	-0.000670052
0.0306413 	-0.00826852 	0.00176438 	-0.00104889
0.0310822 	-0.00883161 	0.00194349 	-0.00143706
0.031523 	-0.00939471 	0.0021226 	-0.00182523
0.0319639 	-0.0099578 	0.00230171 	-0.0022134
0.0324048 	-0.0105209 	0.00248082 	-0.00260157
0.0328457 	-0.0111286 	0.00270443 	-0.00302005
0.0332866 	-0.0118207 	0.00301226 	-0.0034959
0.0337275 	-0.0125128 	0.0033201 	-0.00397176
0.0341683 	-0.0132555 	0.00359675 	-0.00441311
0.0346092 	-0.0140395 	0.00384804 	-0.00482035
0.0350501 	-0.0148235 	0.00409933 	-0.0052276
0.035491 	-0.0155691 	0.00431201 	-0.00568626
0.0359319 	-0.0163032 	0.00451307 	-0.0061604
0.0363727 	-0.0170373 	0.00471414 	-0.00663453
0.0368136 	-0.0177714 	0.0049152 	-0.00710866
0.0372545 	-0.0185055 	0.00511626 	-0.00758279
0.0376954 	-0.0192564 	0.00528586 	-0.00799559
0.0381363 	-0.0200609 	0.00533946 	-0.00817475
0.0385772 	-0.0208654 	0.00539305 	-0.00835391
0.039018 	-0.0216699 	0.00544665 	-0.00853307
0.0394589 	-0.0224745 	0.00550024 	-0.00871223
0.0398998 	-0.023279 	0.00555384 	-0.00889139
0.0403407 	-0.0240156 	0.00558603 	-0.00894676
0.0407816 	-0.0247344 	0.0056126 	-0.00896964
0.0412224 	-0.0254504 	0.00562689 	-0.00895157
0.0416633 	-0.0260903 	0.0055151 	-0.00841892
0.0421042 	-0.0267303 	0.00540332 	-0.00788627
0.0425451 	-0.027435 	0.00530415 	-0.007418
0.042986 	-0.0282065 	0.00521802 	-0.00701626
0.0434269 	-0.0289781 	0.00513189 	-0.00661451
0.0438677 	-0.0297496 	0.00504575 	-0.00621276
0.0443086 	-0.0305212 	0.00495962 	-0.00581102
0.0447495 	-0.0311738 	0.00481899 	-0.00532139
0.0451904 	-0.0315624 	0.00457198 	-0.00468779
0.0456313 	-0.031951 	0.00432497 	-0.00405419
0.0460721 	-0.0323396 	0.00407796 	-0.00342058
0.046513 	-0.0327282 	0.00383095 	-0.00278698
0.0469539 	-0.0331113 	0.00358616 	-0.00209811
0.0473948 	-0.0334889 	0.00334366 	-0.00135262
0.0478357 	-0.033815 	0.00309816 	-0.000652497
0.0482766 	-0.0335138 	0.00285875 	-0.000603225
0.0487174 	-0.0332126 	0.00261934 	-0.000553953
0.0491583 	-0.0328872 	0.00237478 	-0.000531811
0.0495992 	-0.0325495 	0.00212763 	-0.000523272
0.0500401 	-0.0322119 	0.00188048 	-0.000514734
0.050481 	-0.0318742 	0.00163334 	-0.000506195
0.0509218 	-0.0315366 	0.00138619 	-0.000497657
0.0513627 	-0.0311955 	0.00131157 	-0.000835323
0.0518036 	-0.030902 	0.00126958 	-0.00123187
0.0522445 	-0.0306085 	0.0012276 	-0.00162842
0.0526854 	-0.0303151 	0.00118562 	-0.00202497
0.0531263 	-0.0300216 	0.00114364 	-0.00242153
0.0535671 	-0.0297281 	0.00110166 	-0.00281808
0.054008 	-0.0293981 	0.00102067 	-0.00331327
0.0544489 	-0.0290622 	0.000933318 	-0.00382458
0.0548898 	-0.0287262 	0.000845961 	-0.00433589
0.0553307 	-0.0287137 	0.000875423 	-0.00480741
0.0557715 	-0.0287298 	0.000917686 	-0.00527616
0.0562124 	-0.0287459 	0.000959949 	-0.00574492
0.0566533 	-0.0287828 	0.00105417 	-0.00609134
0.0570942 	-0.0288223 	0.0011547 	-0.00642289
0.0575351 	-0.0288617 	0.00125523 	-0.00675445
0.057976 	-0.0289012 	0.00135577 	-0.007086
0.0584168 	-0.0289407 	0.0014563 	-0.00741755
0.0588577 	-0.0289801 	0.00155684 	-0.0077491
0.0592986 	-0.0290186 	0.00173643 	-0.00800105
0.0597395 	-0.0290558 	0.00192533 	-0.0082417
0.0601804 	-0.0290929 	0.00211423 	-0.00848236
0.0606212 	-0.02913 	0.00230313 	-0.00872301
0.0610621 	-0.0291671 	0.00249203 	-0.00896366
0.061503 	-0.0292043 	0.00268093 	-0.00920432
0.0619439 	-0.0292582 	0.00285287 	-0.00949569
0.0623848 	-0.0293132 	0.00302368 	-0.00979042
0.0628257 	-0.0293682 	0.0031945 	-0.0100852
0.0632665 	-0.0293875 	0.00337684 	-0.0102005
0.0637074 	-0.0294053 	0.00355944 	-0.0103077
0.0641483 	-0.0294231 	0.00374204 	-0.0104149
0.0645892 	-0.0294247 	0.00391219 	-0.010515
0.0650301 	-0.029426 	0.00408219 	-0.0106151
0.0654709 	-0.0294274 	0.0042522 	-0.0107152
0.0659118 	-0.0294288 	0.0044222 	-0.0108153
0.0663527 	-0.0294301 	0.0045922 	-0.0109153
0.0667936 	-0.0294196 	0.00476064 	-0.0109949
0.0672345 	-0.0293162 	0.0049165 	-0.010915
0.0681162 	-0.0291094 	0.00522825 	-0.0107554
0.0685571 	-0.029006 	0.00538415 	-0.0106756
0.068998 	-0.0289026 	0.00554004 	-0.0105958
0.0694389 	-0.0288035 	0.00569422 	-0.0105155
0.0698798 	-0.028769 	0.00582223 	-0.010428
0.0703206 	-0.0287345 	0.00595023 	-0.0103404
0.0707615 	-0.0287 	0.00607824 	-0.0102529
0.0712024 	-0.0286655 	0.00620625 	-0.0101653
0.0716433 	-0.028631 	0.00633426 	-0.0100778
0.0720842 	-0.0285965 	0.00646227 	-0.00999024
0.0725251 	-0.028562 	0.00659027 	-0.00990269
0.0729659 	-0.0285275 	0.00671828 	-0.00981514
0.0734068 	-0.028493 	0.00684629 	-0.0097276
0.0738477 	-0.0284585 	0.0069743 	-0.00964005
0.0742886 	-0.028424 	0.0071023 	-0.00955251
0.0747295 	-0.0283805 	0.00722285 	-0.00944928
0.0751703 	-0.0282517 	0.0072707 	-0.00919529
0.0756112 	-0.0281229 	0.00731856 	-0.0089413
0.0760521 	-0.0279941 	0.00736641 	-0.00868731
0.076493 	-0.0278653 	0.00741427 	-0.00843332
0.0778156 	-0.0274791 	0.00755812 	-0.00767176
0.0782565 	-0.0273504 	0.00760611 	-0.00741795
0.0786974 	-0.0272217 	0.00765409 	-0.00716414
0.0791383 	-0.0270929 	0.00770207 	-0.00691033
0.0795792 	-0.0269631 	0.00775229 	-0.00665987
0.08002 	-0.0268187 	0.00783044 	-0.00645148
0.0804609 	-0.0266743 	0.00790859 	-0.00624308
0.0809018 	-0.0265299 	0.00798674 	-0.00603469
0.0813427 	-0.0263855 	0.00806489 	-0.00582629
0.0817836 	-0.0262411 	0.00814304 	-0.0056179
0.0822244 	-0.0260624 	0.00817721 	-0.00537003
0.0826653 	-0.0258582 	0.00817863 	-0.00509351
0.0831062 	-0.025654 	0.00818006 	-0.00481699
0.0835471 	-0.0254498 	0.00818148 	-0.00454047
0.083988 	-0.0252456 	0.0081829 	-0.00426395
0.0844289 	-0.0250414 	0.00818433 	-0.00398743
0.0848697 	-0.0248111 	0.0081493 	-0.00364543
0.0853106 	-0.0245804 	0.0081138 	-0.00330258
0.0857515 	-0.0243498 	0.00807829 	-0.00295972
0.0861924 	-0.0241191 	0.00804279 	-0.00261687
0.0866333 	-0.0238885 	0.00800729 	-0.00227401
0.0870741 	-0.0236578 	0.00797178 	-0.00193115
0.100301 	-0.015795 	0.0050877 	0.00618085
0.108677 	-0.0101867 	0.00197434 	0.00782078
0.109118 	-0.00972912 	0.00176733 	0.00772641
0.109559 	-0.00927151 	0.00156031 	0.00763203
0.11 	-0.00881391 	0.00135329 	0.00753766
