-0.11 	0.0122363 	-0.000333607 	0.00719369
-0.109559 	0.0127752 	-0.00040932 	0.00738144
-0.109118 	0.0133141 	-0.000485032 	0.0075692
-0.108677 	0.0138531 	-0.000560744 	0.00775695
-0.108236 	0.014392 	-0.000636457 	0.00794471
-0.107796 	0.0149633 	-0.000699956 	0.00814738
-0.107355 	0.0155433 	-0.000760199 	0.00835402
-0.106914 	0.0158957 	-0.000822648 	0.00846015
-0.106473 	0.0160102 	-0.000887607 	0.00846145
-0.106032 	0.0161248 	-0.000952565 	0.00846275
-0.105591 	0.0162161 	-0.00102469 	0.00846065
-0.10515 	0.0163022 	-0.00109837 	0.00845782
-0.104709 	0.0163884 	-0.00117205 	0.00845498
-0.104269 	0.0164746 	-0.00124573 	0.00845215
-0.103828 	0.0165608 	-0.00131942 	0.00844932
-0.103387 	0.0166122 	-0.0013972 	0.00843692
-0.102946 	0.0166227 	-0.0014798 	0.00841338
-0.102505 	0.0166332 	-0.00156241 	0.00838984
-0.102064 	0.0166437 	-0.00164501 	0.0083663
-0.101623 	0.0166542 	-0.00172762 	0.00834276
-0.101182 	0.0166657 	-0.00180928 	0.00831935
-0.100741 	0.0166837 	-0.00188539 	0.00829676
-0.100301 	0.0167016 	-0.00196151 	0.00827416
-0.0998597 	0.016753 	-0.00203426 	0.00825408
-0.0994188 	0.0168384 	-0.00210359 	0.00823654
-0.098978 	0.0169239 	-0.00217292 	0.00821901
-0.0985371 	0.0169884 	-0.00224087 	0.00820664
-0.0980962 	0.0170499 	-0.00230863 	0.00819502
-0.0976553 	0.0171114 	-0.00237639 	0.00818339
-0.0972144 	0.0171729 	-0.00244415 	0.00817177
-0.0967735 	0.0172344 	-0.0025119 	0.00816015
-0.0963327 	0.0173647 	-0.00258832 	0.00811842
-0.0958918 	0.0175367 	-0.00267004 	0.00805827
-0.0954509 	0.0177087 	-0.00275176 	0.00799811
-0.09501 	0.0178808 	-0.00283347 	0.00793795
-0.0945691 	0.0180528 	-0.00291519 	0.00787779
-0.0941283 	0.0182287 	-0.00298898 	0.00781361
-0.0936874 	0.0184114 	-0.00304857 	0.00774223
-0.0932465 	0.0185941 	-0.00310816 	0.00767085
-0.0928056 	0.0187768 	-0.00316775 	0.00759947
-0.0923647 	0.0189595 	-0.00322734 	0.00752809
-0.0919238 	0.0191422 	-0.00328693 	0.00745671
-0.091483 	0.019325 	-0.00334651 	0.00738533
-0.0531263 	0.0227576 	-0.00217274 	-0.0133615
-0.0526854 	0.0228363 	-0.00195835 	-0.0131897
-0.0522445 	0.0238049 	-0.00129262 	-0.0126592
-0.0518036 	0.0265367 	-0.00114929 	-0.0117728
-0.0509218 	0.0390911 	-0.00309418 	-0.00764825
-0.050481 	0.0503663 	-0.00218057 	-0.0040073
-0.0500401 	0.0610315 	-0.00069842 	-0.000472963
-0.0376954 	0.0379144 	0.000671405 	-0.0024343
-0.0372545 	0.0265037 	0.00396308 	-0.00459846
-0.0368136 	0.021455 	0.00429134 	-0.00464832
-0.0363727 	0.0176038 	0.00436542 	-0.00462738
-0.0359319 	0.0176851 	0.00333204 	-0.00468499
-0.035491 	0.0177788 	0.00205674 	-0.00474675
-0.0350501 	0.0183347 	0.000945224 	-0.00516078
-0.0346092 	0.0191381 	5.24561e-05 	-0.00545071
-0.0341683 	0.0189091 	-0.000428829 	-0.00603097
-0.0337275 	0.018601 	-0.000796677 	-0.00660299
-0.0332866 	0.0179812 	-0.00101626 	-0.0068717
-0.0328457 	0.0172574 	-0.00121494 	-0.0070951
0.00507014 	-0.00538904 	-6.22467e-05 	0.000197214
0.00551102 	-0.0050248 	-0.000696893 	0.000979287
0.0059519 	-0.00466055 	-0.00133154 	0.00176136
0.00639279 	-0.00447159 	-0.00200138 	0.00244602
0.00683367 	-0.00446413 	-0.00270766 	0.00302981
0.00727455 	-0.00445666 	-0.00341393 	0.00361361
0.00771543 	-0.0044492 	-0.00412021 	0.0041974
0.00815631 	-0.00444174 	-0.00482649 	0.00478119
0.00859719 	-0.00430704 	-0.00552617 	0.0053084
0.00903808 	-0.00386323 	-0.00583819 	0.00533855
0.00947896 	-0.0034313 	-0.00614525 	0.00536165
0.00991984 	-0.00299936 	-0.00645231 	0.00538475
0.0103607 	-0.00256743 	-0.00675938 	0.00540785
0.0108016 	-0.00213549 	-0.00706644 	0.00543095
0.0112425 	-0.00167233 	-0.00732879 	0.0054259
0.0116834 	-0.00120086 	-0.00757926 	0.00541337
0.0121242 	-0.000793819 	-0.00777543 	0.00538976
0.0125651 	-0.000743149 	-0.00773355 	0.00523163
0.013006 	-0.00069248 	-0.00769167 	0.0050735
0.0134469 	-0.000658375 	-0.00764285 	0.00495534
0.0138878 	-0.000642763 	-0.00758629 	0.0048818
0.0143287 	-0.000627152 	-0.00752973 	0.00480826
0.0147695 	-0.00061154 	-0.00747317 	0.00473472
0.0152104 	-0.000595929 	-0.00741661 	0.00466119
0.0156513 	-0.000594968 	-0.00735144 	0.00457298
0.0160922 	-0.00079978 	-0.00714569 	0.00438275
0.0165331 	-0.00100459 	-0.00693994 	0.00419252
0.0169739 	-0.0012094 	-0.00673418 	0.0040023
0.0174148 	-0.00141422 	-0.00652843 	0.00381207
0.0178557 	-0.00161903 	-0.00632268 	0.00362184
0.0182966 	-0.00181997 	-0.00613904 	0.00336206
0.0187375 	-0.00201869 	-0.00596814 	0.00306224
0.0191784 	-0.00221741 	-0.00579724 	0.00276242
0.0196192 	-0.00264614 	-0.00554424 	0.0023565
0.0200601 	-0.00310205 	-0.00528144 	0.00193459
0.020501 	-0.00354029 	-0.00501366 	0.00152701
0.0209419 	-0.00387946 	-0.00471805 	0.00119979
0.0213828 	-0.00421864 	-0.00442244 	0.000872577
0.0218236 	-0.00455781 	-0.00412682 	0.00054536
0.0222645 	-0.00489699 	-0.00383121 	0.000218143
0.0227054 	-0.00523617 	-0.00353559 	-0.000109074
0.0231463 	-0.00568716 	-0.00322662 	-0.000514052
0.0235872 	-0.00619168 	-0.00290769 	-0.000951727
0.0240281 	-0.00669619 	-0.00258876 	-0.0013894
0.0244689 	-0.0072007 	-0.00226984 	-0.00182708
0.0249098 	-0.00770522 	-0.00195091 	-0.00226475
0.0253507 	-0.00822898 	-0.00163693 	-0.00270356
0.0257916 	-0.00893965 	-0.00137098 	-0.00315333
0.0262325 	-0.00965033 	-0.00110503 	-0.00360309
0.0266733 	-0.0103889 	-0.000864032 	-0.00403352
0.0271142 	-0.0111823 	-0.000681387 	-0.00441263
0.0275551 	-0.0119758 	-0.000498742 	-0.00479173
0.027996 	-0.0126971 	-0.000279954 	-0.00519965
0.0284369 	-0.0133534 	-2.86823e-05 	-0.00563345
0.0288778 	-0.0140098 	0.000222589 	-0.00606725
0.0293186 	-0.0146661 	0.000473861 	-0.00650106
0.0297595 	-0.0153225 	0.000725132 	-0.00693486
0.0302004 	-0.0159789 	0.000976404 	-0.00736867
0.0306413 	-0.0166427 	0.00109413 	-0.00778843
0.0310822 	-0.017302 	0.00120657 	-0.00820997
0.031523 	-0.0179613 	0.001319 	-0.0086315
0.0319639 	-0.0186206 	0.00143143 	-0.00905304
0.0324048 	-0.0192799 	0.00154386 	-0.00947458
0.0328457 	-0.0199553 	0.0016464 	-0.00987943
0.0332866 	-0.0206613 	0.00173023 	-0.0102527
0.0337275 	-0.0213672 	0.00181405 	-0.010626
0.0341683 	-0.0220973 	0.00186207 	-0.0108969
0.0346092 	-0.0228503 	0.0018819 	-0.0110749
0.0350501 	-0.0236033 	0.00190173 	-0.0112528
0.035491 	-0.0243434 	0.00191222 	-0.0115148
0.0359319 	-0.0250796 	0.0019199 	-0.0118021
0.0363727 	-0.0258159 	0.00192758 	-0.0120894
0.0368136 	-0.0265522 	0.00193526 	-0.0123767
0.0372545 	-0.0272884 	0.00194295 	-0.012664
0.0376954 	-0.0280431 	0.00193361 	-0.0128412
0.0381363 	-0.0288563 	0.00186759 	-0.0126092
0.0385772 	-0.0296695 	0.00180158 	-0.0123771
0.039018 	-0.0304827 	0.00173556 	-0.0121451
0.0394589 	-0.0312959 	0.00166954 	-0.0119131
0.0398998 	-0.0321091 	0.00160353 	-0.011681
0.0403407 	-0.032912 	0.00159722 	-0.0112974
0.0407816 	-0.0337121 	0.00160658 	-0.010874
0.0412224 	-0.0344779 	0.00159534 	-0.0104206
0.0416633 	-0.0347061 	0.00129709 	-0.00966977
0.0421042 	-0.0349344 	0.00099884 	-0.00891893
0.0425451 	-0.0351729 	0.000649304 	-0.00821646
0.042986 	-0.0354221 	0.000246784 	-0.00756394
0.0434269 	-0.0356713 	-0.000155735 	-0.00691143
0.0438677 	-0.0359205 	-0.000558255 	-0.00625892
0.0443086 	-0.0361698 	-0.000960774 	-0.00560641
0.0447495 	-0.0361779 	-0.00141399 	-0.00496854
0.0451904 	-0.0357158 	-0.00194581 	-0.00438614
0.0456313 	-0.0352538 	-0.00247763 	-0.00380374
0.0460721 	-0.0347918 	-0.00300945 	-0.00322134
0.046513 	-0.0343297 	-0.00354127 	-0.00263894
0.0469539 	-0.0338514 	-0.00405021 	-0.00210913
0.0473948 	-0.0333564 	-0.00453568 	-0.00163323
0.0478357 	-0.032847 	-0.00499376 	-0.00118704
0.0482766 	-0.0322206 	-0.00515841 	-0.00117684
0.0487174 	-0.0315941 	-0.00532306 	-0.00116664
0.0491583 	-0.0310237 	-0.00548914 	-0.000986859
0.0495992 	-0.0304812 	-0.00565594 	-0.000722049
0.0500401 	-0.0299388 	-0.00582274 	-0.000457239
0.050481 	-0.0293964 	-0.00598955 	-0.000192428
0.0509218 	-0.028854 	-0.00615635 	7.23819e-05
0.0513627 	-0.0285323 	-0.00610022 	0.000112211
0.0518036 	-0.0282783 	-0.00599435 	0.000120579
0.0522445 	-0.0280244 	-0.00588847 	0.000128948
0.0526854 	-0.0277705 	-0.0057826 	0.000137317
0.0531263 	-0.0275165 	-0.00567672 	0.000145686
0.0535671 	-0.0272626 	-0.00557085 	0.000154054
0.054008 	-0.0269787 	-0.00545546 	2.73666e-06
0.0544489 	-0.0266899 	-0.00533852 	-0.000174675
0.0548898 	-0.0264011 	-0.00522157 	-0.000352086
0.0553307 	-0.0263487 	-0.00498239 	-0.000555908
0.0557715 	-0.0263171 	-0.00473522 	-0.000767571
0.0562124 	-0.0262855 	-0.00448805 	-0.000979235
0.0566533 	-0.0262277 	-0.00424471 	-0.00114202
0.0570942 	-0.0261666 	-0.00400183 	-0.00129886
0.0575351 	-0.0261055 	-0.00375896 	-0.0014557
0.057976 	-0.0260445 	-0.00351608 	-0.00161255
0.0584168 	-0.0259834 	-0.00327321 	-0.00176939
0.0588577 	-0.0259224 	-0.00303034 	-0.00192623
0.0592986 	-0.0258641 	-0.00278314 	-0.00214488
0.0597395 	-0.0258056 	-0.00253602 	-0.00236857
0.0601804 	-0.0257472 	-0.0022889 	-0.00259226
0.0606212 	-0.0256887 	-0.00204178 	-0.00281596
0.0610621 	-0.0256302 	-0.00179466 	-0.00303965
0.061503 	-0.0255718 	-0.00154754 	-0.00326334
0.0619439 	-0.0255472 	-0.00131498 	-0.00348099
0.0623848 	-0.0255249 	-0.00108338 	-0.00369824
0.0628257 	-0.0255026 	-0.000851782 	-0.00391548
0.0632665 	-0.0254868 	-0.000632106 	-0.00407564
0.0637074 	-0.0254717 	-0.000412874 	-0.00423322
0.0641483 	-0.0254566 	-0.000193643 	-0.0043908
0.0645892 	-0.0254221 	1.11528e-05 	-0.00454929
0.0650301 	-0.0253874 	0.000215774 	-0.00470778
0.0654709 	-0.0253527 	0.000420395 	-0.00486628
0.0659118 	-0.025318 	0.000625016 	-0.00502477
0.0663527 	-0.0252833 	0.000829637 	-0.00518327
0.0667936 	-0.0252443 	0.00103444 	-0.00533737
0.0672345 	-0.0251716 	0.00123999 	-0.00545719
0.0681162 	-0.0250262 	0.00165114 	-0.00569689
0.0685571 	-0.0249535 	0.00185674 	-0.00581675
0.068998 	-0.0248808 	0.00206234 	-0.00593662
0.0694389 	-0.024812 	0.00226619 	-0.00605317
0.0698798 	-0.0248014 	0.00244329 	-0.00611902
0.0703206 	-0.0247908 	0.00262038 	-0.00618488
0.0707615 	-0.0247802 	0.00279748 	-0.00625073
0.0712024 	-0.0247696 	0.00297457 	-0.00631658
0.0716433 	-0.024759 	0.00315166 	-0.00638244
0.0720842 	-0.0247484 	0.00332876 	-0.00644829
0.0725251 	-0.0247378 	0.00350585 	-0.00651415
0.0729659 	-0.0247272 	0.00368295 	-0.00658
0.0734068 	-0.0247166 	0.00386004 	-0.00664586
0.0738477 	-0.024706 	0.00403713 	-0.00671171
0.0742886 	-0.0246954 	0.00421423 	-0.00677756
0.0747295 	-0.0246814 	0.00438499 	-0.00683146
0.0751703 	-0.024636 	0.00449418 	-0.00676786
0.0756112 	-0.0245906 	0.00460336 	-0.00670426
0.0760521 	-0.0245452 	0.00471254 	-0.00664066
0.076493 	-0.0244999 	0.00482173 	-0.00657706
0.0778156 	-0.0243638 	0.00514953 	-0.00638665
0.0782565 	-0.0243185 	0.00525883 	-0.00632321
0.0786974 	-0.0242732 	0.00536812 	-0.00625978
0.0791383 	-0.0242278 	0.00547741 	-0.00619634
0.0795792 	-0.0241804 	0.0055871 	-0.006137
0.08002 	-0.0241076 	0.00570165 	-0.00612892
0.0804609 	-0.0240347 	0.0058162 	-0.00612085
0.0809018 	-0.0239618 	0.00593075 	-0.00611277
0.0813427 	-0.0238889 	0.0060453 	-0.0061047
0.0817836 	-0.023816 	0.00615985 	-0.00609662
0.0822244 	-0.0237239 	0.006236 	-0.00603547
0.0826653 	-0.0236173 	0.00628349 	-0.0059355
0.0831062 	-0.0235107 	0.00633098 	-0.00583553
0.0835471 	-0.0234042 	0.00637847 	-0.00573555
0.083988 	-0.0232976 	0.00642597 	-0.00563558
0.0844289 	-0.023191 	0.00647346 	-0.00553561
0.0848697 	-0.0230753 	0.0064949 	-0.00535848
0.0853106 	-0.0229596 	0.006516 	-0.00518034
0.0857515 	-0.0228438 	0.0065371 	-0.0050022
0.0861924 	-0.022728 	0.0065582 	-0.00482406
0.0866333 	-0.0226123 	0.0065793 	-0.00464592
0.0870741 	-0.0224965 	0.0066004 	-0.00446778
0.100301 	-0.0181314 	0.00455528 	0.00130093
0.108677 	-0.0140682 	0.00161904 	0.00393758
0.109118 	-0.0135757 	0.00144205 	0.00395401
0.109559 	-0.0130833 	0.00126506 	0.00397044
0.11 	-0.0125908 	0.00108807 	0.00398687
