/*--------------------------------*- C++ -*----------------------------------*\
| =========                 |                                                 |
| \\      /  F ield         | OpenFOAM: The Open Source CFD Toolbox           |
|  \\    /   O peration     | Version:  2206                                  |
|   \\  /    A nd           | Website:  www.openfoam.com                      |
|    \\/     M anipulation  |                                                 |
\*---------------------------------------------------------------------------*/
FoamFile
{
    version     2.0;
    format      ascii;
    arch        "LSB;label=64;scalar=64";
    class       volScalarField;
    location    "5/solid";
    object      T;
}
// * * * * * * * * * * * * * * * * * * * * * * * * * * * * * * * * * * * * * //

dimensions      [0 0 0 1 0 0 0];

internalField   nonuniform List<scalar> 
500
(
1066.98137615
1066.81485158
1066.47924196
1065.97061398
1065.28228087
1064.4044719
1063.32924954
1062.06348708
1060.63947263
1059.18201314
1067.78476945
1067.62312549
1067.29909536
1066.81174075
1066.16022582
1065.34487704
1064.36990062
1063.24866317
1062.00940527
1060.69092828
1068.64719198
1068.49219455
1068.18241795
1067.71855509
1067.10218653
1066.33648421
1065.42724778
1064.38421646
1063.22154981
1061.95208812
1069.55364477
1069.40479848
1069.10760879
1068.6632018
1068.07352582
1067.34161539
1066.4718603
1065.47023293
1064.34401777
1063.09730486
1070.48635852
1070.34237746
1070.0548966
1069.62492278
1069.05404046
1068.34445352
1067.4989924
1066.52118692
1065.41525397
1064.18226547
1071.43145311
1071.29110091
1071.01075856
1070.59116013
1070.0334011
1069.33890179
1068.5093497
1067.54682685
1066.45418237
1065.2315392
1072.37889087
1072.24124978
1071.96620646
1071.55423767
1071.00603024
1070.32242773
1069.50436806
1068.55311309
1067.47115007
1066.25867939
1073.32149758
1073.1859792
1072.91508431
1072.50909468
1071.96840483
1071.29347139
1070.48474955
1069.54300221
1068.47091947
1067.2696557
1074.25405378
1074.12032768
1073.85294952
1073.45206766
1072.91788359
1072.25060744
1071.450379
1070.51758873
1069.45539563
1068.26767204
1075.17257901
1075.04049303
1074.77635089
1074.38021528
1073.85216676
1073.19226527
1072.40044362
1071.47676166
1070.42494063
1069.25555839
1076.07382208
1075.94333774
1075.68237179
1075.29093483
1074.76903577
1074.11664838
1073.33356878
1072.41949841
1071.37825353
1070.23439495
1076.95492278
1076.82606866
1076.56834811
1076.18174306
1075.66622475
1075.02172593
1074.2479616
1073.34426397
1072.31352594
1071.19084159
1077.81319843
1077.68603761
1077.43169695
1077.05014609
1076.54134257
1075.90521185
1075.14143868
1074.24902995
1073.22947488
1072.11604246
1078.64601686
1078.52062437
1078.26981924
1077.89356961
1077.3918353
1076.76455839
1076.01143561
1075.13120112
1074.12380633
1073.01892296
1079.45072775
1079.3271759
1079.08005432
1078.70933613
1078.21499239
1077.59699532
1076.85508524
1075.98779001
1074.99352159
1073.89826019
1080.22463126
1080.10298087
1079.85966625
1079.49466859
1079.00797343
1078.39958691
1077.66930911
1076.81551561
1075.83507825
1074.74908019
1080.96496794
1080.84526407
1080.60584727
1080.24670785
1079.7678463
1079.1693026
1078.45094924
1077.61107314
1076.64508468
1075.56946772
1081.66891834
1081.55118896
1081.31572609
1080.96252931
1080.4916133
1079.90305011
1079.19679455
1078.37111186
1077.42006327
1076.35476178
1082.33360531
1082.2178615
1081.98637454
1081.63915286
1081.17622378
1080.59768838
1079.90359037
1079.09223527
1078.15642904
1077.10218014
1082.95609598
1082.84233306
1082.61481241
1082.2735507
1081.81858646
1081.25004677
1080.56807148
1079.77108503
1078.85082931
1077.80733987
1083.53340184
1083.42160087
1083.19800843
1082.86264892
1082.41557064
1081.85692217
1081.18693888
1080.40422153
1079.49960453
1078.46753568
1084.06247685
1083.95260602
1083.73287782
1083.40332384
1082.96400057
1082.41507377
1081.75687351
1080.98824057
1080.09931593
1079.07844488
1084.54021445
1084.43223056
1084.21627985
1083.89240032
1083.46065508
1082.92122185
1082.27452005
1081.51968294
1080.6463557
1079.63703423
1084.9634441
1084.8572941
1084.64501441
1084.32664871
1083.90226521
1083.37204869
1082.73650033
1081.99509075
1081.13716088
1080.13862765
1085.32892791
1085.22455048
1085.01581885
1084.70278193
1084.28551224
1083.76419794
1083.13941526
1082.41102404
1081.56834424
1080.58133805
1085.6333581
1085.53068503
1085.32536478
1085.01745115
1084.60702014
1084.09425844
1083.4798028
1082.76392873
1081.93614699
1080.95959071
1085.87335609
1085.77231353
1085.57025679
1085.26724429
1084.86335517
1084.35877097
1083.75417452
1083.05028282
1082.23707454
1081.27107345
1086.04547372
1085.94598322
1085.74703297
1085.44868604
1085.05102476
1084.55422259
1083.9589934
1083.26652109
1082.46760473
1081.51138621
1086.14619745
1086.0481765
1085.85216774
1085.55823897
1085.16647632
1084.67704348
1084.09066905
1083.40901514
1082.62409605
1081.67701634
1086.17195694
1086.07531929
1085.88207954
1085.59231076
1085.20610427
1084.72361425
1084.14556646
1083.4740903
1082.70291081
1081.76397998
1086.11913931
1086.02379487
1085.83314394
1085.54726493
1085.16625531
1084.69025973
1084.119984
1083.45801091
1082.70051555
1081.76994279
1085.98410962
1085.88996461
1085.70171447
1085.41944214
1085.04325069
1084.57327409
1084.01017769
1083.35693211
1082.61285032
1081.6979366
1085.76323702
1085.6701953
1085.48415268
1085.2051948
1084.83342795
1084.36897149
1083.8124239
1083.16702899
1082.43556437
1081.54467373
1085.45292312
1085.36088861
1085.17686021
1084.90092389
1084.53318601
1084.07374711
1083.52311396
1082.88466118
1082.16457695
1081.30080894
1085.04962898
1084.95850862
1084.77630729
1084.50310922
1084.13901832
1083.68411453
1083.13879677
1082.50642755
1081.7963567
1080.96042681
1084.54989903
1084.45960526
1084.27905532
1084.00833048
1083.64753093
1083.19671574
1082.65616338
1082.02907459
1081.32756137
1080.52020102
1083.95038264
1083.86083459
1083.68177428
1083.41328006
1083.05544892
1082.60832227
1082.07205562
1081.44955237
1080.75509148
1079.97810176
1083.24785616
1083.15897916
1082.98125975
1082.71477456
1082.3596199
1081.91582647
1081.3834364
1080.76495003
1080.07593103
1079.33253804
1082.43924889
1082.35097244
1082.17445418
1081.90977138
1081.5570236
1081.11623921
1080.58736107
1079.97241591
1079.28696717
1078.57668077
1081.52167657
1081.43393069
1081.25847553
1080.99539276
1080.64479116
1080.20670805
1079.6810082
1079.06923221
1078.38592362
1077.68292669
1080.49248587
1080.4051956
1080.23065626
1079.96895902
1079.62022996
1079.18452977
1078.66167312
1078.05273909
1077.37107665
1076.66877056
1079.3493136
1079.26239172
1079.08859708
1078.8280369
1078.48086458
1078.04718101
1077.52678199
1076.9203167
1076.23986994
1075.53738463
1078.09016481
1078.00350261
1077.83023928
1077.57050611
1077.22449637
1076.79237169
1076.27394583
1075.66947631
1074.98971973
1074.28600624
1076.71351375
1076.62697009
1076.45395996
1076.19464756
1075.84928061
1075.41810668
1074.90100409
1074.29789347
1073.61815634
1072.91252501
1075.21843076
1075.13182066
1074.95869662
1074.69926226
1074.35383268
1073.9227684
1073.40606982
1072.80339818
1072.12272481
1071.41394798
1073.60473266
1073.51781958
1073.34410729
1073.08383624
1072.73738846
1072.30525208
1071.78760759
1071.18395859
1070.50085487
1069.78747704
1071.87314244
1071.785642
1071.61076734
1071.34877573
1071.0000792
1070.56525229
1070.04464898
1069.43767139
1068.74944749
1068.0286601
1070.02545426
1069.93704933
1069.76039577
1069.49573991
1069.14342856
1068.70395115
1068.17760061
1067.5634213
1066.86489792
1066.13117214
1068.0648752
1067.97516324
1067.79614782
1067.52809141
1067.17114546
1066.7253676
1066.19029418
1065.56338613
1064.84472305
1064.08465364
1065.99718029
1065.90501508
1065.72296281
1065.45126354
1065.08979338
1064.63786545
1064.09331155
1063.44949982
1062.69696238
1061.87398782
)
;

boundaryField
{
    symmetric
    {
        type            symmetry;
    }
    emptyPatch
    {
        type            empty;
    }
    solid_to_water
    {
        type            compressible::turbulentTemperatureTwoPhaseRadCoupledMixed;
        refValue        nonuniform List<scalar> 
70
(
412.657018068
410.998105702
409.456228944
408.142592039
406.74100794
404.774372373
397.194900699
381.862867504
351.675576954
338.623859746
338.54831354
338.859696298
338.727374484
338.241327572
337.579163429
336.851199315
336.164915413
335.71632504
335.73604752
336.797646306
340.734401765
354.785386819
361.528200794
361.273543653
367.171051069
364.033510504
369.38062724
365.395877208
370.739893457
366.334389314
370.775901955
366.791014515
370.79760025
366.762227622
370.091327747
366.735087954
369.073852068
366.592216605
367.275357358
365.011570606
356.590995706
345.718802969
340.687596625
338.21133032
336.785984703
336.314423542
336.754217175
339.907939029
363.092921043
410.590019836
420.456292994
431.390414919
431.216929676
436.925311259
434.996851019
437.863873382
436.793524089
437.725088322
437.650628749
334.419121299
334.527691638
334.594056596
334.661037644
334.730589555
334.803785464
334.89556677
335.084802932
335.754059408
409.341823778
338.714678711
)
;
        refGradient     uniform 0;
        valueFraction   nonuniform List<scalar> 
70
(
0.000538536578821
0.000538874524208
0.000539394348331
0.000539454587604
0.000539992963344
0.000540523883464
0.00056457461716
0.00063882342261
0.00100291050587
0.00143730522381
0.000959735240663
0.000960649348009
0.000961264898668
0.000959612577029
0.000954985646194
0.00094723119415
0.000937540814361
0.000930317986733
0.00093203679273
0.000950750368506
0.000956099207883
0.000741946045476
0.000704567844506
0.000739288166598
0.000690440881324
0.000736518477752
0.000688174811105
0.000735754604289
0.000686457651681
0.000734339510401
0.000692602598284
0.000734823719985
0.00069689309352
0.000738593275903
0.000706260144072
0.00074045500428
0.000717185763962
0.000742578833372
0.00073270095884
0.000743172190578
0.000803772875167
0.000927849684337
0.000974319305033
0.000968095210519
0.00095227730969
0.000946727508634
0.00095264125769
0.00097400204924
0.000717074864964
0.000495145424524
0.000504028740581
0.000490618825992
0.000503665775041
0.000493086929265
0.000503219900571
0.000497420706693
0.000502694813839
0.000501374447134
0.00050226055997
0.00148018619012
0.00148669992441
0.00148997607236
0.00149305524178
0.00149591761969
0.00149860006345
0.00150172230926
0.00150742671467
0.00150828726797
0.000583872971661
0.00135124800264
)
;
        source          uniform 0;
        value           nonuniform List<scalar> 
70
(
1066.63015727
1066.46262083
1066.12602318
1065.61691417
1064.92781277
1064.04893748
1062.95391646
1061.62933034
1059.9289138
1058.14753482
1058.49157983
1059.99892263
1061.25833418
1062.4032069
1063.48986443
1064.54306642
1065.5756324
1066.59054374
1067.58654068
1068.56119118
1069.53922826
1070.65887929
1071.61446042
1072.49234786
1073.40933804
1074.22537696
1075.08267886
1075.83162457
1076.61667909
1077.28503744
1077.9770875
1078.55544167
1079.14304585
1079.61241757
1080.07990624
1080.43168082
1080.76102365
1080.98168674
1081.15471989
1081.23270028
1081.18941242
1081.0193369
1080.82805813
1080.5868605
1080.25726723
1079.82132972
1079.27610193
1078.61890077
1078.06688871
1077.3526365
1076.33804203
1075.22112081
1073.96201712
1072.59864024
1071.09350223
1069.47282529
1067.71102958
1065.81567221
1063.76939473
1064.91544964
1064.81881854
1064.63474149
1064.36129722
1063.99838079
1063.54528746
1062.99944702
1062.35277923
1061.601298
1061.49160798
1060.89543737
)
;
        kappaMethod     solidThermo;
        Tnbr            T.liquid;
        region          solid;
        otherPhase      gas;
    }
}


// ************************************************************************* //
