/*--------------------------------*- C++ -*----------------------------------*\
| =========                 |                                                 |
| \\      /  F ield         | OpenFOAM: The Open Source CFD Toolbox           |
|  \\    /   O peration     | Version:  2206                                  |
|   \\  /    A nd           | Website:  www.openfoam.com                      |
|    \\/     M anipulation  |                                                 |
\*---------------------------------------------------------------------------*/
FoamFile
{
    version     2.0;
    format      ascii;
    arch        "LSB;label=64;scalar=64";
    class       regIOobject;
    location    "constant/polyMesh";
    object      cellZones;
    meta
    {
        names           1 ( cellMRFzone );
    }
}
// * * * * * * * * * * * * * * * * * * * * * * * * * * * * * * * * * * * * * //

1
(cellMRFzone
{
    type            cellZone;
    cellLabels      List<label> 
1496
(
204
205
206
207
214
215
216
217
218
225
226
227
228
229
236
237
238
239
240
247
248
249
298
299
300
301
309
310
311
312
313
320
321
322
323
324
331
332
333
334
335
343
344
345
402
403
404
405
413
414
415
416
417
424
425
426
427
428
435
436
437
438
439
447
448
449
511
512
513
514
523
524
525
526
527
535
536
537
538
539
546
547
548
549
550
558
559
560
625
626
627
628
637
638
639
640
641
649
650
651
652
653
661
662
663
664
665
673
674
675
738
739
740
741
749
750
751
752
753
761
762
763
764
765
772
773
774
775
776
784
785
786
844
845
846
847
855
856
857
858
859
866
867
868
869
870
877
878
879
880
881
889
890
891
942
943
944
945
952
953
954
955
956
963
964
965
966
967
974
975
976
977
978
986
987
988
1959
1965
1966
1972
1973
1979
2002
2006
2007
2008
2009
2013
2014
2015
2016
2020
2021
2022
2023
2027
2028
2029
2030
2036
2062
2064
2068
2069
2070
2071
2075
2076
2077
2078
2082
2083
2084
2085
2089
2090
2091
2092
2096
2098
2133
2135
2139
2140
2141
2142
2146
2147
2148
2149
2153
2154
2155
2156
2160
2161
2162
2163
2167
2169
2195
2201
2202
2203
2204
2208
2209
2210
2211
2215
2216
2217
2218
2222
2223
2224
2225
2229
2251
2257
2258
2264
2265
2271
2446
2450
2452
2453
2456
2457
2459
2460
2463
2464
2466
2470
2489
2493
2494
2495
2496
2497
2498
2499
2500
2501
2502
2503
2504
2505
2506
2507
2509
2513
2543
2545
2547
2549
2551
2553
2555
2592
2594
2596
2598
2600
2602
2604
2633
2637
2640
2641
2642
2643
2644
2645
2646
2647
2648
2649
2650
2651
2652
2653
2657
2676
2680
2683
2686
2687
2690
2693
2694
2700
2872
2876
2878
2879
2882
2883
2885
2886
2889
2890
2892
2896
2913
2917
2918
2919
2920
2921
2922
2923
2924
2925
2926
2927
2928
2929
2930
2931
2933
2937
2953
2955
2957
2959
2961
2963
2965
2988
2990
2992
2994
2996
2998
3000
3016
3020
3023
3024
3025
3026
3027
3028
3029
3030
3031
3032
3033
3034
3035
3036
3040
3056
3060
3063
3066
3067
3070
3073
3074
3080
3253
3257
3259
3260
3263
3264
3266
3267
3270
3271
3273
3277
3295
3299
3300
3301
3302
3303
3304
3305
3306
3307
3308
3309
3310
3311
3312
3313
3315
3319
3337
3339
3341
3343
3345
3347
3349
3376
3378
3380
3382
3384
3386
3388
3406
3410
3413
3414
3415
3416
3417
3418
3419
3420
3421
3422
3423
3424
3425
3426
3430
3448
3452
3455
3458
3459
3462
3465
3466
3472
3649
3653
3655
3656
3659
3660
3662
3663
3666
3667
3669
3673
3685
3689
3690
3691
3692
3693
3694
3695
3696
3697
3698
3699
3700
3701
3702
3703
3705
3709
3729
3731
3733
3735
3737
3739
3741
3771
3773
3775
3777
3779
3781
3783
3804
3808
3811
3812
3813
3814
3815
3816
3817
3818
3819
3820
3821
3822
3823
3824
3828
3840
3844
3847
3850
3851
3854
3857
3858
3864
4046
4050
4052
4053
4056
4057
4059
4060
4063
4064
4066
4070
4089
4093
4094
4095
4096
4097
4098
4099
4100
4101
4102
4103
4104
4105
4106
4107
4109
4113
4132
4134
4136
4138
4140
4142
4144
4172
4174
4176
4178
4180
4182
4184
4203
4207
4210
4211
4212
4213
4214
4215
4216
4217
4218
4219
4220
4221
4222
4223
4227
4246
4250
4253
4256
4257
4260
4263
4264
4270
4456
4460
4462
4463
4466
4467
4469
4470
4473
4474
4476
4480
4497
4501
4502
4503
4504
4505
4506
4507
4508
4509
4510
4511
4512
4513
4514
4515
4517
4521
4538
4540
4542
4544
4546
4548
4550
4574
4576
4578
4580
4582
4584
4586
4603
4607
4610
4611
4612
4613
4614
4615
4616
4617
4618
4619
4620
4621
4622
4623
4627
4644
4648
4651
4654
4655
4658
4661
4662
4668
4837
4841
4843
4844
4847
4848
4850
4851
4854
4855
4857
4861
4882
4886
4887
4888
4889
4890
4891
4892
4893
4894
4895
4896
4897
4898
4899
4900
4902
4906
4929
4931
4933
4935
4937
4939
4941
4964
4966
4968
4970
4972
4974
4976
4999
5003
5006
5007
5008
5009
5010
5011
5012
5013
5014
5015
5016
5017
5018
5019
5023
5043
5047
5050
5053
5054
5057
5060
5061
5067
5218
5222
5224
5225
5228
5229
5231
5232
5235
5236
5238
5242
5255
5259
5260
5261
5262
5263
5264
5265
5266
5267
5268
5269
5270
5271
5272
5273
5274
5275
5276
5277
5278
5279
5280
5281
5282
5283
5284
5285
5286
5287
5289
5293
5316
5318
5320
5322
5323
5324
5325
5326
5327
5328
5329
5330
5331
5332
5333
5334
5335
5336
5337
5338
5339
5340
5341
5342
5343
5344
5345
5346
5347
5348
5349
5350
5352
5354
5356
5387
5389
5391
5393
5394
5395
5396
5397
5398
5399
5400
5401
5402
5403
5404
5405
5406
5407
5408
5409
5410
5411
5412
5413
5414
5415
5416
5417
5418
5419
5420
5421
5423
5425
5427
5449
5453
5456
5457
5458
5459
5460
5461
5462
5463
5464
5465
5466
5467
5468
5469
5470
5471
5472
5473
5474
5475
5476
5477
5478
5479
5480
5481
5482
5483
5487
5499
5503
5506
5509
5510
5513
5516
5517
5523
76581
76582
76583
76584
76585
76586
76587
76588
76589
76590
76591
76592
76593
76594
76609
76610
76611
76612
76613
76614
76615
76616
76617
76618
76619
76620
76621
76622
76623
76624
76625
76626
76627
76628
76629
76630
76631
76632
76633
76634
76635
76636
76637
76638
76639
76640
76641
76642
76643
76644
76645
76646
76647
76648
76649
76650
76651
76652
76653
76654
76655
76656
76657
76658
76659
76660
76661
76662
76663
76664
76679
76680
76681
76682
76683
76684
76685
76686
76687
76688
76689
76690
76691
76692
76847
76848
76849
76850
76851
76852
76853
76854
76855
76856
76857
76858
76859
76860
76875
76876
76877
76878
76879
76880
76881
76882
76883
76884
76885
76886
76887
76888
76889
76890
76891
76892
76893
76894
76895
76896
76897
76898
76899
76900
76901
76902
76903
76904
76905
76906
76907
76908
76909
76910
76911
76912
76913
76914
76915
76916
76917
76918
76919
76920
76921
76922
76923
76924
76925
76926
76927
76928
76929
76930
76945
76946
76947
76948
76949
76950
76951
76952
76953
76954
76955
76956
76957
76958
77148
77149
77150
77151
77152
77153
77154
77155
77156
77157
77158
77159
77160
77161
77169
77170
77171
77172
77173
77174
77175
77176
77177
77178
77179
77180
77181
77182
77183
77184
77185
77186
77187
77188
77189
77190
77191
77192
77193
77194
77195
77196
77197
77198
77199
77200
77201
77202
77203
77204
77205
77206
77207
77208
77209
77210
77211
77212
77213
77214
77215
77216
77217
77218
77219
77220
77221
77222
77223
77224
77239
77240
77241
77242
77243
77244
77245
77246
77247
77248
77249
77250
77251
77252
77435
77436
77437
77438
77439
77440
77441
77442
77443
77444
77445
77446
77447
77448
77463
77464
77465
77466
77467
77468
77469
77470
77471
77472
77473
77474
77475
77476
77477
77478
77479
77480
77481
77482
77483
77484
77485
77486
77487
77488
77489
77490
77512
77513
77514
77515
77516
77517
77518
77519
77520
77521
77522
77523
77524
77525
77526
77527
77528
77529
77530
77531
77532
77533
77534
77535
77536
77537
77538
77539
77561
77562
77563
77564
77565
77566
77567
77568
77569
77570
77571
77572
77573
77574
77799
77800
77801
77802
77803
77804
77805
77806
77807
77808
77809
77810
77811
77812
77827
77828
77829
77830
77831
77832
77833
77834
77835
77836
77837
77838
77839
77840
77841
77842
77843
77844
77845
77846
77847
77848
77849
77850
77851
77852
77853
77854
77876
77877
77878
77879
77880
77881
77882
77883
77884
77885
77886
77887
77888
77889
77890
77891
77892
77893
77894
77895
77896
77897
77898
77899
77900
77901
77902
77903
77925
77926
77927
77928
77929
77930
77931
77932
77933
77934
77935
77936
77937
77938
78177
78178
78179
78180
78181
78182
78183
78184
78185
78186
78187
78188
78189
78190
78198
78199
78200
78201
78202
78203
78204
78205
78206
78207
78208
78209
78210
78211
78212
78213
78214
78215
78216
78217
78218
78219
78220
78221
78222
78223
78224
78225
78226
78227
78228
78229
78230
78231
78232
78233
78234
78235
78236
78237
78238
78239
78240
78241
78242
78243
78244
78245
78246
78247
78248
78249
78250
78251
78252
78253
78268
78269
78270
78271
78272
78273
78274
78275
78276
78277
78278
78279
78280
78281
78429
78430
78431
78432
78433
78434
78435
78436
78437
78438
78439
78440
78441
78442
78464
78465
78466
78467
78468
78469
78470
78471
78472
78473
78474
78475
78476
78477
78478
78479
78480
78481
78482
78483
78484
78485
78486
78487
78488
78489
78490
78491
78492
78493
78494
78495
78496
78497
78498
78499
78500
78501
78502
78503
78504
78505
78506
78507
78508
78509
78510
78511
78512
78513
78514
78515
78516
78517
78518
78519
78534
78535
78536
78537
78538
78539
78540
78541
78542
78543
78544
78545
78546
78547
)
;
}
)

// ************************************************************************* //
