/*--------------------------------*- C++ -*----------------------------------*\
| =========                 |                                                 |
| \\      /  F ield         | OpenFOAM: The Open Source CFD Toolbox           |
|  \\    /   O peration     | Version:  2206                                  |
|   \\  /    A nd           | Website:  www.openfoam.com                      |
|    \\/     M anipulation  |                                                 |
\*---------------------------------------------------------------------------*/
FoamFile
{
    version     2.0;
    format      ascii;
    arch        "LSB;label=64;scalar=64";
    class       regIOobject;
    location    "constant/polyMesh";
    object      faceZones;
    meta
    {
        names           1 ( faceMRFzone );
    }
}
// * * * * * * * * * * * * * * * * * * * * * * * * * * * * * * * * * * * * * //

1
(faceMRFzone
{
    type            faceZone;
    faceLabels      List<label> 
856
(
1040
1046
1052
1058
1112
1118
1124
1130
1136
1172
1178
1184
1190
1196
1226
1232
1238
1244
1249
1304
1310
1315
1559
1565
1570
1620
1621
1644
1646
1685
1714
1763
1792
1837
1868
1869
1911
1912
1919
1925
1931
1932
2236
2242
2247
2290
2291
2314
2316
2361
2390
2433
2462
2504
2535
2536
2593
2594
2601
2607
2613
2614
2963
2969
2974
3019
3020
3043
3045
3090
3119
3159
3188
3233
3264
3265
3304
3305
3312
3318
3324
3325
3722
3728
3733
3794
3795
3818
3820
3864
3893
3939
3968
4007
4038
4039
4078
4079
4086
4092
4098
4099
4500
4506
4511
4575
4576
4599
4601
4646
4675
4721
4750
4794
4825
4826
4865
4866
4873
4879
4885
4886
5275
5281
5286
5332
5333
5356
5358
5406
5435
5480
5509
5554
5585
5586
5625
5626
5633
5639
5645
5646
6009
6015
6020
6063
6064
6087
6089
6134
6163
6206
6235
6274
6305
6306
6363
6364
6371
6377
6383
6384
6705
6711
6716
6783
6784
6807
6809
6848
6878
6917
6947
7003
7034
7035
7072
7073
7081
7087
7092
7093
7385
7391
7397
7403
7457
7463
7469
7475
7481
7523
7529
7535
7541
7547
7577
7583
7589
7595
7601
7658
7664
7670
13076
13084
13088
13089
13098
13099
13103
13104
13116
13117
13121
13122
13136
13143
13149
13152
13264
13272
13273
13276
13284
13286
13287
13302
13304
13305
13320
13322
13323
13338
13340
13341
13347
13360
13367
13373
13488
13491
13494
13499
13506
13508
13509
13524
13526
13527
13542
13544
13545
13560
13562
13563
13580
13584
13589
13757
13760
13763
13768
13775
13777
13778
13793
13795
13796
13811
13813
13814
13829
13831
13832
13849
13853
13858
13973
13983
13986
13993
13997
13999
14000
14009
14015
14017
14018
14033
14035
14036
14051
14053
14054
14065
14066
14078
14079
14174
14184
14187
14198
14205
14206
14216
14223
14224
14243
14244
15319
15322
15332
15336
15337
15343
15351
15352
15361
15369
15370
15382
15385
15388
15394
15397
15498
15501
15511
15512
15515
15552
15564
15570
15576
15755
15760
15765
15773
15779
15785
15987
15992
15997
16005
16011
16017
16187
16193
16195
16198
16205
16224
16236
16237
16250
16251
16260
16261
16365
16373
16376
16386
16395
16397
16407
16416
16418
16435
16436
17430
17433
17443
17447
17448
17454
17462
17463
17472
17480
17481
17493
17496
17499
17505
17508
17601
17604
17614
17615
17618
17655
17667
17673
17679
17759
17764
17769
17777
17783
17789
17882
17887
17892
17900
17906
17912
17982
17988
17990
17993
18000
18019
18031
18032
18045
18046
18055
18056
18141
18149
18152
18162
18171
18173
18183
18192
18194
18211
18212
19175
19178
19188
19192
19193
19199
19207
19208
19217
19225
19226
19238
19241
19244
19250
19253
19359
19362
19372
19373
19376
19413
19425
19431
19437
19514
19519
19524
19532
19538
19544
19646
19651
19656
19664
19670
19676
19749
19755
19757
19760
19767
19786
19798
19799
19812
19813
19822
19823
19938
19946
19949
19959
19968
19970
19980
19989
19991
20008
20009
20931
20934
20944
20948
20949
20955
20963
20964
20973
20981
20982
20994
20997
21000
21006
21009
21056
21059
21069
21070
21073
21110
21122
21128
21134
21218
21223
21228
21236
21242
21248
21366
21371
21376
21384
21390
21396
21476
21482
21484
21487
21494
21513
21525
21526
21539
21540
21549
21550
21603
21611
21614
21624
21633
21635
21645
21654
21656
21673
21674
22643
22646
22656
22660
22661
22667
22675
22676
22685
22693
22694
22706
22709
22712
22718
22721
22815
22818
22828
22829
22832
22869
22881
22887
22893
22975
22980
22985
22993
22999
23005
23112
23117
23122
23130
23136
23142
23217
23223
23225
23228
23235
23254
23266
23267
23280
23281
23290
23291
23404
23412
23415
23425
23434
23436
23446
23455
23457
23474
23475
24461
24464
24474
24478
24479
24485
24493
24494
24503
24511
24512
24524
24527
24530
24536
24539
24630
24633
24643
24644
24647
24684
24696
24702
24708
24782
24787
24792
24800
24806
24812
24906
24911
24916
24924
24930
24936
25006
25012
25014
25017
25024
25043
25055
25056
25069
25070
25079
25080
25178
25186
25189
25199
25208
25210
25220
25229
25231
25248
25249
26166
26169
26179
26183
26184
26190
26198
26199
26208
26216
26217
26229
26232
26235
26241
26244
26366
26369
26379
26380
26383
26420
26432
26438
26444
26573
26578
26583
26591
26597
26603
26708
26713
26718
26726
26732
26738
26870
26876
26878
26881
26888
26907
26919
26920
26933
26934
26943
26944
27056
27064
27067
27077
27086
27088
27098
27107
27109
27126
27127
28028
28031
28041
28045
28046
28051
28052
28060
28061
28066
28069
28070
28078
28079
28084
28087
28091
28094
28097
28103
28105
28106
28170
28173
28183
28184
28187
28193
28205
28208
28211
28226
28229
28232
28247
28250
28253
28264
28265
28268
28271
28275
28281
28287
28289
28413
28418
28422
28423
28428
28443
28446
28449
28464
28467
28470
28485
28488
28491
28506
28509
28512
28515
28520
28525
28527
28696
28701
28705
28706
28711
28726
28729
28732
28747
28750
28753
28768
28771
28774
28789
28792
28795
28798
28803
28808
28810
28911
28917
28919
28922
28924
28929
28943
28945
28946
28949
28964
28967
28970
28985
28988
28991
28997
28998
29003
29006
29007
29008
29009
29017
29018
29093
29101
29104
29106
29114
29122
29123
29125
29132
29140
29141
29143
29157
29158
)
;
    flipMap         List<bool> 
856
(
1
1
1
1
1
1
1
1
1
1
1
1
1
1
1
1
1
1
1
1
1
1
1
1
1
0
0
1
1
1
0
1
0
1
0
0
1
1
0
0
0
0
1
1
1
0
0
1
1
1
0
1
0
1
0
0
1
1
0
0
0
0
1
1
1
0
0
1
1
1
0
1
0
1
0
0
1
1
0
0
0
0
1
1
1
0
0
1
1
1
0
1
0
1
0
0
1
1
0
0
0
0
1
1
1
0
0
1
1
1
0
1
0
1
0
0
1
1
0
0
0
0
1
1
1
0
0
1
1
1
0
1
0
1
0
0
1
1
0
0
0
0
1
1
1
0
0
1
1
1
0
1
0
1
0
0
1
1
0
0
0
0
1
1
1
0
0
1
1
1
0
1
0
1
0
0
1
1
0
0
0
0
1
1
1
1
1
1
1
1
1
1
1
1
1
1
1
1
1
1
1
1
1
1
1
1
1
1
1
1
1
1
1
1
1
1
1
1
0
1
1
1
1
1
1
1
1
1
1
1
1
1
1
1
1
1
0
1
1
0
1
1
1
1
1
1
1
1
1
1
1
1
1
1
1
1
1
0
0
1
1
1
1
1
1
1
1
1
1
1
1
1
1
1
1
1
0
0
1
1
0
1
1
1
1
0
1
1
1
1
1
1
1
1
1
0
0
0
0
1
1
0
1
0
0
1
0
0
0
0
1
1
1
1
1
1
1
1
1
1
1
0
1
1
0
1
1
1
1
1
1
0
0
1
0
1
1
1
0
0
0
1
1
1
0
0
0
0
1
1
0
1
0
0
0
0
0
0
0
0
1
0
0
0
0
0
0
0
0
0
1
1
1
1
1
1
1
1
1
1
1
0
1
1
0
1
1
1
1
1
1
0
0
1
0
1
1
1
0
0
0
1
1
1
0
0
0
0
1
1
0
1
0
0
0
0
0
0
0
0
1
0
0
0
0
0
0
0
0
0
1
1
1
1
1
1
1
1
1
1
1
0
1
1
0
1
1
1
1
1
1
0
0
1
0
1
1
1
0
0
0
1
1
1
0
0
0
0
1
1
0
1
0
0
0
0
0
0
0
0
1
0
0
0
0
0
0
0
0
0
1
1
1
1
1
1
1
1
1
1
1
0
1
1
0
1
1
1
1
1
1
0
0
1
0
1
1
1
0
0
0
1
1
1
0
0
0
0
1
1
0
1
0
0
0
0
0
0
0
0
1
0
0
0
0
0
0
0
0
0
1
1
1
1
1
1
1
1
1
1
1
0
1
1
0
1
1
1
1
1
1
0
0
1
0
1
1
1
0
0
0
1
1
1
0
0
0
0
1
1
0
1
0
0
0
0
0
0
0
0
1
0
0
0
0
0
0
0
0
0
1
1
1
1
1
1
1
1
1
1
1
0
1
1
0
1
1
1
1
1
1
0
0
1
0
1
1
1
0
0
0
1
1
1
0
0
0
0
1
1
0
1
0
0
0
0
0
0
0
0
1
0
0
0
0
0
0
0
0
0
1
1
1
1
1
1
1
1
1
1
1
0
1
1
0
1
1
1
1
1
1
0
0
1
0
1
1
1
0
0
0
1
1
1
0
0
0
0
1
1
0
1
0
0
0
0
0
0
0
0
1
0
0
0
0
0
0
0
0
0
1
1
1
1
1
0
1
1
1
0
0
1
1
1
0
0
0
1
1
0
0
1
1
1
1
1
1
0
0
0
0
0
0
0
0
0
0
0
0
0
0
0
1
0
0
1
1
0
1
0
0
0
0
0
0
0
0
0
0
0
0
0
0
0
0
0
1
1
0
1
0
0
0
0
0
0
0
0
0
0
0
0
0
0
0
0
0
0
1
1
0
0
1
0
0
0
0
0
0
0
0
0
0
0
0
0
0
0
0
0
0
0
0
1
0
0
0
0
0
0
0
0
0
0
0
0
)
;
}
)

// ************************************************************************* //
