/*--------------------------------*- C++ -*----------------------------------*\
| =========                 |                                                 |
| \\      /  F ield         | OpenFOAM: The Open Source CFD Toolbox           |
|  \\    /   O peration     | Version:  2206                                  |
|   \\  /    A nd           | Website:  www.openfoam.com                      |
|    \\/     M anipulation  |                                                 |
\*---------------------------------------------------------------------------*/
FoamFile
{
    version     2.0;
    format      ascii;
    arch        "LSB;label=64;scalar=64";
    class       faceList;
    location    "constant/polyMesh";
    object      faces;
}
// * * * * * * * * * * * * * * * * * * * * * * * * * * * * * * * * * * * * * //


2975
(
4(545 253 530 198)
4(530 254 547 198)
4(547 255 545 198)
4(1 258 549 257)
4(546 256 531 199)
4(531 257 549 199)
4(549 258 546 199)
4(548 261 533 201)
4(533 262 557 201)
4(557 263 548 201)
4(4 264 550 266)
4(4 266 558 265)
4(550 264 534 202)
4(534 265 558 202)
4(558 266 550 202)
4(5 267 553 269)
4(5 269 561 268)
4(553 267 535 203)
4(535 268 561 203)
4(561 269 553 203)
4(6 270 555 272)
4(6 272 564 271)
4(555 270 536 204)
4(536 271 564 204)
4(564 272 555 204)
4(8 275 559 277)
4(559 275 537 205)
4(537 276 570 205)
4(570 277 559 205)
4(9 278 562 280)
4(9 280 571 279)
4(562 278 538 206)
4(538 279 571 206)
4(571 280 562 206)
4(10 281 565 283)
4(10 283 574 282)
4(565 281 539 207)
4(539 282 574 207)
4(574 283 565 207)
4(11 284 568 286)
4(11 286 577 285)
4(568 284 540 208)
4(540 285 577 208)
4(577 286 568 208)
4(14 291 575 293)
4(14 293 583 292)
4(575 291 542 210)
4(542 292 583 210)
4(583 293 575 210)
4(15 294 578 296)
4(15 296 584 295)
4(578 294 543 211)
4(543 295 584 211)
4(584 296 578 211)
4(16 297 581 299)
4(16 299 587 298)
4(587 299 581 212)
3(307 551 306)
4(1026 306 551 761)
4(551 307 592 761)
3(592 1026 761)
4(21 309 554 308)
4(591 308 554 214)
4(554 309 595 214)
4(595 310 591 214)
4(21 310 595 309)
4(23 314 560 313)
4(593 313 560 216)
4(560 314 602 216)
4(602 315 593 216)
4(24 317 563 316)
4(24 318 603 317)
4(24 316 1027 318)
4(1027 316 563 762)
4(563 317 603 762)
4(603 318 1027 762)
4(25 320 566 319)
4(25 319 598 321)
4(25 321 1028 320)
4(598 319 566 763)
4(566 320 1028 763)
4(1028 321 598 763)
4(26 323 569 322)
4(26 322 600 324)
4(600 322 569 217)
4(569 323 607 217)
4(607 324 600 217)
4(26 324 607 323)
4(27 327 573 326)
4(27 326 604 328)
4(604 326 573 218)
4(573 327 612 218)
4(612 328 604 218)
4(28 330 576 329)
4(28 331 613 330)
4(28 329 1029 331)
4(1029 329 576 764)
4(576 330 613 764)
4(613 331 1029 764)
4(29 333 579 332)
4(29 332 1030 853)
4(29 853 1031 333)
4(1030 332 579 765)
4(579 333 1031 765)
4(1031 853 1030 765)
4(30 335 582 334)
4(30 334 610 336)
4(30 336 1033 335)
4(610 334 582 766)
4(582 335 1033 766)
4(1033 336 610 766)
4(33 341 586 340)
4(33 340 1032 342)
4(33 342 1035 341)
4(1032 340 586 768)
4(586 341 1035 768)
4(1035 342 1032 768)
4(34 344 589 343)
4(617 343 589 219)
4(589 344 622 219)
4(622 345 617 219)
4(34 343 617 345)
4(34 345 622 344)
4(35 347 590 346)
4(35 348 625 347)
4(625 348 619 220)
4(35 346 619 348)
4(40 362 632 361)
4(608 361 632 222)
4(632 362 630 222)
4(40 361 608 360)
4(42 366 633 368)
4(633 366 616 223)
4(638 368 633 223)
4(42 367 616 366)
4(43 369 636 371)
4(43 371 639 370)
4(636 369 618 224)
4(618 370 639 224)
4(639 371 636 224)
4(43 370 618 369)
3(49 384 637)
4(49 854 1036 384)
4(637 384 1036 770)
3(1036 854 770)
3(50 641 385)
4(50 385 1037 855)
4(1037 385 641 771)
3(855 1037 771)
4(51 387 644 386)
4(51 386 1039 856)
4(51 856 1041 387)
4(1039 386 644 772)
4(644 387 1041 772)
4(1041 856 1039 772)
3(54 859 1040)
4(54 860 1044 859)
4(1040 859 1044 774)
3(1044 860 774)
3(55 1042 861)
4(55 861 1045 862)
4(1045 861 1042 775)
3(862 1045 775)
4(56 864 1043 863)
4(56 863 1047 865)
4(56 865 1049 864)
4(1047 863 1043 776)
4(1043 864 1049 776)
4(1049 865 1047 776)
3(59 868 1048)
4(59 869 1052 868)
4(1048 868 1052 778)
3(1052 869 778)
3(60 1050 870)
4(60 870 1053 871)
4(1053 870 1050 779)
3(871 1053 779)
4(61 873 1051 872)
4(61 872 1055 874)
4(61 874 1057 873)
4(1055 872 1051 780)
4(1051 873 1057 780)
4(1057 874 1055 780)
3(64 877 1056)
4(64 878 1060 877)
4(1056 877 1060 782)
3(1060 878 782)
3(65 1058 879)
4(65 879 1061 880)
4(1061 879 1058 783)
3(880 1061 783)
4(66 882 1059 881)
4(66 881 1063 883)
4(66 883 1065 882)
4(1063 881 1059 784)
4(1059 882 1065 784)
4(1065 883 1063 784)
3(69 886 1064)
4(69 887 1068 886)
4(1064 886 1068 786)
3(1068 887 786)
3(70 1066 888)
4(70 888 1069 889)
4(1069 888 1066 787)
3(889 1069 787)
4(71 891 1067 890)
4(71 890 1071 892)
4(71 892 1073 891)
4(1071 890 1067 788)
4(1067 891 1073 788)
4(1073 892 1071 788)
3(74 895 1072)
4(74 896 1076 895)
4(1072 895 1076 790)
3(1076 896 790)
3(75 1074 897)
4(75 897 1077 898)
4(1077 897 1074 791)
3(898 1077 791)
4(76 900 1075 899)
4(76 899 1079 901)
4(76 901 1081 900)
4(1079 899 1075 792)
4(1075 900 1081 792)
4(1081 901 1079 792)
3(79 904 1080)
4(79 905 1084 904)
4(1080 904 1084 794)
3(1084 905 794)
3(80 1082 906)
4(80 906 1085 907)
4(1085 906 1082 795)
3(907 1085 795)
4(81 909 1083 908)
4(81 908 1087 910)
4(81 910 1089 909)
4(1087 908 1083 796)
4(1083 909 1089 796)
4(1089 910 1087 796)
3(84 913 1088)
4(84 914 1092 913)
4(1088 913 1092 798)
3(1092 914 798)
3(85 1090 915)
4(85 915 1093 916)
4(1093 915 1090 799)
3(916 1093 799)
4(86 918 1091 917)
4(86 917 1095 919)
4(86 919 1097 918)
4(1095 917 1091 800)
4(1091 918 1097 800)
4(1097 919 1095 800)
3(89 922 1096)
4(89 923 1100 922)
4(1096 922 1100 802)
3(1100 923 802)
3(90 1098 924)
4(90 924 1101 925)
4(1101 924 1098 803)
3(925 1101 803)
4(91 927 1099 926)
4(91 926 1103 928)
4(91 928 1105 927)
4(1103 926 1099 804)
4(1099 927 1105 804)
4(1105 928 1103 804)
3(94 931 1104)
4(94 932 1108 931)
4(1104 931 1108 806)
3(1108 932 806)
3(95 1106 933)
4(95 933 1109 934)
4(1109 933 1106 807)
3(934 1109 807)
4(96 936 1107 935)
4(96 935 1111 937)
4(96 937 1113 936)
4(1111 935 1107 808)
4(1107 936 1113 808)
4(1113 937 1111 808)
3(99 940 1112)
4(99 941 1116 940)
4(1112 940 1116 810)
3(1116 941 810)
3(100 1114 942)
4(100 942 1117 943)
4(1117 942 1114 811)
3(943 1117 811)
4(101 945 1115 944)
4(101 944 1119 946)
4(101 946 1121 945)
4(1119 944 1115 812)
4(1115 945 1121 812)
4(1121 946 1119 812)
3(104 949 1120)
4(104 950 1124 949)
4(1120 949 1124 814)
3(1124 950 814)
3(105 1122 951)
4(105 951 1125 952)
4(1125 951 1122 815)
3(952 1125 815)
4(106 954 1123 953)
4(106 953 1126 955)
4(106 955 1127 954)
4(1126 953 1123 816)
4(1123 954 1127 816)
4(1127 955 1126 816)
4(109 390 657 389)
4(646 389 657 226)
4(657 390 652 226)
3(109 389 646)
4(110 392 658 393)
4(658 392 647 227)
4(664 393 658 227)
3(110 647 392)
4(111 394 661 396)
4(111 396 666 395)
4(661 394 648 228)
4(648 395 666 228)
4(666 396 661 228)
4(111 395 648 394)
4(677 400 651 230)
4(651 401 678 230)
4(678 402 677 230)
3(404 681 403)
3(1128 653 817)
4(653 403 681 817)
4(681 404 1128 817)
4(679 406 656 232)
4(656 407 687 232)
4(687 408 679 232)
4(114 410 659 409)
4(114 409 682 411)
4(114 411 688 410)
4(682 409 659 1201)
4(659 410 688 1201)
4(688 411 682 1201)
4(115 413 662 412)
4(115 412 1129 414)
4(115 414 1206 413)
4(1129 412 662 1202)
4(662 413 1206 1202)
4(1206 414 1129 1202)
4(116 415 686 417)
4(686 415 663 233)
4(663 416 692 233)
4(692 417 686 233)
4(116 417 692 416)
3(419 689 420)
4(689 419 665 818)
3(665 1130 818)
4(1130 420 689 818)
4(117 422 668 421)
4(117 423 1131 422)
4(117 421 1207 423)
4(1207 421 668 1203)
4(668 422 1131 1203)
4(1131 423 1207 1203)
4(118 425 671 424)
4(118 424 1208 1205)
4(118 1205 1209 425)
4(1208 424 671 1204)
4(671 425 1209 1204)
4(1209 1205 1208 1204)
4(119 426 695 428)
4(695 426 672 234)
4(672 427 701 234)
4(701 428 695 234)
4(119 428 701 427)
4(120 434 706 433)
4(699 432 674 236)
4(674 433 706 236)
4(706 434 699 236)
4(120 432 699 434)
4(121 437 708 436)
4(1132 435 675 819)
4(675 436 708 819)
4(708 437 1132 819)
4(121 435 1132 437)
4(122 438 704 440)
4(122 440 1133 439)
4(1133 440 704 820)
4(125 446 683 445)
4(713 445 683 238)
4(683 446 715 238)
4(715 447 713 238)
4(126 450 718 449)
4(714 448 685 239)
4(685 449 718 239)
4(718 450 714 239)
4(126 449 685 448)
3(454 690 453)
4(716 453 690 241)
4(690 454 726 241)
4(726 455 716 241)
4(127 456 719 458)
4(127 458 727 457)
4(719 456 691 242)
4(691 457 727 242)
4(727 458 719 242)
4(127 457 691 456)
4(128 459 722 461)
4(128 461 730 460)
4(722 459 693 243)
4(693 460 730 243)
4(730 461 722 243)
4(128 460 693 459)
4(129 463 696 462)
4(129 462 724 464)
4(129 464 733 463)
4(724 462 696 244)
4(696 463 733 244)
4(733 464 724 244)
4(131 467 728 469)
4(728 467 698 245)
4(698 468 739 245)
4(739 469 728 245)
4(131 468 698 467)
4(132 470 731 472)
4(132 472 740 471)
4(731 470 700 246)
4(700 471 740 246)
4(740 472 731 246)
4(132 471 700 470)
4(133 473 734 475)
4(133 475 743 474)
4(734 473 702 247)
4(702 474 743 247)
4(743 475 734 247)
4(133 474 702 473)
4(134 477 705 476)
4(134 476 737 478)
4(134 478 746 477)
4(737 476 705 248)
4(705 477 746 248)
4(746 478 737 248)
4(137 484 710 483)
4(137 483 744 485)
4(137 485 752 484)
4(744 483 710 250)
4(710 484 752 250)
4(752 485 744 250)
4(138 486 747 488)
4(138 488 754 487)
4(747 486 712 251)
4(712 487 754 251)
4(754 488 747 251)
4(138 487 712 486)
4(139 489 750 491)
4(139 491 757 490)
4(757 491 750 252)
3(139 490 489)
4(147 507 735 506)
4(147 958 1136 507)
4(735 507 1136 822)
3(1136 958 822)
4(151 514 745 513)
4(151 513 1137 959)
4(1137 513 745 823)
4(1142 959 1137 823)
4(152 516 748 515)
4(152 515 1140 960)
4(152 960 1143 516)
4(1140 515 748 824)
4(748 516 1143 824)
4(1143 960 1140 824)
3(162 963 1141)
4(162 964 1149 963)
4(1141 963 1149 826)
3(1149 964 826)
3(163 1145 965)
4(163 965 1150 966)
4(1150 965 1145 827)
3(966 1150 827)
4(164 968 1148 967)
4(164 967 1152 969)
4(164 969 1154 968)
4(1152 967 1148 828)
4(1148 968 1154 828)
4(1154 969 1152 828)
3(167 972 1153)
4(167 973 1157 972)
4(1153 972 1157 830)
3(1157 973 830)
3(168 1155 974)
4(168 974 1158 975)
4(1158 974 1155 831)
3(975 1158 831)
4(169 977 1156 976)
4(169 976 1160 978)
4(169 978 1162 977)
4(1160 976 1156 832)
4(1156 977 1162 832)
4(1162 978 1160 832)
3(172 981 1161)
4(172 982 1165 981)
4(1161 981 1165 834)
3(1165 982 834)
3(173 1163 983)
4(173 983 1166 984)
4(1166 983 1163 835)
3(984 1166 835)
4(174 986 1164 985)
4(174 985 1168 987)
4(174 987 1170 986)
4(1168 985 1164 836)
4(1164 986 1170 836)
4(1170 987 1168 836)
3(177 990 1169)
4(177 991 1173 990)
4(1169 990 1173 838)
3(1173 991 838)
3(178 1171 992)
4(178 992 1174 993)
4(1174 992 1171 839)
3(993 1174 839)
4(179 995 1172 994)
4(179 994 1176 996)
4(179 996 1178 995)
4(1176 994 1172 840)
4(1172 995 1178 840)
4(1178 996 1176 840)
3(182 999 1177)
4(182 1000 1181 999)
4(1177 999 1181 842)
3(1181 1000 842)
3(183 1179 1001)
4(183 1001 1182 1002)
4(1182 1001 1179 843)
3(1002 1182 843)
4(184 1004 1180 1003)
4(184 1003 1184 1005)
4(184 1005 1186 1004)
4(1184 1003 1180 844)
4(1180 1004 1186 844)
4(1186 1005 1184 844)
3(187 1008 1185)
4(187 1009 1189 1008)
4(1185 1008 1189 846)
3(1189 1009 846)
3(188 1187 1010)
4(188 1010 1190 1011)
4(1190 1010 1187 847)
3(1011 1190 847)
4(189 1013 1188 1012)
4(189 1012 1192 1014)
4(189 1014 1194 1013)
4(1192 1012 1188 848)
4(1188 1013 1194 848)
4(1194 1014 1192 848)
3(192 1017 1193)
4(192 1018 1197 1017)
4(1193 1017 1197 850)
3(193 1195 1019)
4(193 1019 1198 1020)
4(1198 1019 1195 851)
4(194 1022 1196 1021)
4(194 1021 1199 1023)
4(194 1023 1200 1022)
4(1199 1021 1196 852)
4(1196 1022 1200 852)
4(548 197 547 266)
4(4 266 547 254)
4(4 261 548 266)
4(24 307 547 266)
4(24 266 548 313)
3(24 313 307)
4(549 257 530 198)
4(549 198 545 258)
4(550 198 530 264)
4(550 266 547 198)
4(550 198 549 269)
4(5 269 549 257)
4(5 264 550 269)
4(551 306 545 198)
4(551 198 547 307)
4(551 309 549 198)
4(21 258 549 309)
4(21 309 551 306)
4(551 198 550 316)
4(24 316 550 266)
4(24 307 551 316)
4(25 309 549 269)
4(25 269 550 316)
4(25 316 551 309)
4(552 259 531 199)
4(552 199 546 260)
4(553 199 531 267)
4(553 269 549 199)
4(553 199 552 272)
4(6 272 552 259)
4(6 267 553 272)
4(554 308 546 199)
4(554 199 549 309)
4(554 311 552 199)
4(22 311 554 308)
4(554 199 553 319)
4(25 319 553 269)
4(25 309 554 319)
4(26 311 552 272)
4(26 272 553 319)
4(26 319 554 311)
4(555 272 552 200)
4(26 322 555 272)
4(26 311 556 322)
4(558 265 533 201)
4(558 201 548 266)
4(559 201 533 275)
4(559 277 557 201)
4(559 201 558 280)
4(9 280 558 265)
4(9 275 559 280)
4(560 313 548 201)
4(560 201 557 314)
4(560 317 558 201)
4(24 266 558 317)
4(24 317 560 313)
4(560 201 559 326)
4(27 326 559 277)
4(27 314 560 326)
4(28 317 558 280)
4(28 280 559 326)
4(28 326 560 317)
4(561 268 534 202)
4(561 202 550 269)
4(562 202 534 278)
4(562 280 558 202)
4(562 202 561 283)
4(10 283 561 268)
4(10 278 562 283)
4(563 316 550 202)
4(563 202 558 317)
4(563 320 561 202)
4(25 269 561 320)
4(25 320 563 316)
4(563 202 562 329)
4(28 329 562 280)
4(28 317 563 329)
4(29 320 561 283)
4(29 283 562 329)
4(29 329 563 320)
4(564 271 535 203)
4(564 203 553 272)
4(565 203 535 281)
4(565 283 561 203)
4(565 203 564 286)
4(11 286 564 271)
4(11 281 565 286)
4(566 319 553 203)
4(566 203 561 320)
4(566 323 564 203)
4(26 272 564 323)
4(26 323 566 319)
4(566 203 565 332)
4(29 332 565 283)
4(29 320 566 332)
4(30 323 564 286)
4(30 286 565 332)
4(30 332 566 323)
4(567 273 536 204)
4(567 204 555 274)
4(568 204 536 284)
4(568 286 564 204)
4(568 204 567 288)
4(12 284 568 288)
4(569 322 555 204)
4(569 204 564 323)
4(569 325 567 204)
3(325 569 322)
4(569 204 568 334)
4(30 334 568 286)
4(30 323 569 334)
4(31 288 568 334)
4(31 334 569 325)
4(571 279 537 205)
4(571 205 559 280)
4(572 205 537 289)
4(572 290 570 205)
4(572 205 571 293)
4(14 293 571 279)
4(14 289 572 293)
4(573 326 559 205)
4(573 205 570 327)
4(573 330 571 205)
4(28 280 571 330)
4(28 330 573 326)
4(573 205 572 339)
4(32 327 573 339)
4(33 330 571 293)
4(33 293 572 339)
4(33 339 573 330)
4(574 282 538 206)
4(574 206 562 283)
4(575 206 538 291)
4(575 293 571 206)
4(575 206 574 296)
4(15 296 574 282)
4(15 291 575 296)
4(576 329 562 206)
4(576 206 571 330)
4(576 333 574 206)
4(29 283 574 333)
4(29 333 576 329)
4(576 206 575 340)
4(33 340 575 293)
4(33 330 576 340)
4(34 333 574 296)
4(34 296 575 340)
4(34 340 576 333)
4(577 285 539 207)
4(577 207 565 286)
4(578 207 539 294)
4(578 296 574 207)
4(578 207 577 299)
4(16 299 577 285)
4(16 294 578 299)
4(579 332 565 207)
4(579 207 574 333)
4(579 335 577 207)
4(30 286 577 335)
4(30 335 579 332)
4(579 207 578 343)
4(34 343 578 296)
4(34 333 579 343)
4(35 335 577 299)
4(35 299 578 343)
4(35 343 579 335)
4(580 287 540 208)
4(580 208 568 288)
4(581 208 540 297)
4(581 299 577 208)
4(581 208 580 300)
4(582 334 568 208)
4(582 208 577 335)
4(582 337 580 208)
4(31 337 582 334)
4(582 208 581 346)
4(35 346 581 299)
4(35 335 582 346)
4(36 346 582 337)
4(583 209 572 293)
4(33 293 583 341)
3(33 341 339)
4(584 295 542 210)
4(584 210 575 296)
4(585 210 542 301)
4(585 302 583 210)
4(585 210 584 304)
4(19 304 584 295)
4(586 340 575 210)
4(586 210 583 341)
4(586 344 584 210)
4(34 296 584 344)
4(34 344 586 340)
4(586 210 585 350)
3(341 586 350)
4(37 344 584 304)
4(37 350 586 344)
4(587 298 543 211)
4(587 211 578 299)
4(588 211 543 303)
4(588 304 584 211)
4(588 211 587 305)
4(589 343 578 211)
4(589 211 584 344)
4(589 347 587 211)
4(35 299 587 347)
4(35 347 589 343)
4(589 211 588 351)
4(37 344 589 351)
4(38 351 589 347)
4(593 213 592 318)
4(24 313 593 318)
4(24 318 592 307)
4(39 318 593 357)
4(39 354 592 318)
4(597 311 554 214)
4(597 214 591 312)
4(598 214 554 319)
4(598 321 595 214)
4(25 309 595 321)
4(598 214 597 324)
4(26 324 597 311)
4(26 319 598 324)
3(599 591 214)
4(599 214 595 355)
3(355 595 310)
4(599 356 597 214)
4(599 214 598 360)
4(40 321 595 355)
4(40 360 598 321)
4(41 356 597 324)
4(41 324 598 360)
4(600 324 597 215)
4(41 363 600 324)
4(603 317 560 216)
4(603 216 593 318)
4(604 216 560 326)
4(604 328 602 216)
4(604 216 603 331)
4(28 326 604 331)
4(28 331 603 317)
4(605 357 593 216)
3(605 216 602)
4(605 359 603 216)
4(39 318 603 359)
4(605 216 604 365)
3(365 604 328)
4(42 331 604 365)
4(42 359 603 331)
4(609 325 569 217)
4(609 217 600 1212)
4(610 217 569 334)
4(610 336 607 217)
4(30 323 607 336)
4(610 217 609 338)
4(31 334 610 338)
4(611 363 600 217)
4(611 217 607 364)
4(41 364 607 324)
4(611 1213 609 217)
4(611 217 610 372)
4(44 336 607 364)
4(44 372 610 336)
3(338 610 372)
4(613 330 573 218)
4(613 218 604 331)
4(614 218 573 339)
3(614 612 218)
4(614 218 613 342)
4(33 342 613 330)
4(33 339 614 342)
4(615 365 604 218)
3(615 218 612)
4(615 367 613 218)
4(42 331 613 367)
4(615 218 614 375)
4(45 367 613 342)
4(45 342 614 375)
4(625 347 589 219)
4(625 219 617 348)
4(35 348 617 343)
4(626 219 589 351)
4(626 352 622 219)
4(37 344 622 352)
4(626 219 625 353)
4(627 378 617 219)
4(627 219 622 379)
4(46 345 617 378)
4(46 379 622 345)
4(627 382 625 219)
4(47 348 625 382)
4(47 378 617 348)
4(627 219 626 383)
3(352 622 379)
4(47 348 619 381)
4(632 361 606 221)
4(632 221 629 362)
4(40 358 606 361)
4(633 221 606 366)
4(633 368 631 221)
4(42 366 606 359)
4(633 221 632 371)
4(43 371 632 361)
4(43 366 633 371)
4(43 361 606 366)
4(634 384 632 221)
4(49 362 632 384)
3(49 384 634)
4(634 221 633 385)
4(50 385 633 368)
3(50 634 385)
4(51 384 632 371)
4(51 371 633 385)
4(51 385 634 384)
4(636 222 608 369)
4(636 371 632 222)
4(43 369 608 361)
4(636 222 635 374)
4(44 369 636 374)
4(44 364 608 369)
4(637 222 632 384)
4(637 222 636 386)
4(51 386 636 371)
4(51 384 637 386)
4(52 374 636 386)
3(52 386 637)
4(639 370 616 223)
4(639 223 633 371)
4(43 366 616 370)
4(640 223 639 380)
4(46 380 639 370)
4(46 370 616 376)
4(641 385 633 223)
4(641 387 639 223)
4(51 371 639 387)
4(51 387 641 385)
4(53 387 639 380)
3(53 641 387)
4(642 224 636 374)
4(44 369 618 373)
4(643 380 639 224)
4(46 378 618 370)
4(644 386 636 224)
4(644 224 639 387)
3(52 644 386)
3(53 387 644)
4(657 389 645 225)
4(657 225 650 390)
3(109 645 389)
4(658 225 645 392)
4(658 393 655 225)
4(110 392 645 388)
4(658 225 657 396)
4(111 396 657 389)
4(111 392 658 396)
4(111 389 645 392)
4(659 409 650 225)
4(659 225 655 410)
4(659 413 657 225)
4(115 390 657 413)
4(115 413 659 409)
4(659 225 658 421)
4(117 421 658 393)
4(117 410 659 421)
4(118 413 657 396)
4(118 396 658 421)
4(118 421 659 413)
4(661 226 646 394)
4(661 396 657 226)
4(111 394 646 389)
4(661 226 660 397)
4(112 394 661 397)
4(112 391 646 394)
4(662 412 652 226)
4(662 226 657 413)
4(662 416 660 226)
4(116 416 662 412)
4(662 226 661 424)
4(118 424 661 396)
4(118 413 662 424)
4(119 397 661 424)
4(119 424 662 416)
4(666 395 647 227)
4(666 227 658 396)
4(111 392 647 395)
4(667 227 666 399)
4(113 399 666 395)
4(113 395 647 398)
4(668 421 658 227)
4(668 227 664 422)
4(668 425 666 227)
4(118 396 666 425)
4(118 425 668 421)
4(668 227 667 432)
4(120 422 668 432)
4(121 425 666 399)
4(121 432 668 425)
4(669 228 661 397)
3(112 394 648)
4(670 399 666 228)
3(113 648 395)
4(671 424 661 228)
4(671 228 666 425)
4(671 427 669 228)
4(119 427 671 424)
4(671 228 670 435)
4(121 425 671 435)
4(122 435 671 427)
4(679 229 678 411)
4(114 411 678 401)
4(114 406 679 411)
4(127 446 678 411)
4(127 411 679 453)
4(127 453 680 446)
4(681 403 651 230)
4(681 230 677 404)
4(682 230 651 409)
4(682 411 678 230)
4(682 230 681 414)
4(115 414 681 403)
4(115 409 682 414)
4(683 445 677 230)
4(683 230 678 446)
4(683 449 681 230)
4(126 449 683 445)
4(126 404 681 449)
4(683 230 682 456)
4(127 446 683 456)
4(127 456 682 411)
4(128 456 683 449)
4(128 449 681 414)
4(128 414 682 456)
4(686 417 684 231)
4(116 405 684 417)
4(129 462 686 417)
3(129 451 462)
4(129 417 684 451)
4(688 410 656 232)
4(688 232 679 411)
4(689 232 656 419)
4(689 420 687 232)
4(689 232 688 423)
4(117 419 689 423)
4(117 423 688 410)
4(690 453 679 232)
4(690 232 687 454)
4(690 457 688 232)
4(127 457 690 453)
4(127 411 688 457)
4(690 232 689 467)
4(131 454 690 467)
4(131 467 689 420)
4(132 467 690 457)
4(132 423 689 467)
4(132 457 688 423)
3(694 663 233)
4(694 233 686 418)
4(695 233 663 426)
4(695 428 692 233)
4(119 416 692 428)
4(695 233 694 429)
3(426 695 429)
4(696 462 686 233)
4(696 233 692 463)
4(129 463 692 417)
4(696 465 694 233)
4(130 465 696 462)
4(696 233 695 476)
4(134 476 695 428)
4(134 463 696 476)
4(134 428 692 463)
4(135 429 695 476)
4(135 476 696 465)
3(703 672 234)
4(703 234 695 429)
4(704 234 672 438)
4(704 440 701 234)
4(122 427 701 440)
4(704 234 703 441)
4(705 476 695 234)
4(705 234 701 477)
4(134 477 701 428)
4(705 479 703 234)
4(135 479 705 476)
4(705 234 704 489)
4(139 477 705 489)
4(139 489 704 440)
4(139 440 701 477)
4(140 489 705 479)
4(706 235 697 434)
4(120 434 697 430)
4(137 434 706 484)
4(137 484 707 481)
4(137 481 697 434)
4(708 436 674 236)
4(708 236 699 437)
4(121 437 699 432)
4(709 236 674 442)
4(709 443 706 236)
4(709 236 708 444)
4(124 444 708 436)
4(710 483 699 236)
4(710 236 706 484)
4(137 434 699 483)
4(710 487 708 236)
4(138 487 710 483)
4(138 437 708 487)
4(138 483 699 437)
4(710 236 709 493)
4(141 484 710 493)
4(142 493 710 487)
4(142 487 708 444)
4(716 237 715 458)
4(127 458 715 446)
4(127 453 716 458)
4(146 498 715 458)
4(146 458 716 502)
4(718 449 683 238)
4(718 238 713 450)
4(719 238 683 456)
4(719 458 715 238)
4(719 238 718 461)
4(128 461 718 449)
4(128 456 719 461)
4(720 497 713 238)
4(720 238 715 498)
4(720 500 718 238)
4(143 450 718 500)
4(720 238 719 504)
4(146 504 719 458)
4(147 500 718 461)
4(147 461 719 504)
4(721 451 685 239)
4(721 239 714 452)
3(448 685 451)
4(722 239 685 459)
4(722 461 718 239)
4(128 459 685 449)
4(722 239 721 464)
4(129 464 721 451)
4(129 459 722 464)
4(129 451 685 459)
4(723 499 714 239)
4(723 239 718 500)
4(723 501 721 239)
4(723 239 722 506)
4(147 506 722 461)
4(148 501 721 464)
4(148 464 722 506)
4(724 464 721 240)
4(148 508 724 464)
4(727 457 690 241)
4(727 241 716 458)
4(728 241 690 467)
4(728 469 726 241)
4(728 241 727 472)
4(132 472 727 457)
4(132 467 728 472)
4(729 502 716 241)
4(729 241 726 503)
4(729 505 727 241)
4(146 458 727 505)
4(729 241 728 511)
4(150 511 728 469)
4(151 505 727 472)
4(151 472 728 511)
4(730 460 691 242)
4(730 242 719 461)
4(128 456 691 460)
4(731 242 691 470)
4(731 472 727 242)
4(132 470 691 457)
4(731 242 730 475)
4(133 475 730 460)
4(133 470 731 475)
4(133 460 691 470)
4(732 504 719 242)
4(732 242 727 505)
4(732 507 730 242)
4(147 461 730 507)
4(147 507 732 504)
4(732 242 731 513)
4(151 513 731 472)
4(151 505 732 513)
4(152 507 730 475)
4(152 475 731 513)
4(152 513 732 507)
4(733 463 693 243)
4(733 243 722 464)
4(129 459 693 463)
4(734 243 693 473)
4(734 475 730 243)
4(133 473 693 460)
4(734 243 733 478)
4(134 478 733 463)
4(134 473 734 478)
4(134 463 693 473)
4(735 506 722 243)
4(735 243 730 507)
4(735 509 733 243)
4(148 464 733 509)
4(735 243 734 515)
4(152 515 734 475)
4(152 507 735 515)
4(153 509 733 478)
4(153 478 734 515)
4(153 515 735 509)
4(736 465 696 244)
4(736 244 724 466)
4(737 244 696 476)
4(737 478 733 244)
4(737 244 736 480)
4(135 476 737 480)
4(738 508 724 244)
4(738 244 733 509)
4(738 510 736 244)
4(738 244 737 517)
4(153 517 737 478)
4(154 480 737 517)
4(740 471 698 245)
4(740 245 728 472)
4(132 467 698 471)
4(741 245 698 481)
4(741 482 739 245)
4(136 481 698 468)
4(741 245 740 485)
4(137 485 740 471)
4(137 481 741 485)
4(137 471 698 481)
4(742 511 728 245)
4(742 245 739 512)
4(742 514 740 245)
4(151 472 740 514)
4(742 245 741 520)
4(156 514 740 485)
4(156 485 741 520)
4(743 474 700 246)
4(743 246 731 475)
4(133 470 700 474)
4(744 246 700 483)
4(744 485 740 246)
4(137 483 700 471)
4(744 246 743 488)
4(138 488 743 474)
4(138 483 744 488)
4(138 474 700 483)
4(745 513 731 246)
4(745 246 740 514)
4(745 516 743 246)
4(152 475 743 516)
4(152 516 745 513)
4(745 246 744 521)
4(156 521 744 485)
4(157 516 743 488)
4(157 488 744 521)
4(157 521 745 516)
4(746 477 702 247)
4(746 247 734 478)
4(134 473 702 477)
4(747 247 702 486)
4(747 488 743 247)
4(138 486 702 474)
4(747 247 746 491)
4(139 491 746 477)
4(139 486 747 491)
4(139 477 702 486)
4(748 515 734 247)
4(748 247 743 516)
4(748 518 746 247)
4(153 478 746 518)
4(153 518 748 515)
4(748 247 747 523)
4(157 523 747 488)
4(157 516 748 523)
4(158 518 746 491)
4(158 491 747 523)
4(749 479 705 248)
4(749 248 737 480)
4(750 248 705 489)
4(750 491 746 248)
4(750 248 749 492)
4(751 517 737 248)
4(751 248 746 518)
4(751 519 749 248)
4(751 248 750 525)
4(158 525 750 491)
4(752 249 741 485)
4(156 485 752 522)
4(754 487 710 250)
4(754 250 744 488)
4(755 250 710 493)
4(755 494 752 250)
4(755 250 754 496)
4(142 496 754 487)
4(756 521 744 250)
4(756 250 752 522)
4(756 524 754 250)
4(157 488 754 524)
4(756 250 755 527)
4(161 524 754 496)
4(757 490 712 251)
4(757 251 747 491)
4(139 486 712 490)
4(758 251 712 495)
4(758 496 754 251)
4(142 495 712 487)
3(758 251 757)
3(490 712 495)
4(759 523 747 251)
4(759 251 754 524)
4(759 526 757 251)
4(158 491 757 526)
4(759 251 758 528)
4(551 761 595 309)
4(595 761 1026 310)
4(551 316 1027 761)
4(1027 318 592 761)
4(595 321 1027 761)
4(25 316 1027 321)
3(596 1026 761)
4(596 761 592 354)
4(596 355 595 761)
4(1027 358 596 761)
4(39 358 1027 318)
4(40 321 1027 358)
4(1028 320 563 762)
4(1028 762 1027 321)
4(563 329 1029 762)
4(1029 331 603 762)
4(1029 762 1028 853)
4(29 853 1028 320)
4(29 329 1029 853)
4(606 358 1027 762)
4(606 762 603 359)
4(606 361 1028 762)
4(40 321 1028 361)
4(1029 366 606 762)
4(42 366 1029 331)
4(43 361 1028 853)
4(43 853 1029 366)
4(566 763 607 323)
4(607 763 598 324)
4(566 332 1030 763)
4(1030 853 1028 763)
4(607 336 1030 763)
4(30 332 1030 336)
4(598 763 608 360)
4(608 763 1028 361)
4(608 364 607 763)
4(1030 369 608 763)
4(43 369 1030 853)
4(44 336 1030 369)
4(1031 333 576 764)
4(1031 764 1029 853)
4(576 340 1032 764)
4(1032 342 613 764)
4(1032 764 1031 345)
4(34 345 1031 333)
4(34 340 1032 345)
4(616 366 1029 764)
4(616 764 613 367)
4(616 370 1031 764)
4(43 853 1031 370)
4(1032 376 616 764)
4(45 376 1032 342)
4(46 370 1031 345)
4(46 345 1032 376)
4(1033 335 579 765)
4(1033 765 1030 336)
4(617 765 579 343)
4(617 345 1031 765)
4(1033 348 617 765)
4(35 348 1033 335)
4(618 369 1030 765)
4(618 765 1031 370)
4(618 373 1033 765)
4(44 336 1033 373)
4(617 378 618 765)
4(47 373 1033 348)
4(1034 337 582 766)
4(610 338 1034 766)
4(619 766 582 346)
4(619 348 1033 766)
4(1034 349 619 766)
4(610 766 620 372)
4(620 766 1033 373)
3(620 1034 766)
4(619 381 620 766)
4(614 342 1035 767)
4(45 342 1035 377)
4(586 768 622 344)
4(622 768 1032 345)
4(623 768 586 350)
3(623 1035 768)
4(622 352 623 768)
4(624 376 1032 768)
4(624 768 1035 377)
4(624 379 622 768)
3(623 624 768)
4(1036 384 634 769)
3(1036 769 854)
4(634 385 1037 769)
3(1037 855 769)
4(1037 769 1036 856)
4(51 856 1036 384)
4(51 385 1037 856)
4(1038 859 1036 769)
4(54 854 1036 859)
3(54 859 1038)
4(1038 769 1037 861)
4(55 861 1037 855)
3(55 1038 861)
4(56 859 1036 856)
4(56 856 1037 861)
4(56 861 1038 859)
4(637 386 1039 770)
4(1039 856 1036 770)
3(1039 770 857)
4(52 386 1039 857)
4(1040 770 1036 859)
4(1040 770 1039 863)
4(56 863 1039 856)
4(56 859 1040 863)
4(57 857 1039 863)
3(57 863 1040)
4(1041 387 641 771)
4(1041 771 1037 856)
3(771 1041 858)
4(53 858 1041 387)
4(1042 861 1037 771)
4(1042 864 1041 771)
4(56 856 1041 864)
4(56 864 1042 861)
4(58 864 1041 858)
3(58 1042 864)
3(772 1039 857)
3(858 1041 772)
4(1043 863 1039 772)
4(1043 772 1041 864)
3(57 1043 863)
3(58 864 1043)
4(1044 859 1038 773)
3(1044 773 860)
4(1045 773 1038 861)
3(1045 862 773)
4(1045 773 1044 865)
4(56 865 1044 859)
4(56 861 1045 865)
4(1046 868 1044 773)
4(59 860 1044 868)
3(59 868 1046)
4(1046 773 1045 870)
4(60 870 1045 862)
3(60 1046 870)
4(61 868 1044 865)
4(61 865 1045 870)
4(61 870 1046 868)
4(1047 774 1040 863)
4(1047 865 1044 774)
3(1047 774 866)
4(57 863 1047 866)
4(1048 774 1044 868)
4(1048 774 1047 872)
4(61 872 1047 865)
4(61 868 1048 872)
4(62 866 1047 872)
3(62 872 1048)
4(1049 864 1042 775)
4(1049 775 1045 865)
3(775 1049 867)
4(58 867 1049 864)
4(1050 870 1045 775)
4(1050 873 1049 775)
4(61 865 1049 873)
4(61 873 1050 870)
4(63 873 1049 867)
3(63 1050 873)
3(776 1047 866)
3(867 1049 776)
4(1051 872 1047 776)
4(1051 776 1049 873)
3(62 1051 872)
3(63 873 1051)
4(1052 868 1046 777)
3(1052 777 869)
4(1053 777 1046 870)
3(1053 871 777)
4(1053 777 1052 874)
4(61 874 1052 868)
4(61 870 1053 874)
4(1054 877 1052 777)
4(64 869 1052 877)
3(64 877 1054)
4(1054 777 1053 879)
4(65 879 1053 871)
3(65 1054 879)
4(66 877 1052 874)
4(66 874 1053 879)
4(66 879 1054 877)
4(1055 778 1048 872)
4(1055 874 1052 778)
3(1055 778 875)
4(62 872 1055 875)
4(1056 778 1052 877)
4(1056 778 1055 881)
4(66 881 1055 874)
4(66 877 1056 881)
4(67 875 1055 881)
3(67 881 1056)
4(1057 873 1050 779)
4(1057 779 1053 874)
3(779 1057 876)
4(63 876 1057 873)
4(1058 879 1053 779)
4(1058 882 1057 779)
4(66 874 1057 882)
4(66 882 1058 879)
4(68 882 1057 876)
3(68 1058 882)
3(780 1055 875)
3(876 1057 780)
4(1059 881 1055 780)
4(1059 780 1057 882)
3(67 1059 881)
3(68 882 1059)
4(1060 877 1054 781)
3(1060 781 878)
4(1061 781 1054 879)
3(1061 880 781)
4(1061 781 1060 883)
4(66 883 1060 877)
4(66 879 1061 883)
4(1062 886 1060 781)
4(69 878 1060 886)
3(69 886 1062)
4(1062 781 1061 888)
4(70 888 1061 880)
3(70 1062 888)
4(71 886 1060 883)
4(71 883 1061 888)
4(71 888 1062 886)
4(1063 782 1056 881)
4(1063 883 1060 782)
3(1063 782 884)
4(67 881 1063 884)
4(1064 782 1060 886)
4(1064 782 1063 890)
4(71 890 1063 883)
4(71 886 1064 890)
4(72 884 1063 890)
3(72 890 1064)
4(1065 882 1058 783)
4(1065 783 1061 883)
3(783 1065 885)
4(68 885 1065 882)
4(1066 888 1061 783)
4(1066 891 1065 783)
4(71 883 1065 891)
4(71 891 1066 888)
4(73 891 1065 885)
3(73 1066 891)
3(784 1063 884)
3(885 1065 784)
4(1067 890 1063 784)
4(1067 784 1065 891)
3(72 1067 890)
3(73 891 1067)
4(1068 886 1062 785)
3(1068 785 887)
4(1069 785 1062 888)
3(1069 889 785)
4(1069 785 1068 892)
4(71 892 1068 886)
4(71 888 1069 892)
4(1070 895 1068 785)
4(74 887 1068 895)
3(74 895 1070)
4(1070 785 1069 897)
4(75 897 1069 889)
3(75 1070 897)
4(76 895 1068 892)
4(76 892 1069 897)
4(76 897 1070 895)
4(1071 786 1064 890)
4(1071 892 1068 786)
3(1071 786 893)
4(72 890 1071 893)
4(1072 786 1068 895)
4(1072 786 1071 899)
4(76 899 1071 892)
4(76 895 1072 899)
4(77 893 1071 899)
3(77 899 1072)
4(1073 891 1066 787)
4(1073 787 1069 892)
3(787 1073 894)
4(73 894 1073 891)
4(1074 897 1069 787)
4(1074 900 1073 787)
4(76 892 1073 900)
4(76 900 1074 897)
4(78 900 1073 894)
3(78 1074 900)
3(788 1071 893)
3(894 1073 788)
4(1075 899 1071 788)
4(1075 788 1073 900)
3(77 1075 899)
3(78 900 1075)
4(1076 895 1070 789)
3(1076 789 896)
4(1077 789 1070 897)
3(1077 898 789)
4(1077 789 1076 901)
4(76 901 1076 895)
4(76 897 1077 901)
4(1078 904 1076 789)
4(79 896 1076 904)
3(79 904 1078)
4(1078 789 1077 906)
4(80 906 1077 898)
3(80 1078 906)
4(81 904 1076 901)
4(81 901 1077 906)
4(81 906 1078 904)
4(1079 790 1072 899)
4(1079 901 1076 790)
3(1079 790 902)
4(77 899 1079 902)
4(1080 790 1076 904)
4(1080 790 1079 908)
4(81 908 1079 901)
4(81 904 1080 908)
4(82 902 1079 908)
3(82 908 1080)
4(1081 900 1074 791)
4(1081 791 1077 901)
3(791 1081 903)
4(78 903 1081 900)
4(1082 906 1077 791)
4(1082 909 1081 791)
4(81 901 1081 909)
4(81 909 1082 906)
4(83 909 1081 903)
3(83 1082 909)
3(792 1079 902)
3(903 1081 792)
4(1083 908 1079 792)
4(1083 792 1081 909)
3(82 1083 908)
3(83 909 1083)
4(1084 904 1078 793)
3(1084 793 905)
4(1085 793 1078 906)
3(1085 907 793)
4(1085 793 1084 910)
4(81 910 1084 904)
4(81 906 1085 910)
4(1086 913 1084 793)
4(84 905 1084 913)
3(84 913 1086)
4(1086 793 1085 915)
4(85 915 1085 907)
3(85 1086 915)
4(86 913 1084 910)
4(86 910 1085 915)
4(86 915 1086 913)
4(1087 794 1080 908)
4(1087 910 1084 794)
3(1087 794 911)
4(82 908 1087 911)
4(1088 794 1084 913)
4(1088 794 1087 917)
4(86 917 1087 910)
4(86 913 1088 917)
4(87 911 1087 917)
3(87 917 1088)
4(1089 909 1082 795)
4(1089 795 1085 910)
3(795 1089 912)
4(83 912 1089 909)
4(1090 915 1085 795)
4(1090 918 1089 795)
4(86 910 1089 918)
4(86 918 1090 915)
4(88 918 1089 912)
3(88 1090 918)
3(796 1087 911)
3(912 1089 796)
4(1091 917 1087 796)
4(1091 796 1089 918)
3(87 1091 917)
3(88 918 1091)
4(1092 913 1086 797)
3(1092 797 914)
4(1093 797 1086 915)
3(1093 916 797)
4(1093 797 1092 919)
4(86 919 1092 913)
4(86 915 1093 919)
4(1094 922 1092 797)
4(89 914 1092 922)
3(89 922 1094)
4(1094 797 1093 924)
4(90 924 1093 916)
3(90 1094 924)
4(91 922 1092 919)
4(91 919 1093 924)
4(91 924 1094 922)
4(1095 798 1088 917)
4(1095 919 1092 798)
3(1095 798 920)
4(87 917 1095 920)
4(1096 798 1092 922)
4(1096 798 1095 926)
4(91 926 1095 919)
4(91 922 1096 926)
4(92 920 1095 926)
3(92 926 1096)
4(1097 918 1090 799)
4(1097 799 1093 919)
3(799 1097 921)
4(88 921 1097 918)
4(1098 924 1093 799)
4(1098 927 1097 799)
4(91 919 1097 927)
4(91 927 1098 924)
4(93 927 1097 921)
3(93 1098 927)
3(800 1095 920)
3(921 1097 800)
4(1099 926 1095 800)
4(1099 800 1097 927)
3(92 1099 926)
3(93 927 1099)
4(1100 922 1094 801)
3(1100 801 923)
4(1101 801 1094 924)
3(1101 925 801)
4(1101 801 1100 928)
4(91 928 1100 922)
4(91 924 1101 928)
4(1102 931 1100 801)
4(94 923 1100 931)
3(94 931 1102)
4(1102 801 1101 933)
4(95 933 1101 925)
3(95 1102 933)
4(96 931 1100 928)
4(96 928 1101 933)
4(96 933 1102 931)
4(1103 802 1096 926)
4(1103 928 1100 802)
3(1103 802 929)
4(92 926 1103 929)
4(1104 802 1100 931)
4(1104 802 1103 935)
4(96 935 1103 928)
4(96 931 1104 935)
4(97 929 1103 935)
3(97 935 1104)
4(1105 927 1098 803)
4(1105 803 1101 928)
3(803 1105 930)
4(93 930 1105 927)
4(1106 933 1101 803)
4(1106 936 1105 803)
4(96 928 1105 936)
4(96 936 1106 933)
4(98 936 1105 930)
3(98 1106 936)
3(804 1103 929)
3(930 1105 804)
4(1107 935 1103 804)
4(1107 804 1105 936)
3(97 1107 935)
3(98 936 1107)
4(1108 931 1102 805)
3(1108 805 932)
4(1109 805 1102 933)
3(1109 934 805)
4(1109 805 1108 937)
4(96 937 1108 931)
4(96 933 1109 937)
4(1110 940 1108 805)
4(99 932 1108 940)
3(99 940 1110)
4(1110 805 1109 942)
4(100 942 1109 934)
3(100 1110 942)
4(101 940 1108 937)
4(101 937 1109 942)
4(101 942 1110 940)
4(1111 806 1104 935)
4(1111 937 1108 806)
3(1111 806 938)
4(97 935 1111 938)
4(1112 806 1108 940)
4(1112 806 1111 944)
4(101 944 1111 937)
4(101 940 1112 944)
4(102 938 1111 944)
3(102 944 1112)
4(1113 936 1106 807)
4(1113 807 1109 937)
3(807 1113 939)
4(98 939 1113 936)
4(1114 942 1109 807)
4(1114 945 1113 807)
4(101 937 1113 945)
4(101 945 1114 942)
4(103 945 1113 939)
3(103 1114 945)
3(808 1111 938)
3(939 1113 808)
4(1115 944 1111 808)
4(1115 808 1113 945)
3(102 1115 944)
3(103 945 1115)
4(1116 940 1110 809)
3(1116 809 941)
4(1117 809 1110 942)
3(1117 943 809)
4(1117 809 1116 946)
4(101 946 1116 940)
4(101 942 1117 946)
4(1118 949 1116 809)
4(104 941 1116 949)
3(104 949 1118)
4(1118 809 1117 951)
4(105 951 1117 943)
3(105 1118 951)
4(106 949 1116 946)
4(106 946 1117 951)
4(106 951 1118 949)
4(1119 810 1112 944)
4(1119 946 1116 810)
3(1119 810 947)
4(102 944 1119 947)
4(1120 810 1116 949)
4(1120 810 1119 953)
4(106 953 1119 946)
4(106 949 1120 953)
4(107 947 1119 953)
3(107 953 1120)
4(1121 945 1114 811)
4(1121 811 1117 946)
3(811 1121 948)
4(103 948 1121 945)
4(1122 951 1117 811)
4(1122 954 1121 811)
4(106 946 1121 954)
4(106 954 1122 951)
4(108 954 1121 948)
3(108 1122 954)
3(812 1119 947)
3(948 1121 812)
4(1123 953 1119 812)
4(1123 812 1121 954)
3(107 1123 953)
3(108 954 1123)
4(1124 949 1118 813)
3(1124 813 950)
4(1125 813 1118 951)
3(1125 952 813)
4(1125 813 1124 955)
4(106 955 1124 949)
4(106 951 1125 955)
4(645 389 1124 813)
4(109 950 1124 389)
4(1125 392 645 813)
4(110 392 1125 952)
4(111 389 1124 955)
4(111 955 1125 392)
4(1126 814 1120 953)
4(1126 955 1124 814)
3(1126 814 956)
4(107 953 1126 956)
4(646 814 1124 389)
4(1126 394 646 814)
4(111 394 1126 955)
4(112 956 1126 394)
4(1127 954 1122 815)
4(1127 815 1125 955)
3(815 1127 957)
4(108 957 1127 954)
4(647 392 1125 815)
4(647 395 1127 815)
4(111 955 1127 395)
4(113 395 1127 957)
3(816 1126 956)
3(957 1127 816)
4(648 394 1126 816)
4(648 816 1127 395)
4(653 817 684 405)
3(684 817 1128)
4(653 412 1129 817)
4(1129 414 681 817)
4(684 417 1129 817)
4(116 412 1129 417)
4(685 448 1128 817)
4(685 817 681 449)
4(685 451 684 817)
4(1129 459 685 817)
4(128 459 1129 414)
4(129 417 1129 459)
4(1131 422 665 818)
4(689 423 1131 818)
4(697 818 665 430)
4(697 431 1130 818)
4(1131 434 697 818)
4(120 434 1131 422)
4(689 818 698 467)
4(698 818 1130 468)
4(698 471 1131 818)
4(132 423 1131 471)
4(697 481 698 818)
4(137 471 1131 434)
4(1133 439 675 819)
4(1133 819 1132 440)
4(122 440 1132 435)
3(711 819 675)
4(708 819 711 444)
3(1133 711 819)
4(712 486 1132 819)
4(712 819 708 487)
4(138 437 1132 486)
4(712 490 1133 819)
4(139 440 1133 490)
4(139 486 1132 440)
4(711 495 712 819)
4(1136 507 732 821)
4(1136 821 1134 958)
4(732 513 1137 821)
4(1137 959 1135 821)
4(1137 821 1136 960)
4(152 960 1136 507)
4(152 513 1137 960)
4(1138 963 1136 821)
4(162 958 1136 963)
3(162 963 1138)
4(1138 821 1137 965)
4(163 965 1137 959)
3(163 1138 965)
4(164 963 1136 960)
4(164 960 1137 965)
4(164 965 1138 963)
4(735 515 1140 822)
4(1140 960 1136 822)
4(1140 822 1139 961)
4(153 515 1140 961)
4(1141 822 1136 963)
4(1141 822 1140 967)
4(164 967 1140 960)
4(164 963 1141 967)
4(165 961 1140 967)
3(165 967 1141)
4(1143 516 745 823)
4(1143 823 1137 960)
4(1144 823 1143 962)
4(157 962 1143 516)
4(1145 965 1137 823)
4(1145 968 1143 823)
4(164 960 1143 968)
4(164 968 1145 965)
4(166 968 1143 962)
3(166 1145 968)
4(1146 824 1140 961)
4(1147 962 1143 824)
4(1148 967 1140 824)
4(1148 824 1143 968)
3(165 1148 967)
3(166 968 1148)
4(1149 963 1138 825)
3(1149 825 964)
4(1150 825 1138 965)
3(1150 966 825)
4(1150 825 1149 969)
4(164 969 1149 963)
4(164 965 1150 969)
4(1151 972 1149 825)
4(167 964 1149 972)
3(167 972 1151)
4(1151 825 1150 974)
4(168 974 1150 966)
3(168 1151 974)
4(169 972 1149 969)
4(169 969 1150 974)
4(169 974 1151 972)
4(1152 826 1141 967)
4(1152 969 1149 826)
3(1152 826 970)
4(165 967 1152 970)
4(1153 826 1149 972)
4(1153 826 1152 976)
4(169 976 1152 969)
4(169 972 1153 976)
4(170 970 1152 976)
3(170 976 1153)
4(1154 968 1145 827)
4(1154 827 1150 969)
3(827 1154 971)
4(166 971 1154 968)
4(1155 974 1150 827)
4(1155 977 1154 827)
4(169 969 1154 977)
4(169 977 1155 974)
4(171 977 1154 971)
3(171 1155 977)
3(828 1152 970)
3(971 1154 828)
4(1156 976 1152 828)
4(1156 828 1154 977)
3(170 1156 976)
3(171 977 1156)
4(1157 972 1151 829)
3(1157 829 973)
4(1158 829 1151 974)
3(1158 975 829)
4(1158 829 1157 978)
4(169 978 1157 972)
4(169 974 1158 978)
4(1159 981 1157 829)
4(172 973 1157 981)
3(172 981 1159)
4(1159 829 1158 983)
4(173 983 1158 975)
3(173 1159 983)
4(174 981 1157 978)
4(174 978 1158 983)
4(174 983 1159 981)
4(1160 830 1153 976)
4(1160 978 1157 830)
3(1160 830 979)
4(170 976 1160 979)
4(1161 830 1157 981)
4(1161 830 1160 985)
4(174 985 1160 978)
4(174 981 1161 985)
4(175 979 1160 985)
3(175 985 1161)
4(1162 977 1155 831)
4(1162 831 1158 978)
3(831 1162 980)
4(171 980 1162 977)
4(1163 983 1158 831)
4(1163 986 1162 831)
4(174 978 1162 986)
4(174 986 1163 983)
4(176 986 1162 980)
3(176 1163 986)
3(832 1160 979)
3(980 1162 832)
4(1164 985 1160 832)
4(1164 832 1162 986)
3(175 1164 985)
3(176 986 1164)
4(1165 981 1159 833)
3(1165 833 982)
4(1166 833 1159 983)
3(1166 984 833)
4(1166 833 1165 987)
4(174 987 1165 981)
4(174 983 1166 987)
4(1167 990 1165 833)
4(177 982 1165 990)
3(177 990 1167)
4(1167 833 1166 992)
4(178 992 1166 984)
3(178 1167 992)
4(179 990 1165 987)
4(179 987 1166 992)
4(179 992 1167 990)
4(1168 834 1161 985)
4(1168 987 1165 834)
3(1168 834 988)
4(175 985 1168 988)
4(1169 834 1165 990)
4(1169 834 1168 994)
4(179 994 1168 987)
4(179 990 1169 994)
4(180 988 1168 994)
3(180 994 1169)
4(1170 986 1163 835)
4(1170 835 1166 987)
3(835 1170 989)
4(176 989 1170 986)
4(1171 992 1166 835)
4(1171 995 1170 835)
4(179 987 1170 995)
4(179 995 1171 992)
4(181 995 1170 989)
3(181 1171 995)
3(836 1168 988)
3(989 1170 836)
4(1172 994 1168 836)
4(1172 836 1170 995)
3(180 1172 994)
3(181 995 1172)
4(1173 990 1167 837)
3(1173 837 991)
4(1174 837 1167 992)
3(1174 993 837)
4(1174 837 1173 996)
4(179 996 1173 990)
4(179 992 1174 996)
4(1175 999 1173 837)
4(182 991 1173 999)
3(182 999 1175)
4(1175 837 1174 1001)
4(183 1001 1174 993)
3(183 1175 1001)
4(184 999 1173 996)
4(184 996 1174 1001)
4(184 1001 1175 999)
4(1176 838 1169 994)
4(1176 996 1173 838)
3(1176 838 997)
4(180 994 1176 997)
4(1177 838 1173 999)
4(1177 838 1176 1003)
4(184 1003 1176 996)
4(184 999 1177 1003)
4(185 997 1176 1003)
3(185 1003 1177)
4(1178 995 1171 839)
4(1178 839 1174 996)
3(839 1178 998)
4(181 998 1178 995)
4(1179 1001 1174 839)
4(1179 1004 1178 839)
4(184 996 1178 1004)
4(184 1004 1179 1001)
4(186 1004 1178 998)
3(186 1179 1004)
3(840 1176 997)
3(998 1178 840)
4(1180 1003 1176 840)
4(1180 840 1178 1004)
3(185 1180 1003)
3(186 1004 1180)
4(1181 999 1175 841)
3(1181 841 1000)
4(1182 841 1175 1001)
3(1182 1002 841)
4(1182 841 1181 1005)
4(184 1005 1181 999)
4(184 1001 1182 1005)
4(1183 1008 1181 841)
4(187 1000 1181 1008)
3(187 1008 1183)
4(1183 841 1182 1010)
4(188 1010 1182 1002)
3(188 1183 1010)
4(189 1008 1181 1005)
4(189 1005 1182 1010)
4(189 1010 1183 1008)
4(1184 842 1177 1003)
4(1184 1005 1181 842)
3(1184 842 1006)
4(185 1003 1184 1006)
4(1185 842 1181 1008)
4(1185 842 1184 1012)
4(189 1012 1184 1005)
4(189 1008 1185 1012)
4(190 1006 1184 1012)
3(190 1012 1185)
4(1186 1004 1179 843)
4(1186 843 1182 1005)
3(843 1186 1007)
4(186 1007 1186 1004)
4(1187 1010 1182 843)
4(1187 1013 1186 843)
4(189 1005 1186 1013)
4(189 1013 1187 1010)
4(191 1013 1186 1007)
3(191 1187 1013)
3(844 1184 1006)
3(1007 1186 844)
4(1188 1012 1184 844)
4(1188 844 1186 1013)
3(190 1188 1012)
3(191 1013 1188)
4(1189 1008 1183 845)
3(1189 845 1009)
4(1190 845 1183 1010)
3(1190 1011 845)
4(1190 845 1189 1014)
4(189 1014 1189 1008)
4(189 1010 1190 1014)
4(1191 1017 1189 845)
4(192 1009 1189 1017)
3(192 1017 1191)
4(1191 845 1190 1019)
4(193 1019 1190 1011)
3(193 1191 1019)
4(194 1017 1189 1014)
4(194 1014 1190 1019)
4(194 1019 1191 1017)
4(1192 846 1185 1012)
4(1192 1014 1189 846)
3(1192 846 1015)
4(190 1012 1192 1015)
4(1193 846 1189 1017)
4(1193 846 1192 1021)
4(194 1021 1192 1014)
4(194 1017 1193 1021)
4(195 1015 1192 1021)
3(195 1021 1193)
4(1194 1013 1187 847)
4(1194 847 1190 1014)
3(847 1194 1016)
4(191 1016 1194 1013)
4(1195 1019 1190 847)
4(1195 1022 1194 847)
4(194 1014 1194 1022)
4(194 1022 1195 1019)
4(196 1022 1194 1016)
3(196 1195 1022)
3(848 1192 1015)
3(1016 1194 848)
4(1196 1021 1192 848)
4(1196 848 1194 1022)
3(195 1196 1021)
3(196 1022 1196)
4(1197 1017 1191 849)
4(1198 849 1191 1019)
4(194 1023 1197 1017)
4(194 1019 1198 1023)
4(1199 850 1193 1021)
4(195 1021 1199 1024)
4(1200 1022 1195 851)
4(196 1025 1200 1022)
4(1206 413 659 1201)
4(682 414 1206 1201)
4(659 421 1207 1201)
4(1207 423 688 1201)
4(1207 1201 1206 1205)
4(118 1205 1206 413)
4(118 421 1207 1205)
4(682 1201 691 456)
4(691 1201 688 457)
4(691 460 1206 1201)
4(128 414 1206 460)
4(1207 470 691 1201)
4(132 470 1207 423)
4(133 460 1206 1205)
4(133 1205 1207 470)
4(662 1202 692 416)
4(1129 417 692 1202)
4(662 424 1208 1202)
4(1208 1205 1206 1202)
4(692 428 1208 1202)
4(119 424 1208 428)
4(693 459 1129 1202)
4(693 1202 1206 460)
4(693 463 692 1202)
4(1208 473 693 1202)
4(133 473 1208 1205)
4(134 428 1208 473)
4(1209 425 668 1203)
4(1209 1203 1207 1205)
4(699 1203 668 432)
4(699 434 1131 1203)
4(1209 437 699 1203)
4(121 437 1209 425)
4(700 470 1207 1203)
4(1131 471 700 1203)
4(700 474 1209 1203)
4(133 1205 1209 474)
4(699 483 700 1203)
4(138 474 1209 437)
4(671 1204 701 427)
4(701 1204 1208 428)
4(1132 1204 671 435)
4(1132 437 1209 1204)
4(701 440 1132 1204)
4(702 473 1208 1204)
4(702 1204 1209 474)
4(702 477 701 1204)
4(1132 486 702 1204)
4(38 351 626 353)
4(135 465 694 429)
6(141 493 709 443 706 484)
4(140 492 749 479)
4(0 253 545 255)
4(0 255 547 254)
4(0 254 530 253)
4(1 256 546 258)
4(1 257 531 256)
4(3 261 548 263)
4(3 262 533 261)
4(3 263 557 262)
4(4 265 534 264)
4(5 268 535 267)
4(6 271 536 270)
4(8 277 570 276)
4(8 276 537 275)
4(9 279 538 278)
4(10 282 539 281)
4(11 285 540 284)
4(14 292 542 291)
4(15 295 543 294)
4(581 297 544 212)
4(544 298 587 212)
4(16 298 544 297)
4(592 307 306 1026)
4(21 308 591 310)
4(23 313 593 315)
4(23 315 602 314)
4(27 328 612 327)
6(619 346 590 347 625 220)
4(40 360 630 362)
4(630 360 608 222)
4(42 368 638 367)
4(616 367 638 223)
4(49 637 770 854)
4(50 855 771 641)
4(54 1040 774 860)
4(1042 55 862 775)
4(59 1048 778 869)
4(60 871 779 1050)
4(64 1056 782 878)
4(1058 65 880 783)
4(69 1064 786 887)
4(70 889 787 1066)
4(74 1072 790 896)
4(1074 75 898 791)
4(79 1080 794 905)
4(80 907 795 1082)
4(84 1088 798 914)
4(1090 85 916 799)
4(89 1096 802 923)
4(90 925 803 1098)
4(94 1104 806 932)
4(1106 95 934 807)
4(99 1112 810 941)
4(100 943 811 1114)
4(104 1120 814 950)
4(1122 105 952 815)
5(109 646 226 652 390)
5(110 393 664 227 647)
4(1210 401 651 400)
4(403 653 1128 404)
4(1211 407 656 406)
4(116 416 663 415)
4(665 419 420 1130)
4(119 427 672 426)
4(120 433 674 432)
4(121 436 675 435)
4(122 439 676 438)
4(704 438 676 820)
4(676 439 1133 820)
4(125 445 713 447)
4(125 447 715 446)
4(126 448 714 450)
5(453 716 455 726 454)
4(131 469 739 468)
5(750 489 490 757 252)
5(147 506 735 822 958)
4(151 959 1142 514)
4(745 514 1142 823)
4(162 1141 826 964)
4(163 966 827 1145)
4(167 1153 830 973)
4(168 975 831 1155)
4(172 1161 834 982)
4(173 984 835 1163)
4(177 1169 838 991)
4(178 993 839 1171)
4(182 1177 842 1000)
4(183 1002 843 1179)
4(187 1185 846 1009)
4(188 1011 847 1187)
4(192 1193 850 1018)
4(193 1020 851 1195)
4(4 254 529 261)
4(1 253 530 257)
4(4 264 530 254)
4(5 257 530 264)
4(2 256 531 259)
4(5 267 531 257)
4(6 259 531 267)
4(22 260 552 311)
4(555 200 532 270)
4(6 270 532 259)
6(200 555 322 556 311 552)
4(4 261 533 265)
4(8 275 533 262)
4(8 262 557 277)
4(9 265 533 275)
6(23 314 557 263 548 313)
4(27 277 557 314)
4(7 270 536 273)
4(11 284 536 271)
4(12 273 536 284)
4(12 288 567 273)
4(31 325 567 288)
4(9 275 537 279)
4(13 289 537 276)
4(14 279 537 289)
4(32 339 572 290)
4(12 284 540 287)
4(16 297 540 285)
4(17 297 581 300)
4(17 287 540 297)
4(17 300 580 287)
4(31 288 580 337)
6(36 337 580 300 581 346)
4(583 292 541 209)
4(14 289 541 292)
5(341 583 209 572 339)
4(15 291 542 295)
4(18 301 542 292)
4(19 301 585 304)
4(19 295 542 301)
5(350 585 302 583 341)
4(37 304 585 350)
4(16 294 543 298)
4(19 303 543 295)
4(20 305 587 298)
4(20 303 588 305)
4(20 298 543 303)
4(37 351 588 304)
4(38 347 587 305)
4(590 346 581 212)
4(590 212 587 347)
4(39 357 594 354)
4(40 355 599 360)
4(41 360 599 356)
4(600 215 556 322)
4(601 215 600 363)
4(41 356 601 363)
4(39 359 605 357)
4(42 365 605 359)
4(31 338 609 325)
6(1213 611 363 600 1212 609)
4(44 364 611 372)
5(372 611 1213 609 338)
4(42 367 615 365)
4(45 375 615 367)
4(38 353 625 347)
4(47 382 627 378)
5(383 626 352 379 627)
4(48 382 625 353)
4(48 353 626 383)
4(48 383 627 382)
4(628 381 619 220)
4(628 220 625 382)
4(44 374 635 364)
4(46 376 640 380)
4(642 373 618 224)
4(643 224 618 378)
5(644 52 374 642 224)
5(644 224 643 380 53)
4(112 397 660 391)
4(119 416 660 397)
4(113 398 667 399)
6(120 432 667 227 664 422)
4(121 399 667 432)
5(648 228 669 397 112)
5(670 228 648 113 399)
4(119 397 669 427)
4(121 435 670 399)
6(122 427 669 228 670 435)
4(686 231 654 415)
5(407 687 420 419 656)
5(454 687 408 679 453)
4(131 420 687 454)
4(130 418 694 465)
4(135 429 703 479)
4(140 479 703 441)
4(140 441 704 489)
4(706 433 673 235)
4(124 442 709 444)
4(142 444 709 493)
4(146 502 717 498)
4(143 500 720 497)
4(146 498 720 504)
4(147 504 720 500)
4(144 452 721 501)
4(144 501 723 499)
4(147 500 723 506)
4(148 506 723 501)
4(725 240 724 508)
4(148 501 725 508)
4(131 454 726 469)
4(145 503 726 455)
4(146 505 729 502)
4(150 469 726 503)
4(150 503 729 511)
4(151 511 729 505)
4(148 509 735 506)
4(135 480 736 465)
4(149 466 736 510)
4(149 510 738 508)
4(153 509 738 517)
4(154 510 736 480)
4(154 517 738 510)
6(136 468 739 482 741 481)
4(150 512 739 469)
4(151 514 742 511)
4(155 520 741 482)
4(155 482 739 512)
4(155 512 742 520)
4(156 520 742 514)
4(156 514 745 521)
4(158 523 748 518)
4(140 489 750 492)
4(154 480 749 519)
4(154 519 751 517)
4(158 518 751 525)
4(159 519 749 492)
4(159 492 750 525)
4(159 525 751 519)
4(752 484 707 249)
4(753 522 752 249)
4(156 522 753 520)
4(142 493 755 496)
4(157 524 756 521)
4(160 527 755 494)
4(160 522 756 527)
4(161 496 755 527)
4(161 527 756 524)
4(757 490 495 758)
4(158 526 759 523)
4(161 528 758 496)
4(161 524 759 528)
4(526 757 758 528)
3(528 759 526)
4(760 525 750 252)
4(760 252 757 526)
4(36 349 1034 337)
5(1035 341 339 614 767)
4(621 377 1035 767)
4(1040 54 854 770)
4(644 772 857 52)
4(644 53 858 772)
4(1043 57 857 772)
4(1043 772 858 58)
4(62 1048 774 866)
4(1050 775 862 60)
4(1051 62 866 776)
4(1051 776 867 63)
4(1056 64 869 778)
4(1051 780 875 62)
4(780 1051 63 876)
4(1059 67 875 780)
4(1059 780 876 68)
4(72 1064 782 884)
4(1066 783 880 70)
4(1067 72 884 784)
4(1067 784 885 73)
4(1072 74 887 786)
4(1067 788 893 72)
4(788 1067 73 894)
4(1075 77 893 788)
4(1075 788 894 78)
4(82 1080 790 902)
4(1082 791 898 80)
4(1083 82 902 792)
4(1083 792 903 83)
4(1088 84 905 794)
4(1083 796 911 82)
4(796 1083 83 912)
4(1091 87 911 796)
4(1091 796 912 88)
4(92 1096 798 920)
4(1098 799 916 90)
4(1099 92 920 800)
4(1099 800 921 93)
4(1104 94 923 802)
4(1099 804 929 92)
4(804 1099 93 930)
4(1107 97 929 804)
4(1107 804 930 98)
4(102 1112 806 938)
4(1114 807 934 100)
4(1115 102 938 808)
4(1115 808 939 103)
4(1120 104 941 810)
4(1115 812 947 102)
4(812 1115 103 948)
4(1123 107 947 812)
4(1123 812 948 108)
5(112 391 646 814 956)
4(647 815 952 110)
4(648 112 956 816)
4(648 816 957 113)
5(704 820 1133 490 489)
4(153 961 1139 509)
4(157 521 1144 962)
4(1146 518 748 824)
4(748 523 1147 824)
5(1148 165 961 1146 824)
5(1148 824 1147 962 166)
4(165 970 826 1141)
4(1153 167 964 826)
4(166 1145 827 971)
4(1148 828 970 165)
4(1156 170 970 828)
4(1156 828 971 171)
4(170 979 830 1153)
4(171 1155 831 980)
4(1164 175 979 832)
4(1164 832 980 176)
4(175 988 834 1161)
4(1169 177 982 834)
4(176 1163 835 989)
4(1164 836 988 175)
4(1172 180 988 836)
4(1172 836 989 181)
4(180 997 838 1169)
4(181 1171 839 998)
4(1180 185 997 840)
4(1180 840 998 186)
4(185 1006 842 1177)
4(1185 187 1000 842)
4(186 1179 843 1007)
4(1180 844 1006 185)
4(1188 190 1006 844)
4(1188 844 1007 191)
4(190 1015 846 1185)
4(191 1187 847 1016)
4(1196 195 1015 848)
4(1196 848 1016 196)
4(195 1024 850 1193)
4(196 1195 851 1025)
4(1196 852 1024 195)
4(2 259 552 260)
4(532 200 552 259)
4(7 273 567 274)
4(12 287 580 288)
4(13 290 572 289)
4(572 209 541 289)
4(18 302 585 301)
4(19 304 588 303)
4(31 337 1034 338)
5(614 339 32 327 612)
4(623 350 341 1035)
4(37 352 626 351)
4(596 354 592 1026)
4(629 221 606 358)
4(606 221 631 359)
4(39 358 606 359)
4(41 363 611 364)
4(365 615 612 328)
4(44 373 642 374)
4(44 372 620 373)
4(45 376 624 377)
4(46 378 627 379)
4(46 380 643 378)
4(47 381 628 382)
4(634 769 855 50)
4(57 1043 776 866)
4(58 867 776 1043)
4(1046 777 871 60)
4(67 1059 784 884)
4(68 885 784 1059)
4(1062 785 889 70)
4(77 1075 792 902)
4(78 903 792 1075)
4(1078 793 907 80)
4(87 1091 800 920)
4(88 921 800 1091)
4(1094 801 925 90)
4(97 1107 808 938)
4(98 939 808 1107)
4(1110 809 943 100)
4(107 1123 816 956)
4(108 957 816 1123)
4(645 225 655 388)
4(654 231 684 405)
4(405 684 1128 653)
4(703 429 426 672)
4(697 235 673 430)
4(123 443 709 442)
5(124 444 711 675 436)
5(240 721 451 462 724)
6(130 465 736 466 724 462)
4(135 479 749 480)
4(741 249 707 481)
4(141 494 755 493)
4(142 496 758 495)
3(497 720 498)
4(143 499 723 500)
4(145 502 729 503)
4(146 504 732 505)
4(1134 821 732 504)
4(732 821 1135 505)
4(148 508 738 509)
4(150 511 742 512)
4(153 517 751 518)
4(153 518 1146 961)
4(156 521 756 522)
4(157 523 759 524)
4(157 962 1147 523)
4(158 525 760 526)
4(1138 825 966 163)
4(166 971 828 1148)
4(1151 829 975 168)
4(170 1156 832 979)
4(171 980 832 1156)
4(1159 833 984 173)
4(176 989 836 1164)
4(1167 837 993 178)
4(180 1172 840 997)
4(181 998 840 1172)
4(1175 841 1002 183)
4(186 1007 844 1180)
4(1183 845 1011 188)
4(190 1188 848 1015)
4(191 1016 848 1188)
4(196 1025 852 1196)
4(5 264 534 268)
4(9 278 534 265)
4(10 268 534 278)
4(6 267 535 271)
4(10 281 535 268)
4(11 271 535 281)
4(10 278 538 282)
4(14 291 538 279)
4(15 282 538 291)
4(11 281 539 285)
4(15 294 539 282)
4(16 285 539 294)
4(1 258 545 253)
4(21 306 545 258)
4(2 260 546 256)
4(22 308 546 260)
4(547 197 529 254)
4(548 261 529 197)
5(197 547 307 313 548)
5(307 547 255 545 306)
4(7 274 555 270)
5(322 555 274 567 325)
4(13 276 570 290)
4(27 327 570 277)
4(18 292 583 302)
4(22 312 591 308)
4(310 591 599 355)
5(591 312 597 356 599)
5(592 213 593 313 307)
4(594 213 592 354)
4(594 357 593 213)
5(315 593 357 605 602)
5(1212 600 322 325 609)
4(601 356 597 215)
4(328 602 605 365)
4(612 615 375 614)
4(36 346 619 349)
4(37 350 623 352)
4(352 623 624 379)
4(39 354 596 358)
4(40 362 629 358)
4(40 358 596 355)
5(49 634 221 629 362)
5(49 362 630 222 637)
4(42 359 631 368)
5(50 368 631 221 634)
4(635 222 608 364)
4(41 364 608 360)
5(637 222 635 374 52)
5(50 641 223 638 368)
4(640 376 616 223)
4(45 367 616 376)
5(641 53 380 640 223)
4(47 378 618 373)
4(620 372 338 1034)
4(47 373 620 381)
5(381 620 1034 349 619)
4(45 377 621 375)
4(46 379 624 376)
4(114 401 649 406)
5(109 390 650 225 645)
6(650 409 114 410 655 225)
4(114 409 651 401)
4(115 409 650 390)
4(115 403 651 409)
4(115 390 652 412)
4(115 412 653 403)
6(116 412 652 226 660 416)
4(116 405 653 412)
4(116 415 654 405)
4(110 388 655 393)
4(114 406 656 410)
4(117 393 655 410)
4(117 410 656 419)
4(660 226 646 391)
4(119 426 663 416)
4(663 426 429 694)
4(117 422 664 393)
4(117 419 665 422)
5(430 665 1130 431 697)
4(120 422 665 430)
4(667 398 647 227)
4(122 438 672 427)
5(672 438 704 441 703)
4(120 430 673 433)
4(121 432 674 436)
4(123 442 674 433)
4(124 436 674 442)
4(122 435 675 439)
5(404 677 400 651 403)
4(125 402 677 445)
4(126 445 677 404)
4(678 229 649 401)
4(679 406 649 229)
4(680 453 679 229)
5(418 686 415 663 694)
5(451 684 231 686 462)
4(684 451 448 1128)
4(130 462 686 418)
4(123 433 706 443)
6(235 697 481 707 484 706)
4(136 481 697 431)
4(711 1133 439 675)
4(142 495 711 444)
4(711 495 490 1133)
4(143 497 713 450)
5(452 714 448 451 721)
4(143 450 714 499)
4(144 499 714 452)
6(715 237 716 453 680 446)
4(717 237 715 498)
5(498 715 447 713 497)
4(717 502 716 237)
4(145 455 716 502)
4(725 501 721 240)
4(149 508 724 466)
4(141 484 752 494)
4(753 249 741 520)
4(160 494 752 522)
4(21 310 1026 306)
4(1026 310 355 596)
4(614 375 621 767)
4(1035 377 624 623)
4(49 854 769 634)
4(54 1038 769 854)
4(1038 55 855 769)
4(770 637 52 857)
4(1040 770 857 57)
4(55 1042 771 855)
4(641 771 858 53)
4(1042 58 858 771)
4(54 860 773 1038)
4(59 860 774 1048)
4(55 1038 773 862)
4(60 862 773 1046)
4(1046 773 860 59)
4(774 1040 57 866)
4(1042 775 867 58)
4(1050 63 867 775)
4(59 869 777 1046)
4(64 1054 777 869)
4(1054 65 871 777)
4(778 1048 62 875)
4(1056 778 875 67)
4(65 1058 779 871)
4(1050 779 876 63)
4(1058 68 876 779)
4(64 878 781 1054)
4(69 878 782 1064)
4(65 1054 781 880)
4(70 880 781 1062)
4(1062 781 878 69)
4(782 1056 67 884)
4(1058 783 885 68)
4(1066 73 885 783)
4(69 887 785 1062)
4(74 1070 785 887)
4(1070 75 889 785)
4(786 1064 72 893)
4(1072 786 893 77)
4(75 1074 787 889)
4(1066 787 894 73)
4(1074 78 894 787)
4(74 896 789 1070)
4(79 896 790 1080)
4(75 1070 789 898)
4(80 898 789 1078)
4(1078 789 896 79)
4(790 1072 77 902)
4(1074 791 903 78)
4(1082 83 903 791)
4(79 905 793 1078)
4(84 1086 793 905)
4(1086 85 907 793)
4(794 1080 82 911)
4(1088 794 911 87)
4(85 1090 795 907)
4(1082 795 912 83)
4(1090 88 912 795)
4(84 914 797 1086)
4(89 914 798 1096)
4(85 1086 797 916)
4(90 916 797 1094)
4(1094 797 914 89)
4(798 1088 87 920)
4(1090 799 921 88)
4(1098 93 921 799)
4(89 923 801 1094)
4(94 1102 801 923)
4(1102 95 925 801)
4(802 1096 92 929)
4(1104 802 929 97)
4(95 1106 803 925)
4(1098 803 930 93)
4(1106 98 930 803)
4(94 932 805 1102)
4(99 932 806 1112)
4(95 1102 805 934)
4(100 934 805 1110)
4(1110 805 932 99)
4(806 1104 97 938)
4(1106 807 939 98)
4(1114 103 939 807)
4(99 941 809 1110)
4(104 1118 809 941)
4(1118 105 943 809)
4(810 1112 102 947)
4(1120 810 947 107)
4(105 1122 811 943)
4(1114 811 948 103)
4(1122 108 948 811)
4(104 950 813 1118)
4(109 950 814 646)
4(105 1118 813 952)
5(110 952 813 645 388)
4(645 813 950 109)
4(814 1120 107 956)
4(1122 815 957 108)
5(815 647 398 113 957)
4(126 404 1128 448)
4(131 468 1130 420)
4(136 431 1130 468)
4(147 958 1134 504)
5(162 1138 821 1134 958)
4(162 958 822 1141)
4(151 505 1135 959)
5(163 959 1135 821 1138)
4(1139 822 735 509)
5(1141 822 1139 961 165)
5(163 1145 823 1142 959)
4(745 823 1144 521)
5(1145 166 962 1144 823)
4(162 964 825 1138)
4(168 966 825 1151)
4(1151 825 964 167)
4(1153 826 970 170)
4(168 1155 827 966)
4(1155 171 971 827)
4(167 973 829 1151)
4(172 1159 829 973)
4(172 973 830 1161)
4(173 975 829 1159)
4(1161 830 979 175)
4(173 1163 831 975)
4(1163 176 980 831)
4(172 982 833 1159)
4(178 984 833 1167)
4(1167 833 982 177)
4(1169 834 988 180)
4(178 1171 835 984)
4(1171 181 989 835)
4(177 991 837 1167)
4(182 1175 837 991)
4(182 991 838 1177)
4(183 993 837 1175)
4(1177 838 997 185)
4(183 1179 839 993)
4(1179 186 998 839)
4(182 1000 841 1175)
4(188 1002 841 1183)
4(1183 841 1000 187)
4(1185 842 1006 190)
4(188 1187 843 1002)
4(1187 191 1007 843)
4(187 1009 845 1183)
4(192 1191 845 1009)
4(192 1009 846 1193)
4(193 1011 845 1191)
4(1193 846 1015 195)
4(193 1195 847 1011)
4(1195 196 1016 847)
4(192 1018 849 1191)
4(193 1191 849 1020)
4(22 311 597 312)
4(556 215 597 311)
4(21 258 546 308)
4(32 290 570 327)
4(27 314 602 328)
4(680 229 678 446)
4(125 446 678 402)
4(126 450 713 445)
4(1210 400 677 402)
4(1210 402 678 401)
4(1211 406 679 408)
4(1211 408 687 407)
4(38 305 588 351)
3(1197 1018 850)
3(1020 1198 851)
4(1200 1023 1199 852)
3(1197 849 1018)
3(1198 1020 849)
4(1198 849 1197 1023)
4(1199 1023 1197 850)
3(1199 850 1024)
4(1200 851 1198 1023)
3(851 1200 1025)
3(852 1199 1024)
3(1025 1200 852)
)


// ************************************************************************* //
