/*--------------------------------*- C++ -*----------------------------------*\
| =========                 |                                                 |
| \\      /  F ield         | OpenFOAM: The Open Source CFD Toolbox           |
|  \\    /   O peration     | Version:  2206                                  |
|   \\  /    A nd           | Website:  www.openfoam.com                      |
|    \\/     M anipulation  |                                                 |
\*---------------------------------------------------------------------------*/
FoamFile
{
    version     2.0;
    format      ascii;
    arch        "LSB;label=64;scalar=64";
    note        "nPoints:1214  nCells:936  nFaces:2975  nInternalFaces:2244";
    class       labelList;
    location    "constant/polyMesh";
    object      neighbour;
}
// * * * * * * * * * * * * * * * * * * * * * * * * * * * * * * * * * * * * * //


2244
(
120
121
123
120
127
128
130
136
137
139
121
136
143
144
146
128
143
150
151
153
134
150
157
158
160
137
164
165
167
144
164
171
172
174
151
171
178
179
181
158
178
185
186
188
172
192
194
195
197
179
194
201
202
204
186
201
208
123
427
428
430
130
211
212
214
427
139
220
221
223
146
220
428
434
435
437
153
212
434
441
442
444
160
218
227
228
230
441
167
221
234
235
237
174
234
435
448
449
451
181
442
448
455
456
458
188
228
455
462
463
465
197
449
469
471
472
474
204
241
242
244
456
471
208
241
248
463
249
255
257
444
250
260
262
451
255
260
265
266
267
458
257
478
484
486
262
479
489
491
267
484
489
494
495
496
486
499
505
507
491
500
510
512
496
505
510
515
516
517
507
520
526
528
512
521
531
533
517
526
531
536
537
538
528
541
547
549
533
542
552
554
538
547
552
557
558
559
549
562
568
570
554
563
573
575
559
568
573
578
579
580
570
583
589
591
575
584
594
596
580
589
594
599
600
601
591
604
610
612
596
605
615
617
601
610
615
620
621
622
612
625
631
633
617
626
636
638
622
631
636
641
642
643
633
646
652
654
638
647
657
659
643
652
657
662
663
664
654
667
673
675
659
668
678
680
664
673
678
683
684
685
675
688
694
696
680
689
699
701
685
694
699
704
705
706
696
709
715
717
701
710
720
722
706
715
720
725
726
727
270
277
279
717
271
283
285
722
277
283
289
290
291
727
297
298
300
297
730
731
733
306
307
309
273
298
306
908
909
911
279
731
908
915
916
918
304
313
314
316
915
307
737
738
740
285
737
909
922
923
925
291
916
922
929
930
932
314
320
321
323
929
327
329
330
332
923
329
744
745
747
930
321
744
751
300
338
339
341
338
345
346
348
733
309
354
355
357
339
354
361
362
364
911
346
361
368
369
371
918
316
352
368
375
376
378
355
382
383
385
740
362
382
389
390
392
925
369
389
396
397
399
932
323
376
396
403
404
406
332
390
410
412
413
415
397
412
419
420
422
747
404
419
426
751
371
752
758
760
392
753
763
765
399
758
763
768
769
770
760
773
779
781
765
774
784
786
770
779
784
789
790
791
781
794
800
802
786
795
805
807
791
800
805
810
811
812
802
815
821
823
807
816
826
828
812
821
826
831
832
833
823
836
842
844
828
837
847
849
833
842
847
852
853
854
844
857
863
865
849
858
868
870
854
863
868
873
874
875
865
878
884
886
870
879
889
891
875
884
889
894
895
896
886
899
902
891
900
904
896
902
904
906
907
119
121
136
125
140
209
122
124
122
125
126
128
143
124
125
126
130
427
126
146
428
132
147
429
129
131
129
132
133
134
150
131
132
133
211
133
153
212
135
154
213
135
160
218
138
140
138
141
142
144
164
140
141
142
146
220
142
167
221
148
168
222
145
147
145
148
149
151
171
147
148
149
153
434
149
174
435
155
175
436
152
154
152
155
156
158
178
154
155
156
160
441
156
181
442
162
182
443
159
161
159
162
163
185
161
162
163
227
163
188
228
189
229
166
168
166
169
170
172
192
168
169
170
174
234
170
235
176
193
236
173
175
173
176
177
179
194
175
176
177
181
448
177
197
449
183
198
450
180
182
180
183
184
186
201
182
183
184
188
455
184
204
456
190
205
457
187
189
187
190
191
189
190
191
462
191
208
463
464
193
197
469
196
198
196
199
200
202
198
199
200
204
471
200
472
206
473
203
205
203
206
207
205
206
207
208
241
207
242
243
210
220
428
224
432
213
215
213
216
429
217
218
441
215
216
431
217
217
433
444
219
445
219
230
222
224
222
225
226
234
435
224
225
226
437
226
237
238
439
229
231
229
232
443
233
462
231
232
445
233
233
447
465
466
236
238
236
239
240
449
469
238
239
240
451
240
453
470
243
245
457
243
246
473
247
245
246
460
475
247
248
461
247
477
467
251
252
438
251
253
439
254
255
260
440
254
257
478
254
262
479
258
263
480
256
258
446
259
265
447
258
259
267
484
268
485
261
263
452
264
266
454
263
264
267
489
269
490
268
459
269
460
268
269
494
495
272
274
712
272
275
713
276
277
283
714
274
275
276
279
908
276
285
909
281
286
910
278
281
718
282
289
719
280
281
282
915
282
291
916
292
917
284
286
723
288
290
724
286
287
288
291
922
288
923
293
924
292
728
293
729
292
293
294
929
294
930
931
296
298
306
302
310
336
299
301
299
302
303
731
908
301
302
303
338
733
303
339
911
340
735
912
305
732
316
352
736
308
310
308
311
312
737
909
310
311
312
354
911
312
355
740
356
741
913
315
317
315
318
917
319
320
317
318
919
319
375
319
323
376
921
324
377
322
324
322
325
931
326
324
325
933
326
403
326
404
751
935
405
328
739
332
410
743
331
333
924
331
334
335
745
333
334
927
335
412
747
928
335
413
414
749
337
339
354
343
358
340
342
340
343
344
346
361
342
343
344
348
344
364
350
365
347
349
734
347
350
735
351
352
368
736
349
350
351
351
371
353
372
353
378
356
358
356
359
360
362
382
358
359
360
364
360
385
366
386
363
365
912
363
366
913
367
369
389
914
365
366
367
371
752
367
392
753
373
393
754
370
372
919
370
373
920
374
376
396
921
372
373
374
378
374
399
758
380
400
759
377
379
377
380
381
403
379
380
381
381
406
407
384
386
741
384
387
742
388
390
410
743
386
387
388
392
388
394
411
391
393
926
391
394
927
395
397
412
928
393
394
395
399
763
395
415
401
416
764
398
400
933
398
401
934
402
404
419
935
400
401
402
406
768
402
422
769
408
423
405
407
405
408
409
407
408
409
409
426
411
415
414
416
414
417
418
420
416
417
418
422
418
424
421
423
748
421
424
749
425
750
423
424
425
426
425
429
431
429
432
433
434
431
432
433
433
437
438
436
438
436
439
440
442
448
438
439
440
444
440
451
446
452
443
445
443
446
447
455
445
446
447
447
458
459
450
452
450
453
454
456
471
452
453
454
458
454
474
460
475
457
459
457
460
461
463
459
460
461
465
461
467
464
466
464
467
468
466
467
468
468
470
474
473
475
473
476
477
475
476
477
477
480
481
480
482
483
484
489
483
486
499
483
491
500
487
492
501
485
487
488
494
487
488
496
505
497
506
490
492
493
495
492
493
496
510
498
511
497
498
497
498
515
516
501
502
501
503
504
505
510
504
507
520
504
512
521
508
513
522
506
508
509
515
508
509
517
526
518
527
511
513
514
516
513
514
517
531
519
532
518
519
518
519
536
537
522
523
522
524
525
526
531
525
528
541
525
533
542
529
534
543
527
529
530
536
529
530
538
547
539
548
532
534
535
537
534
535
538
552
540
553
539
540
539
540
557
558
543
544
543
545
546
547
552
546
549
562
546
554
563
550
555
564
548
550
551
557
550
551
559
568
560
569
553
555
556
558
555
556
559
573
561
574
560
561
560
561
578
579
564
565
564
566
567
568
573
567
570
583
567
575
584
571
576
585
569
571
572
578
571
572
580
589
581
590
574
576
577
579
576
577
580
594
582
595
581
582
581
582
599
600
585
586
585
587
588
589
594
588
591
604
588
596
605
592
597
606
590
592
593
599
592
593
601
610
602
611
595
597
598
600
597
598
601
615
603
616
602
603
602
603
620
621
606
607
606
608
609
610
615
609
612
625
609
617
626
613
618
627
611
613
614
620
613
614
622
631
623
632
616
618
619
621
618
619
622
636
624
637
623
624
623
624
641
642
627
628
627
629
630
631
636
630
633
646
630
638
647
634
639
648
632
634
635
641
634
635
643
652
644
653
637
639
640
642
639
640
643
657
645
658
644
645
644
645
662
663
648
649
648
650
651
652
657
651
654
667
651
659
668
655
660
669
653
655
656
662
655
656
664
673
665
674
658
660
661
663
660
661
664
678
666
679
665
666
665
666
683
684
669
670
669
671
672
673
678
672
675
688
672
680
689
676
681
690
674
676
677
683
676
677
685
694
686
695
679
681
682
684
681
682
685
699
687
700
686
687
686
687
704
705
690
691
690
692
693
694
699
693
696
709
693
701
710
697
702
711
695
697
698
704
697
698
706
715
707
716
700
702
703
705
702
703
706
720
708
721
707
708
707
708
725
726
711
712
711
713
714
715
720
714
717
714
722
718
723
716
718
719
725
718
719
727
728
721
723
724
726
723
724
727
729
728
729
728
729
732
734
732
735
736
915
734
735
736
736
918
919
739
741
739
742
743
923
741
742
743
925
743
927
746
748
931
746
749
750
748
749
934
750
751
935
750
754
755
754
756
757
758
763
757
760
773
757
765
774
761
766
775
759
761
762
768
761
762
770
779
771
780
764
766
767
769
766
767
770
784
772
785
771
772
771
772
789
790
775
776
775
777
778
779
784
778
781
794
778
786
795
782
787
796
780
782
783
789
782
783
791
800
792
801
785
787
788
790
787
788
791
805
793
806
792
793
792
793
810
811
796
797
796
798
799
800
805
799
802
815
799
807
816
803
808
817
801
803
804
810
803
804
812
821
813
822
806
808
809
811
808
809
812
826
814
827
813
814
813
814
831
832
817
818
817
819
820
821
826
820
823
836
820
828
837
824
829
838
822
824
825
831
824
825
833
842
834
843
827
829
830
832
829
830
833
847
835
848
834
835
834
835
852
853
838
839
838
840
841
842
847
841
844
857
841
849
858
845
850
859
843
845
846
852
845
846
854
863
855
864
848
850
851
853
850
851
854
868
856
869
855
856
855
856
873
874
859
860
859
861
862
863
868
862
865
878
862
870
879
866
871
880
864
866
867
873
866
867
875
884
876
885
869
871
872
874
871
872
875
889
877
890
876
877
876
877
894
895
880
881
880
882
883
884
889
883
886
899
883
891
900
887
892
901
885
887
888
894
887
888
896
902
897
903
890
892
893
895
892
893
896
904
898
905
897
898
897
898
906
907
901
901
902
904
903
906
905
907
910
912
910
913
914
916
922
912
913
914
918
914
925
920
926
917
919
917
920
921
929
919
920
921
921
932
933
924
926
924
927
928
930
926
927
928
932
928
934
931
933
931
934
935
933
934
935
935
)


// ************************************************************************* //
