/*--------------------------------*- C++ -*----------------------------------*\
| =========                 |                                                 |
| \\      /  F ield         | OpenFOAM: The Open Source CFD Toolbox           |
|  \\    /   O peration     | Version:  2206                                  |
|   \\  /    A nd           | Website:  www.openfoam.com                      |
|    \\/     M anipulation  |                                                 |
\*---------------------------------------------------------------------------*/
FoamFile
{
    version     2.0;
    format      ascii;
    arch        "LSB;label=64;scalar=64";
    class       vectorField;
    location    "constant/polyMesh";
    object      points;
}
// * * * * * * * * * * * * * * * * * * * * * * * * * * * * * * * * * * * * * //


1214
(
(-4.4392663 -8.9942331 -83.062112)
(-0.031910956 -9.8973033 -83.950228)
(4.2372696 -8.9745255 -82.705207)
(-9.5257136 -3.270853 -82.898978)
(-6.2937395 -5.6993969 -84.410208)
(0.12622921 -5.1833252 -84.442226)
(5.8148662 -5.2893497 -84.289392)
(9.5882449 -3.3167034 -82.353253)
(-9.9218703 -0.050658179 -83.03743)
(-5.2365634 0.0092487614 -84.432006)
(0.20882129 0.099330665 -85.342312)
(5.1840161 -0.0021850009 -84.421413)
(9.8979279 0.029459311 -83.082293)
(-9.4593715 3.4728341 -82.045559)
(-5.8689594 5.3551753 -84.31565)
(0.094280782 5.1668712 -84.441843)
(5.8737315 5.3323656 -84.316342)
(9.5690837 3.3474021 -82.286522)
(-4.3898862 9.0211994 -83.071531)
(0.084847816 9.9269049 -84.082237)
(4.3267956 8.9935568 -82.860977)
(0.84548587 -9.8530584 -75.846874)
(5.638005 -8.4190337 -74.675055)
(-9.7076752 -2.9413813 -74.999302)
(-5.7465237 -4.8890155 -75.104409)
(0.10625139 -5.2220111 -75.365718)
(5.022949 -5.611824 -76.056799)
(-10.493279 -0.047100249 -75.535601)
(-5.476876 0.066075304 -75.284378)
(0.030141558 0.03866648 -75.421181)
(5.338666 -0.0073824123 -75.309091)
(10.088492 -0.053880349 -75.266107)
(-9.4327636 3.4625151 -75.666501)
(-5.7278169 4.9304246 -75.050705)
(-0.035320432 5.2533108 -75.070662)
(5.3640572 5.4111818 -74.967408)
(9.4932096 3.5857022 -75.599935)
(0.21525014 9.9839077 -75.054639)
(2.9134169 9.8624291 -73.408041)
(-5.7488842 -4.0275138 -65.255362)
(0.044069221 -5.3844049 -64.310148)
(5.4822616 -4.5545689 -65.15893)
(-5.5496875 0.0098875487 -64.415082)
(0.012614616 0.025690171 -65.28957)
(5.4662455 0.21307668 -64.410775)
(-5.7487726 4.0274169 -65.255195)
(0.095924329 5.3807375 -64.33433)
(4.9491614 5.0171503 -65.179209)
(3.5648853 9.2558852 -67.1198)
(0.063501508 -4.8885694 -55.208989)
(-4.9104216 0.045483917 -55.155667)
(-0.024860217 0.090129773 -55.067456)
(4.9652814 0.35834066 -55.117823)
(0.052140027 4.9604562 -55.259963)
(-0.037453797 -4.9899453 -45.666638)
(-4.9846093 0.059190305 -45.531252)
(-0.094213438 0.027980475 -45.580428)
(4.9925111 0.10074235 -45.538721)
(0.080944733 4.9853061 -45.673139)
(-0.0042911729 -4.9880046 -36.852626)
(-4.9837866 0.0091558132 -36.829156)
(-0.0068079074 0.0062825309 -36.802601)
(4.9987279 0.015758301 -36.831561)
(0.008780076 4.9874778 -36.854333)
(0.002536716 -4.9877294 -27.573588)
(-4.9837866 0.0011863572 -27.570645)
(0.0025157937 0.00021792615 -27.55569)
(4.9998758 -0.0015381033 -27.57102)
(0.0041327971 4.9876651 -27.573847)
(0.0034670982 -4.987692 -18.091384)
(-4.9837866 0.00014733303 -18.091183)
(0.0036967911 -0.001001382 -18.088176)
(4.999614 -0.0047819352 -18.091212)
(0.0039909168 4.9876708 -18.091416)
(0.0034583994 -4.9876923 -8.5712467)
(-4.9837866 8.4280944e-05 -8.571243)
(0.0037896811 -0.0011590517 -8.5709295)
(4.9995841 -0.0051522293 -8.5712438)
(0.0039999548 4.9876705 -8.5712524)
(0.0034358621 -4.9876932 0.95240177)
(-4.9837866 8.363063e-05 0.952402)
(0.0037898512 -0.0011688536 0.95247629)
(4.9995833 -0.0051622688 0.9524022)
(0.004006495 4.9876702 0.95240054)
(0.0034266774 -4.9876936 10.476823)
(-4.9837866 8.1167268e-05 10.476786)
(0.0037940942 -0.0011686673 10.477614)
(4.9995849 -0.0051422496 10.476786)
(0.0040137361 4.9876699 10.476821)
(0.0038433307 -4.9876768 20.011549)
(-4.9837866 0.00026648506 20.010687)
(0.0038788932 -0.0012324763 20.017441)
(4.9995567 -0.0054912281 20.010678)
(0.0038995082 4.9876745 20.011541)
(0.0089653935 -4.9874704 29.630796)
(-4.9837866 0.0025171109 29.621804)
(0.0045367044 -0.001774906 29.650633)
(4.9992018 -0.0098876274 29.621714)
(0.0023263421 4.9877379 29.630742)
(0.042174087 -4.9861321 39.572437)
(-4.9837866 0.01751097 39.513824)
(0.0068794018 -0.0039060502 39.598702)
(4.9969993 -0.037170026 39.513243)
(-0.010018955 4.9882354 39.572139)
(0.27024203 -5.0263017 50.014065)
(-5.0237819 0.13737556 49.757139)
(0.016642105 -2.3830483e-05 50.002649)
(5.0751246 -0.2210333 49.752498)
(-0.1424218 4.9982955 50.020436)
(-0.0030976658 -4.9824628 59.503178)
(-5.004401 0.24739111 59.422988)
(0.030577529 0.066091832 59.37731)
(4.9990019 0.19296149 59.422184)
(0.21885787 4.9778781 59.449216)
(-5.5658635 -4.4611453 66.078878)
(-0.19990574 -5.9920019 65.625849)
(5.4944504 -4.4662116 66.114395)
(-6.0736884 -0.043049631 65.622604)
(-0.011373283 0.012258342 67.443118)
(6.0043537 -0.014754641 65.650026)
(-5.6082066 4.4273686 66.0688)
(-0.17260112 5.9433213 65.623911)
(5.4807249 4.4785813 66.117825)
(-3.7767215 9.1048837 69.112619)
(-0.52256518 9.9150242 70.337449)
(-2.2246617 -10.501751 79.570805)
(0.93607467 -9.9485191 78.510169)
(-5.0322732 -5.5564392 77.176513)
(0.1927624 -5.4089215 76.804155)
(5.5165415 -5.1951176 76.430113)
(9.4982461 -3.7082373 76.161283)
(-10.045135 -0.086479679 77.065941)
(-5.367168 -0.12572851 76.610002)
(0.041670003 -0.092151215 76.301264)
(5.4844764 -0.29561562 75.993539)
(10.422039 -0.95799383 75.702578)
(-9.4977277 3.2767068 77.430888)
(-6.3215399 4.5454695 78.257815)
(-0.10688035 5.2176381 76.564547)
(5.448648 5.2084155 77.062401)
(9.5949857 3.7433206 79.714431)
(-5.3764909 8.4078857 78.607227)
(-0.16622669 9.9341023 76.612781)
(0.066312128 -9.7323663 85.469233)
(4.2600036 -9.0007248 85.080452)
(-9.3418938 -3.7390747 84.279816)
(-4.3420081 -3.9939356 85.604082)
(0.08046668 -5.079433 86.743619)
(4.4831289 -4.0073564 85.611176)
(9.2739265 -3.7284616 84.227245)
(-9.7131785 0.014581139 85.081381)
(-5.1367322 0.026374439 85.927654)
(0.064871416 0.013768867 85.360341)
(5.137352 -0.043529381 85.964235)
(9.745833 0.034187916 85.110593)
(-9.2933481 3.7185347 84.319977)
(-4.355198 4.0174062 85.592847)
(-0.033410488 5.0503886 86.829419)
(4.2783718 3.7876352 85.629754)
(9.3017864 3.7268917 84.273208)
(-4.3448044 8.9956172 85.250681)
(-0.19238515 9.7723589 85.454191)
(0.11312109 -5.0466303 95.673742)
(-4.9608752 0.014031446 95.477818)
(0.14742829 -0.019280568 95.499148)
(4.984723 -0.10374347 95.552779)
(0.51755358 5.0278535 95.6686)
(0.021872282 -4.9869561 105.58478)
(-4.9835685 0.0047126511 105.54876)
(0.045638192 -0.0080988701 105.53368)
(4.9978277 -0.025141351 105.56346)
(0.13561654 4.9830492 105.58298)
(0.0052524384 -4.98762 115.2242)
(-4.9837866 0.00067402123 115.2203)
(0.0095276068 -0.0001081302 115.2136)
(4.9998267 0.0021473144 115.22181)
(0.017462087 4.987128 115.22401)
(0.0039240402 -4.9876735 124.76506)
(-4.9837866 -9.5103822e-06 124.76483)
(0.0041973403 0.0011131547 124.76695)
(4.9995899 0.0050799269 124.76491)
(0.0040969779 4.9876666 124.76506)
(0.0045608811 -4.9876479 134.33311)
(-4.9837866 0.00033588028 134.33371)
(0.0039607502 0.0016617527 134.35007)
(4.9994849 0.0063805103 134.3336)
(0.0038771784 4.9876754 134.33313)
(0.0098882362 -4.9874332 144.12467)
(-4.9837866 0.0037356876 144.12891)
(0.0049402782 0.0044889902 144.15812)
(4.9987198 0.015858279 144.12804)
(0.008635216 4.9874837 144.1248)
(0.054736545 -4.9856259 153.86843)
(-4.9837866 0.026512901 153.88079)
(0.0032604155 0.015610206 154.2304)
(4.9941152 0.072896006 153.87562)
(0.05222672 4.985727 153.86872)
(-7.4617016 -6.5540315 -79.793909)
(-2.795402 -7.8701272 -80.272775)
(2.4436346 -7.866986 -80.745893)
(7.2625433 -6.7264409 -79.778707)
(-8.20757 -2.2460053 -80.410289)
(-3.0720922 -2.9505685 -80.419113)
(3.148765 -2.9227841 -80.459317)
(8.1526522 -2.6323473 -80.258818)
(-8.216707 2.2768208 -79.589133)
(-3.0821834 2.9739284 -80.33572)
(3.1583608 2.9387495 -80.358486)
(8.152287 2.6273704 -80.087645)
(-7.5357637 6.4225067 -79.605136)
(-2.7170865 7.9101941 -80.346397)
(2.8081078 7.8482522 -80.060204)
(8.1468187 5.7825462 -81.164838)
(-7.4300794 -6.5434941 -70.460896)
(2.876181 -7.7613443 -70.189289)
(7.8939603 -6.4819453 -70.66835)
(-8.3025672 -2.8589324 -69.851671)
(8.3012248 -2.7363323 -69.886969)
(-8.3581078 2.4584666 -70.174559)
(2.8365651 8.0033447 -70.109583)
(7.2791499 6.7184146 -71.250659)
(-3.5144104 -3.2862324 -59.99463)
(3.7239669 -3.0593125 -59.961441)
(-3.502661 3.3183547 -60.003792)
(3.5142394 3.3353601 -59.927615)
(-3.4041582 -3.1538775 62.086664)
(3.3758706 -3.1818303 62.092517)
(-3.4007931 3.1606326 62.086354)
(3.3778468 3.1846535 62.092355)
(-8.0327674 -6.6261102 72.152874)
(-3.0010021 -8.0022437 71.871641)
(7.3868361 -6.5896466 71.810632)
(-8.4423716 -2.4122495 71.519874)
(8.4052612 -2.8187936 71.289715)
(8.3306299 2.3224914 72.248931)
(-7.3286083 6.6819966 73.166818)
(-2.6022113 8.2483679 72.086654)
(-6.9260019 -7.1540052 81.337609)
(-2.347545 -7.8242609 81.958827)
(2.7005714 -7.580754 81.767608)
(7.2205744 -6.8419657 81.477261)
(-8.0867417 -2.3799556 81.850985)
(-2.500894 -2.8008731 80.908451)
(2.6217887 -2.7868438 80.800884)
(8.0421967 -2.6632012 81.281739)
(-8.1511062 2.3028888 81.84712)
(-2.5927319 2.6780376 80.993053)
(2.7258065 2.6092423 80.870582)
(8.1773172 2.2617268 81.061279)
(-7.5388774 6.5336158 81.560953)
(-3.0963071 7.3964473 81.54996)
(2.725005 7.502484 81.776544)
(7.3734641 6.6901924 81.422071)
(-0.19645276 -9.9697591 -83.892622)
(-7.3380834 -6.647459 -84.014816)
(-4.3649435 -8.9107935 -79.783299)
(-0.088167079 -10.068146 -83.607985)
(0.021081659 -7.7695933 -84.440416)
(-0.64548721 -9.8963589 -78.827966)
(7.0198518 -6.9350056 -83.52284)
(4.0768891 -9.0076165 -79.030976)
(-7.566964 -6.4606763 -83.853033)
(-9.693312 -2.2785225 -83.138635)
(-9.5418636 -3.1392838 -79.792986)
(-2.5344949 -4.5158765 -84.442116)
(-4.6943623 -2.2058484 -84.437007)
(-5.8557073 -5.1493449 -80.344066)
(2.5084408 -4.5014793 -84.425138)
(0.49239743 -3.6896448 -85.398478)
(0.060243462 -5.2863106 -80.30984)
(8.8914802 -3.9099423 -83.409935)
(4.9080456 -2.2963234 -84.389746)
(5.6284054 -5.2015389 -80.434891)
(9.6360735 -2.2545571 -82.859568)
(9.5740371 -3.6854086 -79.594568)
(-8.3913318 -0.050444608 -84.372087)
(-9.6177751 2.2195442 -82.91235)
(-10.036264 0.6985647 -78.681484)
(-3.7156657 0.35650878 -85.38952)
(-4.8735806 2.2656802 -84.396084)
(-5.4584486 0.083599899 -80.205442)
(3.674687 0.034163703 -85.371028)
(0.30560445 3.7220805 -85.394317)
(0.12816775 0.067195274 -80.77818)
(8.4292295 0.066580061 -84.371564)
(4.892403 2.292132 -84.398497)
(5.4054819 0.0028073909 -80.330833)
(9.6528857 2.2547282 -82.9007)
(10.108776 0.0021763213 -79.696172)
(-8.9132787 3.9359215 -83.448302)
(-9.2638288 4.2173136 -78.583136)
(-2.5403584 4.5361196 -84.431991)
(-6.2036565 7.6934706 -83.828586)
(-5.8263905 5.0422374 -80.171298)
(2.5049811 4.492357 -84.430583)
(0.042019235 7.7833849 -84.444075)
(0.04698285 5.2866881 -80.262392)
(8.8646525 4.0029116 -83.366217)
(7.0682396 7.0765727 -83.55782)
(5.7890072 5.0789745 -79.96754)
(9.5677387 3.6584377 -79.419879)
(-0.0010279929 10.001257 -84.00543)
(-4.2716363 8.9801672 -79.804774)
(0.11405576 9.9925191 -83.83705)
(0.099942214 9.9600328 -79.779243)
(3.9696279 9.173213 -79.021965)
(-2.0215892 -9.7253156 -75.395549)
(-6.0621729 -7.799517 -75.037142)
(3.2351576 -9.331781 -74.407736)
(0.35541898 -7.8726809 -75.424791)
(0.4649319 -9.8591874 -70.711851)
(5.2254051 -8.2650542 -76.263189)
(4.589774 -8.6837229 -71.291918)
(-8.6650686 -4.870862 -75.077358)
(-10.2874 -0.31776707 -77.166546)
(-9.8728669 -3.6307679 -71.450903)
(-2.9554332 -4.9661814 -75.210196)
(-5.4672239 -2.4362417 -75.362771)
(-5.7088895 -4.9226361 -70.104368)
(2.8098466 -5.2885441 -75.540735)
(0.059783281 -2.7031555 -75.396395)
(0.064600754 -5.0443418 -70.20716)
(8.4051118 -5.3339497 -75.036622)
(5.262243 -2.792824 -75.447228)
(5.4352803 -5.2719542 -70.341191)
(9.8668917 -2.1867325 -75.187753)
(-8.2625811 0.0064478134 -75.281595)
(-10.46556 0.83576246 -74.132069)
(-10.017994 0.064654395 -71.671548)
(-2.8528536 0.061930748 -75.339913)
(-5.4861126 2.5347325 -75.090173)
(-5.3067488 -0.036129763 -70.278203)
(2.827857 0.020229571 -75.371824)
(-0.0035152194 2.7522674 -75.263308)
(8.0498423 -0.052043577 -75.272801)
(5.304032 2.7399684 -75.226036)
(5.2578083 0.059277558 -70.228863)
(9.9181612 2.0387659 -75.359414)
(10.054394 -0.096746253 -70.686196)
(-8.5976809 4.969281 -75.107867)
(-3.0213048 4.9937899 -75.094156)
(-6.0333903 7.833509 -75.001854)
(-5.6717258 4.9519974 -70.047325)
(2.8262943 5.2742814 -74.937409)
(0.057344009 7.9732322 -74.949615)
(-0.028384213 5.0726445 -70.166722)
(8.6536924 4.9167769 -76.684504)
(5.9010288 8.2763259 -74.477348)
(5.46453 5.2010257 -70.208996)
(9.3969997 3.6073549 -70.892103)
(-2.2341918 9.7483421 -75.188017)
(2.9039486 9.5469254 -74.741278)
(-0.092889571 10.157526 -70.749974)
(3.4932456 9.4667458 -70.482404)
(-5.9850851 -7.9435347 -65.669724)
(-0.19172681 -8.7957879 -64.708559)
(5.769293 -7.8669567 -66.204994)
(-8.2482402 -5.0307586 -66.675736)
(-3.969254 -3.9176779 -64.464588)
(-4.3422659 -3.7183739 -64.54994)
(4.106123 -3.7417826 -64.460227)
(0.019915407 -2.6104669 -65.326619)
(0.10111271 -4.829151 -60.161853)
(7.1285164 -6.5687812 -66.082972)
(4.2744467 -3.7786117 -64.483767)
(-8.6311969 0.10931223 -64.859411)
(-2.7514978 0.0057511872 -65.327307)
(-4.3422659 3.7183739 -64.54994)
(-4.9194982 0.0084325033 -60.189848)
(2.759729 0.069524181 -65.309691)
(0.031917104 2.6375732 -65.30301)
(0.02717553 0.082704934 -60.257404)
(9.4756427 0.24104715 -64.583911)
(4.1853604 3.7351015 -64.310687)
(4.9748218 0.36686699 -60.214772)
(-8.2748724 5.0504354 -66.578109)
(-3.969254 3.9176779 -64.464588)
(-6.0122818 7.9684871 -65.557182)
(3.9907737 3.723924 -64.261645)
(-0.096494473 9.0602091 -64.63692)
(-0.01189618 5.076565 -60.28403)
(8.7233135 4.7911175 -65.250878)
(5.6268477 8.1180344 -65.568501)
(2.2176831 9.7002292 -67.204276)
(0.052525005 -2.9991277 -55.119405)
(-3.158302 0.036593301 -55.100735)
(3.1563059 0.2489014 -55.073667)
(-0.030614018 3.1447346 -55.147696)
(-4.634923 -1.8780793 59.283112)
(-0.0038770669 -3.0385724 59.392715)
(-0.06539333 -4.9725087 63.72871)
(4.605715 -1.9327067 59.2122)
(-3.1266766 0.1325933 59.366498)
(-4.9572134 0.4550183 63.611601)
(3.1172583 0.10218005 59.350773)
(0.11148372 3.0585916 59.359578)
(0.028286644 0.075769858 63.649969)
(4.9705209 0.37213658 63.667698)
(-2.1614904 4.4851382 59.237131)
(0.45201968 4.9222593 63.674634)
(-2.8499003 -9.3382623 69.414079)
(-6.9261857 -6.611774 67.948646)
(-4.7892631 -8.7499616 73.295282)
(0.4015141 -9.1655055 65.793124)
(0.1533074 -9.9409598 73.245458)
(6.0370433 -8.0489425 66.524951)
(-7.1823254 -6.4493394 67.918895)
(-9.5334964 -2.5660907 68.914341)
(-9.2614412 -3.8946314 72.241311)
(-2.7630402 -5.3358698 65.739012)
(-5.6738313 -2.2905196 65.738037)
(-5.8957301 -4.8866407 71.412892)
(2.9487435 -5.1661539 65.740451)
(-0.061166672 -2.7537019 67.277782)
(-0.011093256 -5.4790243 71.736609)
(8.4206142 -5.1544872 67.580257)
(5.7087806 -2.2999171 65.745439)
(5.4781005 -5.3818175 71.371439)
(9.8340213 -3.6640564 72.149348)
(-9.9849025 0.021498802 66.091948)
(-9.9893524 -0.12446545 72.352858)
(-2.8133802 0.021159764 67.287117)
(-5.6734563 2.2904272 65.734939)
(-5.5353673 -0.045112099 71.616838)
(2.7962405 0.015455877 67.274593)
(-0.019080526 2.7413104 67.274499)
(9.7307942 0.077118111 66.697889)
(5.7088461 2.2999278 65.747954)
(5.5376482 -0.097091784 71.606222)
(10.029962 1.043501 74.343522)
(-8.5688028 5.2584728 66.353877)
(-9.3750801 3.4516574 72.45838)
(-2.7631457 5.3363225 65.738)
(-5.7632692 7.8820712 67.796517)
(-5.3156268 5.5319288 72.289137)
(2.9483639 5.1651338 65.742235)
(-0.10664299 9.054271 65.83454)
(0.0038578135 5.4713407 71.569596)
(8.7026806 4.6978549 66.601397)
(5.564213 8.31366 66.255668)
(5.3188002 5.4718558 71.595581)
(9.3778215 3.5021459 73.567901)
(-2.3026764 9.4995384 69.589131)
(-3.1814168 9.5027679 71.054487)
(0.57062538 9.9521736 72.216489)
(-1.8757436 -10.84323 79.353687)
(-4.6113549 -8.9925329 78.793738)
(-3.4519971 -9.4161523 80.208176)
(2.7323856 -9.6247427 77.392)
(0.43603848 -7.9900343 77.562422)
(-0.66044211 -10.203889 80.252789)
(5.9575504 -7.9500318 76.686755)
(4.3524114 -8.9979032 81.574459)
(-8.3804819 -5.3630599 76.451675)
(-9.8392881 -1.9189139 76.937309)
(-9.3046788 -3.6865849 81.351609)
(-2.3871155 -5.5324719 77.031225)
(-5.2310277 -2.7247012 76.602839)
(-4.9295177 -5.3716825 81.797011)
(2.7783575 -5.2986374 76.519269)
(0.085458937 -2.8064635 76.400554)
(0.12983713 -5.1203657 81.247507)
(8.4545309 -5.2843226 76.459368)
(5.3820745 -2.9468731 75.882105)
(5.2340414 -5.1358541 81.639824)
(9.837338 -2.3845398 75.843448)
(9.3267012 -3.8737576 80.959715)
(-8.0407225 -0.12062751 76.897502)
(-9.8990385 1.6494344 77.175507)
(-10.138977 -0.02154694 81.628551)
(-2.6712051 -0.089912052 76.424531)
(-5.6170647 2.3185293 77.085267)
(-5.1042957 -0.040950916 80.995658)
(2.7600371 -0.16853494 76.1147)
(-0.011493869 2.6149919 76.402876)
(0.062661301 -0.039810635 80.818267)
(8.1637724 -0.42455131 76.322994)
(5.4825027 2.2812393 76.290051)
(5.155093 -0.14415733 80.62527)
(10.405693 1.3354502 75.976957)
(10.078988 -0.33113713 80.659223)
(-9.0315714 4.2425123 78.674051)
(-9.3848522 3.5509598 81.428809)
(-3.0469135 5.067224 76.968394)
(-5.8221072 8.1350963 77.683717)
(-5.5590226 4.9658308 81.368622)
(2.7362482 5.1964734 76.577351)
(-0.20650949 7.8002131 76.670877)
(0.051120057 4.9672518 81.246334)
(8.2806979 5.5029967 78.244979)
(5.9175054 7.9916614 76.771935)
(5.400105 4.9012347 81.465352)
(9.2991481 3.7802651 81.544218)
(-2.8518314 9.4805091 76.70572)
(-4.7668858 8.7663059 81.428063)
(2.4626907 9.6780229 76.74066)
(-0.22968657 9.9652887 81.383461)
(-2.772331 -9.4489429 85.39198)
(-5.5569973 -7.9756941 85.470995)
(2.6778036 -9.5133385 85.368166)
(0.13330171 -6.2760269 85.55377)
(5.3162557 -7.4978387 85.419785)
(-7.2980528 -6.4877527 85.416702)
(-9.8933739 0.0341248 84.938891)
(-0.68522867 -5.274167 86.364222)
(-4.3158538 -3.5504716 85.854643)
(1.3031516 -5.0289985 86.608017)
(0.045713988 -2.6684351 85.399536)
(6.9687675 -6.4671649 85.271004)
(4.3001307 -3.4032619 85.973406)
(9.968662 -0.3862014 84.97366)
(-7.8041862 0.010657288 85.645301)
(-9.8918278 -0.011156077 84.933717)
(-2.5422102 0.065176603 85.094325)
(-4.3655003 3.3905233 85.917516)
(2.610392 -0.023972168 85.161072)
(0.051860851 2.66113 85.605271)
(7.8417958 -0.0087561632 85.601406)
(4.4283008 3.1863976 85.931548)
(9.8641795 0.017550429 84.992776)
(-7.2118832 6.5990786 85.400403)
(-0.46669837 5.3892252 86.242203)
(-5.6702918 7.8506947 85.47594)
(2.9192363 4.4755212 86.7331)
(0.037399422 6.3002672 85.556293)
(7.1448766 6.5586418 85.381087)
(5.6134081 7.8586897 85.465122)
(-2.7720466 9.4421692 85.38374)
(2.7226499 9.4437646 85.39368)
(-7.4026776 -6.6522966 -83.158038)
(-3.077161 -8.113679 -84.422513)
(2.9749446 -7.9638682 -84.374599)
(7.2956814 -6.6266319 -82.867029)
(-7.9032308 -3.7111248 -84.377376)
(-3.7240878 -3.8073223 -84.505909)
(3.8092113 -3.441507 -84.536812)
(7.6474998 -3.6280714 -84.254484)
(-7.6735436 3.6724523 -84.254382)
(-3.6444574 3.6926501 -84.531555)
(3.8210964 3.4519814 -84.536482)
(7.6625722 3.8348032 -84.28628)
(-7.3585609 6.6286579 -83.035704)
(-3.0695588 8.1034676 -84.419167)
(3.0180055 8.0490659 -84.400953)
(7.2954281 6.6265638 -82.889852)
(-1.9639854 -9.7295253 -79.665853)
(1.2921276 -9.8306563 -81.069334)
(-6.346515 -7.5580693 -79.843122)
(-8.4302989 -5.2162681 -79.821259)
(-0.11480601 -7.9499408 -80.027698)
(-2.8361436 -5.076611 -80.311057)
(-2.6295401 -7.7676239 -75.234447)
(5.7823021 -7.9364391 -79.869123)
(2.7960226 -5.1460266 -80.414118)
(2.8771744 -7.6672623 -75.226786)
(8.6328408 -4.9868563 -79.738696)
(7.0045758 -7.1387927 -75.026439)
(-9.9962428 -1.2693866 -79.996978)
(-5.3757955 -2.4181602 -80.361333)
(-8.2040102 0.21042254 -79.863031)
(-8.2678931 -1.8743005 -75.759402)
(0.20080548 -3.0436522 -80.682474)
(-3.126796 0.14956326 -80.637235)
(-2.8610581 -2.5914955 -75.293233)
(5.3578213 -2.5735893 -80.343368)
(3.1755194 0.017885159 -80.673441)
(2.8334189 -2.7438541 -75.419091)
(9.9765425 -2.1430247 -79.617186)
(8.1998244 0.01245881 -80.26493)
(8.0235406 -2.5899633 -75.160046)
(-10.155823 0.83242365 -77.575489)
(-5.4112058 2.452157 -80.114865)
(-8.6101636 4.9946837 -79.468716)
(-8.3105871 1.9870906 -74.774567)
(0.12648686 3.094227 -80.632358)
(-2.8582041 5.0489802 -80.24899)
(-2.8875483 2.6591085 -75.190623)
(5.3904742 2.5519584 -80.215745)
(2.8411965 5.1152938 -80.140892)
(2.8065877 2.7557876 -75.186706)
(9.9720646 2.1353035 -79.59323)
(8.6264893 4.8625861 -79.00928)
(8.104163 2.4188287 -75.593677)
(-6.1742977 7.7042872 -79.749806)
(0.060445373 7.9789332 -80.241572)
(-1.7499605 9.7848582 -79.916814)
(-2.7809715 7.8001017 -75.058646)
(6.1846879 7.7056244 -79.311556)
(2.0433254 9.7802273 -79.394498)
(2.9685247 7.8119848 -74.861532)
(7.7148364 6.3461081 -76.932497)
(2.8844713 -9.3611048 -70.553051)
(-5.959379 -7.8400157 -70.295869)
(-8.5905345 -5.0846104 -70.792979)
(-7.2443792 -6.5186254 -67.300465)
(0.23534739 -7.9638298 -69.961746)
(-2.853515 -8.5888971 -64.703345)
(5.1633889 -8.2602037 -71.863397)
(3.1382477 -4.8687469 -70.277344)
(2.7191477 -8.3430938 -64.800187)
(8.3584312 -5.6201265 -70.352676)
(7.2903637 -6.6212057 -67.970409)
(-9.8626688 -3.0742776 -69.744973)
(-5.2679565 -2.8620601 -70.192807)
(-8.2295174 -0.066012131 -70.269365)
(-9.0735921 -2.6844372 -65.918889)
(-3.6327304 -3.3431538 -63.703144)
(5.1693129 -2.9590092 -70.245813)
(3.6565914 -3.3328239 -63.674721)
(9.7664867 -2.3553103 -70.631199)
(8.3173091 -0.026466301 -69.941192)
(9.4507019 -2.7619508 -65.103157)
(-10.020189 1.8439485 -71.020655)
(-5.2700964 2.7760228 -70.224611)
(-8.4818238 5.1767165 -70.581476)
(-9.1143057 2.7281411 -65.857387)
(-3.6327304 3.3431538 -63.703144)
(3.0933111 4.8796038 -70.174148)
(3.6579432 3.327955 -63.626213)
(8.5053477 5.1219374 -70.917504)
(9.5023545 2.7717279 -64.941187)
(-7.2396957 6.537165 -67.216138)
(-0.086960542 8.1891393 -69.934122)
(-2.464865 9.7470706 -70.636076)
(-2.879531 8.7172915 -64.657156)
(5.6127659 8.135752 -71.111394)
(2.4528152 10.011703 -70.969564)
(2.7690655 8.6902354 -64.67822)
(7.1998079 6.6278458 -66.924751)
(-3.0364823 -3.5888391 -60.059469)
(3.0335079 -3.6337022 -59.997822)
(-3.8062893 -2.8567713 -60.121387)
(0.087934731 -2.7715605 -60.280073)
(-2.9187163 0.018675452 -60.293073)
(-3.6258464 -3.3673221 -55.092911)
(4.5211633 -1.9507123 -60.03789)
(2.992788 0.2135393 -60.276407)
(3.8124947 -3.1650847 -55.047607)
(-3.7893553 2.885661 -60.126118)
(-0.0068266118 2.9423311 -60.315904)
(-3.047963 3.6371892 -60.09332)
(-3.6058618 3.3995783 -55.104438)
(4.1286908 2.4680094 -59.95002)
(2.6559382 4.0742797 -60.013999)
(3.4500707 3.5739337 -55.054543)
(-3.6640164 -3.3664027 59.149503)
(3.6207171 -3.4069786 59.093583)
(-3.6301483 3.4088532 59.102905)
(3.6231403 3.4227023 59.091978)
(-7.24866 -6.6060884 69.633957)
(-2.656073 -4.1473193 63.274049)
(-3.1892219 -9.1897803 66.902526)
(2.592212 -4.1941172 63.340035)
(3.1852628 -9.3657651 66.240529)
(7.2330925 -6.5481449 68.32938)
(-4.391869 -2.3594747 63.324856)
(-9.4611964 -2.7534199 66.490186)
(-0.034661363 -2.8391412 63.665972)
(-2.903758 0.17309646 63.653074)
(-2.7581396 -2.5171219 67.116158)
(4.3803406 -2.3773156 63.273439)
(2.8785703 0.14346595 63.639762)
(2.7989504 -2.4798081 67.11741)
(9.3066969 -2.7302999 67.126025)
(-4.391869 2.3594747 63.324856)
(-9.5515108 2.7711975 66.083578)
(0.15481202 2.8369567 63.642539)
(-2.656073 4.1473193 63.274049)
(-2.7527295 2.523522 67.122252)
(4.3803406 2.3773156 63.273439)
(2.592212 4.1941172 63.340035)
(2.8009732 2.4799262 67.123786)
(9.428336 2.7844465 66.619126)
(-7.2163754 6.5646884 68.698723)
(-3.1535969 9.0168035 67.277498)
(3.1625085 9.4378334 66.162565)
(7.2596173 6.5706502 67.644217)
(-2.6129097 -9.6444297 73.526078)
(-6.7684376 -7.3176546 71.049656)
(-8.7284621 -4.7456107 72.239115)
(-6.8946638 -7.40148 75.795183)
(0.12192354 -8.2247937 71.933688)
(-2.8931691 -5.1995965 71.668428)
(-2.2638971 -8.3884906 78.108091)
(5.9726281 -7.8575868 71.663565)
(2.9544912 -7.7918525 76.993647)
(8.4919192 -5.2080924 71.904404)
(-9.76174 -2.2200147 72.316278)
(-5.4987125 -2.5161203 71.499615)
(-8.452722 -0.062219077 71.515511)
(-8.0092085 -2.4246675 76.70604)
(-2.5636347 -2.8078474 76.513059)
(5.4744088 -2.8185099 71.224712)
(2.7364082 -2.8419995 76.150646)
(10.076469 -2.9055666 71.34876)
(8.3900262 0.20340648 72.33542)
(8.0287425 -2.7514049 76.196638)
(-8.5968568 4.9322081 72.502608)
(-8.2102384 2.0015495 77.36724)
(-2.7673348 5.4004639 71.754659)
(-2.8059133 2.5662816 76.615895)
(5.4649217 2.4214269 71.662377)
(2.7543359 2.5281942 76.289626)
(9.8661149 1.5231666 73.515909)
(8.3830972 5.210767 72.4876)
(8.2085754 2.1207791 76.681766)
(-5.5550827 8.1100158 73.179113)
(-8.1877348 6.8468969 79.526193)
(0.20962275 8.2540399 71.377748)
(-1.7964993 10.242753 72.687992)
(-2.8978866 7.7120598 77.044449)
(2.6210157 9.6465618 72.266369)
(2.7556693 7.7801881 76.646785)
(-1.9755237 -9.8853779 81.327093)
(2.4055808 -9.7057491 81.393468)
(-5.1523355 -8.6024373 81.803709)
(-8.1330375 -5.7018838 81.344654)
(-7.3382878 -6.6674155 85.287056)
(-0.031255973 -7.7071428 81.493296)
(-2.0061287 -5.3171662 81.400239)
(-2.3202502 -5.9011243 85.547571)
(5.8503553 -8.0334224 81.5485)
(2.3653036 -5.1481352 81.296917)
(2.2525855 -5.9030707 85.550102)
(8.1115703 -5.7413765 81.31357)
(7.2835709 -6.5816978 84.828026)
(-10.000329 -1.5494014 81.540079)
(-4.9859672 -2.83098 81.146044)
(-8.0643234 -0.028404342 81.825751)
(-8.068442 -2.4841565 85.575113)
(0.076208229 -2.7091736 80.906807)
(-2.5390422 -0.014078338 80.802634)
(-3.6263042 -3.5421499 86.74636)
(5.0637935 -2.8873041 80.831725)
(2.6461887 -0.086812105 80.678463)
(3.5493954 -3.4882591 86.877705)
(9.8989247 -1.9300704 80.728886)
(8.0568357 -0.23537682 81.151507)
(8.2134896 -2.5685722 85.563405)
(-10.036243 1.4951712 81.583541)
(-5.1637337 2.6523402 81.140765)
(-8.269668 5.7612821 80.816998)
(-8.0677955 2.483955 85.575245)
(0.052573866 2.585102 81.031083)
(-2.2666757 5.1100266 81.201142)
(-3.4463885 3.6026744 86.996254)
(5.1896726 2.5484471 80.811183)
(2.8015661 4.9034102 81.296699)
(3.5521117 3.4963428 86.992733)
(9.8798591 1.895555 80.286793)
(8.6234277 5.0667402 80.523024)
(8.1479229 2.5036405 85.567664)
(-6.6101865 7.5270717 80.397076)
(-7.3582556 6.665467 85.251861)
(-0.13851945 7.5331114 81.646265)
(-2.9585795 9.5451646 81.199465)
(-2.3224448 5.9361284 85.549398)
(5.9338565 8.0360016 81.508658)
(2.4471266 9.6818692 81.484317)
(2.2636447 5.8511475 85.547247)
(7.3385227 6.6289891 85.179204)
(-2.797817 -7.8743694 -69.866554)
(-2.8337696 -2.6076395 -70.213929)
(2.8297536 -2.6360138 -70.24955)
(-2.8290719 2.5998706 -70.204236)
(2.8245494 2.624525 -70.198354)
(8.3224444 2.5475846 -70.122472)
(-7.3832739 6.6011552 -70.364473)
(-2.9518253 7.9305329 -69.802868)
(-3.8862901 -3.2796852 -49.891679)
(3.306185 -3.8258523 -49.924653)
(-3.8868117 3.2798798 -49.892874)
(3.3066693 3.8267371 -49.924488)
(-3.6416564 -3.4125265 -41.298428)
(3.5832694 -3.4709581 -41.303774)
(-3.628908 3.4247715 -41.300314)
(3.5655014 3.4910141 -41.306294)
(-3.6155532 -3.4375989 -32.252312)
(3.6107006 -3.4399946 -32.253261)
(-3.6123944 3.440633 -32.252717)
(3.6087948 3.4421459 -32.253642)
(-3.6110447 -3.4419294 -22.842402)
(3.6132151 -3.4371564 -22.842509)
(-3.6106716 3.4422878 -22.842455)
(3.6160263 3.4339832 -22.842542)
(-3.6105498 -3.4424048 -13.332401)
(3.6131675 -3.4372101 -13.332406)
(-3.6104231 3.4425264 -13.332407)
(3.6167648 3.4331496 -13.332412)
(-3.6105341 -3.4424198 -3.8094893)
(3.6131177 -3.4372664 -3.8094881)
(-3.6103931 3.4425553 -3.80949)
(3.6167876 3.4331239 -3.8094909)
(-3.6105212 -3.4424322 5.7143912)
(3.6130981 -3.4372885 5.7143937)
(-3.6103721 3.4425755 5.7143923)
(3.6167642 3.4331502 5.7143911)
(-3.6105334 -3.4424205 15.240919)
(3.6131173 -3.4372668 15.24092)
(-3.6103848 3.4425632 15.240918)
(3.6167873 3.4331242 15.240917)
(-3.6117846 -3.4412187 24.798485)
(3.6144488 -3.4357638 24.798428)
(-3.6118303 3.4411748 24.798433)
(3.6184636 3.4312321 24.798449)
(-3.6231452 -3.4303067 34.529598)
(3.6260651 -3.4226517 34.529461)
(-3.6245041 3.4290014 34.529368)
(3.6324391 3.415457 34.529458)
(-3.7002624 -3.3562346 44.701351)
(3.6956462 -3.3441109 44.702582)
(-3.7035254 3.3531004 44.701186)
(3.7068928 3.3314161 44.702423)
(-3.7125347 -3.3524539 54.679335)
(3.6922592 -3.3714795 54.658065)
(-3.6809955 3.3901911 54.643649)
(3.6918565 3.3778396 54.652379)
(2.9879995 -8.1189665 71.580949)
(-8.3979593 2.3324653 71.671002)
(2.9693145 8.1620672 71.299756)
(7.2903425 6.6939231 71.965688)
(-3.2447941 -3.8286017 90.636358)
(3.3429037 -3.7381305 90.752743)
(-3.1513414 3.9892332 90.760968)
(3.6453779 3.5248125 90.772906)
(-3.434617 -3.616087 100.58068)
(3.4813951 -3.5846258 100.6244)
(-3.3616518 3.6759489 100.6099)
(3.6177124 3.4433967 100.61455)
(-3.5851707 -3.4667817 110.41947)
(3.5961126 -3.4564611 110.42644)
(-3.5720091 3.4794236 110.42297)
(3.6141299 3.4361238 110.42469)
(-3.6089901 -3.4439029 119.9966)
(3.6153617 -3.4347334 119.99715)
(-3.6079561 3.444896 119.99684)
(3.6134293 3.4369146 119.99702)
(-3.6102078 -3.4427332 129.53812)
(3.6165409 -3.4334024 129.53812)
(-3.6102691 3.4426744 129.53813)
(3.6127628 3.437667 129.53813)
(-3.6065056 -3.4462892 139.17719)
(3.6134069 -3.4369399 139.17699)
(-3.6060575 3.4467196 139.17717)
(3.6076584 3.4434286 139.1771)
(-3.5810037 -3.4707841 149.1301)
(3.5856689 -3.4682497 149.12903)
(-3.5786019 3.4730911 149.13011)
(3.5729305 3.4826283 149.12992)
(-3.3818518 -3.7214285 157.7926)
(3.2857327 -3.8577622 157.7926)
(-3.3818518 3.7214285 157.7926)
(3.2857327 3.8577622 157.7926)
(0.012566942 0.018549745 -70.236053)
(-0.14470382 -4.99031 -50.017446)
(-5.0113307 0.1712404 -49.760344)
(-0.18049109 0.026480764 -49.986375)
(5.0560414 0.2706084 -49.761433)
(0.26597274 5.0200596 -50.024777)
(-0.083687709 -3.1323095 -45.651473)
(-0.013522427 -4.9883766 -41.321624)
(-3.2444102 0.03435534 -45.587018)
(-4.9837866 0.022971698 -41.264313)
(3.1175927 0.055627784 -45.604717)
(-0.033645201 3.1605487 -45.654049)
(-0.026810867 0.014248448 -41.259306)
(4.9966526 0.041464346 -41.269056)
(0.024387121 4.9868489 -41.325351)
(-0.0086780633 -3.1129917 -36.826529)
(0.00041031346 -4.9878151 -32.256758)
(-3.1525817 0.0067834485 -36.816249)
(-4.9837866 0.0034548203 -32.247944)
(3.1451975 0.010446741 -36.818675)
(-0.00223525 3.1182948 -36.827759)
(-1.1448025e-06 0.0021852517 -32.22401)
(4.999699 0.0037289625 -32.248978)
(0.0049397218 4.9876326 -32.257457)
(0.0012667294 -3.1127627 -27.564545)
(0.0032866242 -4.9876992 -22.842872)
(-3.1457667 0.0009147854 -27.563399)
(-4.9837866 0.00038512569 -22.842028)
(3.1534593 -0.00070100528 -27.563763)
(0.0026392848 3.1127927 -27.564743)
(0.0034096705 -0.00065518368 -22.834653)
(4.9996857 -0.0038938575 -22.842141)
(0.0040012275 4.9876704 -22.842962)
(0.0024909832 -3.1131234 -18.089841)
(0.003476861 -4.9876916 -13.332434)
(-3.1449959 -2.3270051e-06 -18.089786)
(-4.9837866 9.2238127e-05 -13.332398)
(3.1543902 -0.0029277428 -18.089817)
(0.0035405633 3.1120329 -18.089865)
(0.0037743035 -0.0011224756 -13.331357)
(4.9995904 -0.0050733075 -13.332403)
(0.003995546 4.9876707 -13.332447)
(0.0025322463 -3.1132023 -8.5711032)
(0.0034446917 -4.9876929 -3.8094904)
(-3.1449283 -7.3091338e-05 -8.5711063)
(-4.9837866 8.4340011e-05 -3.8094905)
(3.1544333 -0.0032137116 -8.5711075)
(0.0036348738 3.1119764 -8.5711075)
(0.003790674 -0.0011679341 -3.8093971)
(4.9995829 -0.005166345 -3.8094904)
(0.0040032785 4.9876703 -3.809493)
(0.0025186088 -3.113213 0.95243301)
(0.0034275527 -4.9876935 5.7143982)
(-3.1449236 -7.3045572e-05 0.95243083)
(-4.9837866 8.1052457e-05 5.7143947)
(3.1544268 -0.0032282924 0.95243106)
(0.0036409004 3.1119806 0.95243196)
(0.0037900173 -0.0011678733 5.7146283)
(4.9995842 -0.0051508942 5.714395)
(0.0040106367 4.98767 5.7143973)
(0.0025205439 -3.113219 10.477185)
(0.0034907857 -4.987691 15.241048)
(-3.1449106 -7.1032909e-05 10.477145)
(-4.9837866 0.00011019902 15.240844)
(3.1544159 -0.0032228444 10.477146)
(0.0036434976 3.1119889 10.477184)
(0.0038128448 -0.0011808919 15.243404)
(4.9995811 -0.0051894137 15.240843)
(0.0039989817 4.9876705 15.241045)
(0.0027721825 -3.1130265 20.014405)
(0.0051396654 -4.9876245 24.800047)
(-3.1450827 6.5148052e-06 20.013859)
(-4.9837866 0.00083665306 24.797044)
(3.1546224 -0.0034488718 20.01385)
(0.0036077431 3.1117501 20.014398)
(0.0040708581 -0.0013890544 24.812164)
(4.999466 -0.006614337 24.797012)
(0.0035140919 4.9876901 24.800027)
(0.0053924751 -3.1107294 29.640518)
(0.018745293 -4.9870763 34.542063)
(-3.147504 0.0008596783 29.636012)
(-4.9837866 0.0068479156 34.518117)
(3.1572722 -0.0058565677 29.635952)
(0.0030483813 3.1090285 29.640467)
(0.0054646889 -0.0025704597 34.56655)
(4.9985406 -0.018078021 34.517884)
(-0.0009472377 4.9878698 34.541931)
(0.020685225 -3.1017719 39.583189)
(0.10120479 -4.9837533 44.742693)
(-3.1740917 0.0069008523 39.557096)
(-4.9837866 0.046173552 44.602414)
(3.1835697 -0.019448972 39.557032)
(-0.0033541657 3.0986526 39.583024)
(0.0086135089 -0.0049983321 44.799772)
(4.9932353 -0.083795456 44.600935)
(-0.038805345 4.9893955 44.742239)
(0.038157694 -2.4614053 50.003449)
(0.071811847 -4.9992073 54.832332)
(-2.8854933 0.015998226 49.919622)
(-5.0030292 0.1447228 54.701887)
(2.8943278 -0.051943952 49.927446)
(-0.078893812 2.4361989 50.00923)
(0.019435923 0.027330237 54.748154)
(5.0039048 0.031755125 54.704229)
(0.066880236 4.9987245 54.796297)
(0.17689353 -5.1243236 90.874371)
(-4.9648646 0.018541878 90.517524)
(0.15954569 0.00084543128 90.391429)
(5.1733358 -0.065094297 90.661954)
(0.53671632 5.0671176 90.897062)
(0.081572643 -3.2441442 95.556237)
(0.056295065 -5.0004329 100.65627)
(-2.9204662 0.029485594 95.470617)
(-4.9767979 0.0089713448 100.56581)
(3.0929829 -0.089173215 95.521192)
(0.3351394 3.2054315 95.567491)
(0.093820699 -0.016759509 100.56463)
(4.9910905 -0.060396275 100.60089)
(0.3060657 4.9914279 100.6522)
(0.021107657 -3.1485369 105.55641)
(0.0095943727 -4.987445 110.42964)
(-3.0934187 0.0091893928 105.53822)
(-4.9837866 0.0020033977 110.41701)
(3.1439017 -0.028231792 105.55089)
(0.096959488 3.1372863 105.55704)
(0.020484981 -0.0026128716 110.40436)
(4.9995217 -0.0059249977 110.42209)
(0.050371584 4.9858018 110.429)
(0.0054419905 -3.1159515 115.21874)
(0.0040836426 -4.9876671 119.99737)
(-3.1390046 0.001395292 115.21659)
(-4.9837866 0.00014700083 119.99631)
(3.1537529 -0.00063787947 115.21815)
(0.014022668 3.1156077 115.21878)
(0.0054634742 0.00080282183 119.99438)
(4.9996426 0.0044270714 119.99669)
(0.0068879371 4.9875541 119.99732)
(0.0036710201 -3.1121808 124.76598)
(0.0040730005 -4.9876675 129.53828)
(-3.1446015 0.00019253803 124.76579)
(-4.9837866 2.9102969e-05 129.53839)
(3.1543918 0.0030355802 124.76589)
(0.0032112028 3.1133323 124.76598)
(0.0039026093 0.0013013833 129.546)
(4.99956 0.0054498489 129.53838)
(0.0035970689 4.9876867 129.53829)
(0.0039959606 -3.1124909 134.34149)
(0.0059756581 -4.9875909 139.17967)
(-3.1441627 0.00040069586 134.34152)
(-4.9837866 0.0012803148 139.18146)
(3.1535979 0.0041080662 134.34143)
(0.0027010731 3.1141131 134.34151)
(0.0042813145 0.0025392391 139.20835)
(4.9992679 0.0090681546 139.18112)
(0.0050780034 4.987627 139.17973)
(0.0068012417 -3.1190888 144.14076)
(0.020772699 -4.9869946 149.15689)
(-3.1398748 0.0026325302 144.14211)
(-4.9837866 0.0098292415 149.16478)
(3.1484301 0.0099726691 144.14153)
(0.0045590624 3.1228285 144.14093)
(0.0056443367 0.0084115215 149.21182)
(4.9974233 0.031917698 149.16273)
(0.019009304 4.9870656 149.15711)
(0.018490037 -3.2262049 154.3435)
(0.17219748 -5.0514288 157.7926)
(-3.1823377 0.014239465 154.35093)
(-5.0355898 0.083574983 157.7926)
(3.1729627 0.035675956 154.34824)
(0.015218067 3.2341676 154.34416)
(-0.0042240967 0.020442722 157.7926)
(5.0848309 0.19518858 157.7926)
(0.16738341 5.0524116 157.7926)
(-2.1993511 -9.7051557 -70.696525)
(-3.1456064 -4.7837449 -70.170004)
(0.02707595 -2.5953108 -70.240558)
(-2.7577713 -0.0014195733 -70.231887)
(2.7602096 0.036320519 -70.230123)
(0.0058995373 2.6158824 -70.2035)
(-3.1485464 4.7989158 -70.136913)
(5.1433526 2.9360052 -70.215009)
(9.8716471 2.0424988 -70.801239)
(-5.9552018 7.8658511 -70.233825)
(-0.19360627 -2.5670648 -49.982556)
(-2.8889433 0.060867429 -49.862268)
(-3.6874252 -3.3690446 -45.643852)
(2.5985418 0.087368769 -49.916619)
(3.5159939 -3.5474417 -45.656208)
(-0.12141129 2.675636 -49.985366)
(-3.6732695 3.3826548 -45.646796)
(3.4906131 3.5761731 -45.660367)
(-0.027622601 -3.120412 -41.292962)
(-3.1740409 0.015515302 -41.26651)
(-3.6234044 -3.4300577 -36.841071)
(3.136125 0.025712949 -41.272493)
(3.6039359 -3.4476305 -36.843401)
(-0.0095726699 3.1319637 -41.295288)
(-3.616192 3.4369853 -36.842012)
(3.595816 3.456796 -36.844473)
(-0.0015070195 -3.1125016 -32.239864)
(-3.1474238 0.0027032114 -32.236193)
(-3.6122765 -3.4407462 -27.572065)
(3.1510924 0.0028459544 -32.237185)
(3.6127615 -3.4376684 -27.572408)
(0.0010730474 3.1143273 -32.240389)
(-3.6111388 3.441839 -27.572218)
(3.6141028 3.4361544 -27.572524)
(0.0022258942 -3.112995 -22.838817)
(-3.1451882 0.00022386088 -22.838522)
(-3.61065 -3.4423085 -18.091253)
(3.1541922 -0.0022953892 -22.838637)
(3.6132233 -3.4371472 -18.09128)
(0.003300397 3.1122186 -22.838886)
(-3.6104903 3.4424619 -18.091271)
(3.6166185 3.4333147 -18.091292)
(0.0025366256 -3.1131809 -13.33193)
(-3.1449407 -6.2063884e-05 -13.331927)
(-3.6105338 -3.4424201 -8.5712394)
(3.1544302 -0.0031481627 -13.331935)
(3.6131326 -3.4372495 -8.5712389)
(0.0036151907 3.1119848 -13.33194)
(-3.6104008 3.4425479 -8.5712418)
(3.6167891 3.4331222 -8.5712434)
(0.0025239257 -3.1132094 -3.80945)
(-3.1449261 -7.3528424e-05 -3.8094521)
(-3.6105317 -3.4424221 0.95240054)
(3.1544307 -0.0032285337 -3.8094521)
(3.6131093 -3.4372758 0.9524021)
(0.00363943 3.1119772 -3.8094521)
(-3.610386 3.4425621 0.95240079)
(3.6167796 3.4331329 0.95239993)
(0.0025156427 -3.1132173 5.7144992)
(-3.1449173 -7.2970401e-05 5.7144906)
(-3.610507 -3.4424459 10.476791)
(3.1544206 -0.0032234234 5.714491)
(3.6130858 -3.4373024 10.476794)
(0.0036423351 3.1119865 5.7144985)
(-3.6103548 3.442592 10.476792)
(3.6167471 3.4331696 10.476791)
(0.0025667627 -3.1131902 15.242163)
(-3.1449309 -5.6680844e-05 15.242005)
(-3.6107802 -3.4421835 20.011076)
(3.1544441 -0.0032603512 15.242003)
(3.6133823 -3.4369677 20.011061)
(0.0036390721 3.1119524 15.24216)
(-3.6106708 3.4422885 20.011061)
(3.6171254 3.4327426 20.011064)
(0.0034623771 -3.1124323 24.806001)
(-3.1456709 0.00022329142 24.804343)
(-3.6148788 -3.4382466 29.626144)
(3.1552845 -0.0040893688 24.804317)
(3.6176897 -3.4321056 29.626022)
(0.0034807073 3.1110323 24.805982)
(-3.6153531 3.4377911 29.626015)
(3.6224476 3.4267351 29.626059)
(0.010116015 -3.1067609 34.553354)
(-3.1530232 0.002558292 34.542131)
(-3.6441644 -3.4101175 39.545378)
(3.1629477 -0.010093392 34.542032)
(3.646103 -3.4000337 39.545516)
(0.0016274338 3.1044906 34.553219)
(-3.6467831 3.4076021 39.545118)
(3.655189 3.3897776 39.545324)
(0.040965175 -3.0834792 44.757435)
(-3.2398149 0.016707567 44.701822)
(-3.927612 -3.2264519 49.885989)
(3.2467673 -0.038408067 44.702489)
(3.8750348 -3.1854769 49.887979)
(-0.022611217 3.0781881 44.75766)
(-3.9273742 3.2271058 49.845218)
(3.8746661 3.1860803 49.849534)
(0.027253309 -3.0851667 54.763255)
(-3.2373958 0.075228593 54.703113)
(3.2411275 0.022137586 54.70471)
(0.032908063 3.0970755 54.739797)
(2.6195966 -9.6207515 72.71341)
(2.8754943 -5.3362216 71.523484)
(-9.8112434 1.8751645 72.425203)
(-5.4320759 2.5468778 71.787898)
(2.847193 5.3252786 71.507212)
(5.923115 7.9188613 71.624906)
(-1.0932473 -5.0227705 90.766512)
(-4.3285332 -2.5135578 90.549029)
(0.10549145 -3.1237069 90.467922)
(-2.747459 0.063125651 90.313091)
(-3.3001757 -3.7595006 95.51636)
(4.3361554 -2.5465528 90.642405)
(2.9874507 -0.069019592 90.394252)
(3.37098 -3.6904451 95.594809)
(-4.3095816 2.5213526 90.593286)
(0.33308645 3.0997791 90.512152)
(-0.73854492 5.0728561 90.854345)
(-3.1827172 3.833702 95.582176)
(4.5221719 2.2389467 90.666372)
(2.4931959 4.4820135 90.910531)
(3.6263135 3.476401 95.58493)
(0.047192457 -3.1986793 100.60243)
(-3.0273747 0.017357353 100.55965)
(-3.535622 -3.5144795 105.55506)
(3.1302166 -0.060455453 100.58723)
(3.5572744 -3.500238 105.57461)
(0.20909212 3.1716817 100.60532)
(-3.5012029 3.5472089 105.56623)
(3.6134507 3.4371842 105.5695)
(0.0098734175 -3.125047 110.41617)
(-3.125927 0.0038369759 110.40949)
(-3.6034832 -3.4491923 115.22117)
(3.1512688 -0.0089459168 110.41428)
(3.6107765 -3.439909 115.22329)
(0.038213191 3.1214373 110.41631)
(-3.5993136 3.4531972 115.22214)
(3.6137902 3.4365072 115.22278)
(0.0040081048 -3.1129712 119.99587)
(-3.1434068 0.00047244121 119.99525)
(-3.6102393 -3.442703 124.76488)
(3.1543289 0.0021720077 119.99569)
(3.6164994 -3.4334492 124.76499)
(0.0056464348 3.1137668 119.99588)
(-3.610115 3.4428224 124.76493)
(3.6131776 3.4371988 124.76497)
(0.0037030881 -3.1121108 129.54207)
(-3.1447066 0.00018302442 129.542)
(-3.6093062 -3.4435992 134.33251)
(3.1542182 0.0034287767 129.54199)
(3.6158243 -3.4342112 134.33244)
(0.0026604338 3.113435 129.54208)
(-3.6092639 3.4436399 134.33251)
(3.6114706 3.4391255 134.33247)
(0.0048122578 -3.1138888 139.19376)
(-3.1425844 0.0010483239 139.19415)
(-3.599211 -3.4532958 144.11486)
(3.1518792 0.0058551036 139.19391)
(3.6063834 -3.4448678 144.11438)
(0.0031768755 3.1162169 139.1938)
(-3.5979234 3.4545326 144.11484)
(3.5977794 3.4545797 144.11473)
(0.011214585 -3.1451363 149.21603)
(-3.1461051 0.006314522 149.21928)
(-3.5315858 -3.5182507 153.84018)
(3.1510132 0.018928002 149.21793)
(3.518817 -3.5437099 153.83803)
(0.0081602697 3.1510535 149.2164)
(-3.5290412 3.5206948 153.84033)
(3.5046087 3.5597477 153.83988)
(0.015133116 -2.771463 157.7926)
(-2.6176464 0.024640886 157.7926)
(2.5751528 0.048590333 157.7926)
(0.014187558 2.7805939 157.7926)
(-2.7782233 -2.6660107 71.717066)
(2.8004758 -2.7630107 71.563291)
(-2.7706401 2.6761465 71.790951)
(2.8007763 2.5987033 71.670231)
(0.0068821684 -0.040950084 71.81448)
(-0.0051525593 -2.7961361 71.774132)
(-2.7835069 -0.019234925 71.789279)
(2.8033021 -0.076798178 71.68629)
(0.0034566718 2.7246652 71.764976)
(-5.1559322 -8.2592781 69.660899)
(-8.6390083 -4.6527231 69.107662)
(9.135833 -4.1647528 -70.501133)
(9.5777331 -2.5849275 -67.33686)
)


// ************************************************************************* //
