/*--------------------------------*- C++ -*----------------------------------*\
| =========                 |                                                 |
| \\      /  F ield         | OpenFOAM: The Open Source CFD Toolbox           |
|  \\    /   O peration     | Version:  2206                                  |
|   \\  /    A nd           | Website:  www.openfoam.com                      |
|    \\/     M anipulation  |                                                 |
\*---------------------------------------------------------------------------*/
FoamFile
{
    version     2.0;
    format      ascii;
    arch        "LSB;label=64;scalar=64";
    class       volScalarField;
    location    "1/solid";
    object      T;
}
// * * * * * * * * * * * * * * * * * * * * * * * * * * * * * * * * * * * * * //

dimensions      [0 0 0 1 0 0 0];

internalField   nonuniform List<scalar> 
500
(
1109.49045163
1109.38583071
1109.11523831
1108.65285805
1107.99502701
1107.1476697
1106.11026047
1104.8826334
1103.48301692
1101.99725573
1110.76636259
1110.61971107
1110.31157567
1109.83278267
1109.18163564
1108.36095906
1107.37595725
1106.23488076
1104.95465931
1103.57387911
1111.76745203
1111.61167423
1111.29709608
1110.82173261
1110.18608868
1109.39301695
1108.44732406
1107.35559132
1106.12773239
1104.78873647
1112.57386834
1112.41920668
1112.10965431
1111.6455295
1111.02816874
1110.26000509
1109.34435127
1108.2848553
1107.08609876
1105.76572782
1113.24004801
1113.08903697
1112.78730439
1112.33557128
1111.73507767
1110.98755313
1110.09495535
1109.05875393
1107.88004164
1106.57123092
1113.798786
1113.65150983
1113.35724441
1112.91657919
1112.33038017
1111.59970438
1110.72551738
1109.70786431
1108.54544422
1107.2469619
1114.26989716
1114.12590177
1113.83810441
1113.40688171
1112.83274112
1112.11622764
1111.25765252
1110.25616429
1109.108638
1107.81967727
1114.66730029
1114.52615287
1114.24396641
1113.82094345
1113.25732672
1112.55331692
1111.70882898
1110.72247093
1109.58960471
1108.31065363
1115.0022698
1114.86367053
1114.58652109
1114.1709063
1113.61689714
1112.92448441
1112.09337407
1111.12189889
1110.00417468
1108.73585955
1115.28464799
1115.148417
1114.87596821
1114.46731616
1113.92243174
1113.24119138
1112.42321991
1111.46677168
1110.3649293
1109.10850998
1115.52321827
1115.38925855
1115.12133391
1114.71942356
1114.18345041
1113.51324682
1112.7084625
1111.76747932
1110.68262896
1109.43909427
1115.72577458
1115.59403789
1115.33055295
1114.93528744
1114.40815065
1113.74897413
1112.95749501
1112.03237436
1110.96548999
1109.73658575
1115.89910776
1115.76956962
1115.51048314
1115.12181963
1114.60349592
1113.95536575
1113.17728061
1112.26827957
1111.22007691
1110.00633513
1116.04899587
1115.92163944
1115.6669223
1115.28482826
1114.7752939
1114.13820652
1113.37354174
1112.48079366
1111.45184659
1110.25469797
1116.18022755
1116.0550346
1115.8046529
1115.42908382
1114.92829032
1114.30219724
1113.55090001
1112.67440005
1111.66510369
1110.48495503
1116.29666186
1116.17360808
1115.92751474
1115.55840396
1115.0662697
1114.45107622
1113.71302895
1112.85267224
1111.86333768
1110.70160075
1116.40131876
1116.2803712
1116.03850141
1115.67575461
1115.19215973
1114.58772375
1113.86275556
1113.0183799
1112.049316
1110.90693832
1116.49649071
1116.37760663
1116.13987553
1115.78336739
1115.30814887
1114.71426963
1114.00211919
1113.17337536
1112.22454474
1111.10245662
1116.58386513
1116.46699178
1116.23329412
1115.88286759
1115.41581855
1114.83224042
1114.13258476
1113.31905099
1112.39040565
1111.28964865
1116.66464661
1116.54972243
1116.31993479
1115.97540427
1115.51627714
1114.9426899
1114.25513184
1113.45624419
1112.54747436
1111.46940023
1116.73966931
1116.62662605
1116.40061135
1116.06176992
1115.61028744
1115.04634305
1114.37044308
1113.58557485
1112.69625643
1111.64622855
1116.8094924
1116.69825758
1116.47587022
1116.14249796
1115.69836468
1115.14369139
1114.47898186
1113.70744957
1112.83682946
1111.81950583
1116.87447483
1116.76497383
1116.54606406
1116.21793495
1115.78084737
1115.23506328
1114.5810649
1113.82214165
1112.96913144
1111.98633869
1116.93482829
1116.82698568
1116.61140229
1116.28828856
1115.85794132
1115.32066348
1114.67690188
1113.92986371
1113.09319111
1112.14642188
1116.9906489
1116.88438907
1116.67198066
1116.3536546
1115.92974298
1115.40059051
1114.76660092
1114.03073925
1113.20892224
1112.3009467
1117.04192776
1116.9371752
1116.72779077
1116.41402572
1115.99624739
1115.47484492
1114.85018116
1114.12483945
1113.31607598
1112.4508918
1117.08853899
1116.98521802
1116.77870619
1116.46927481
1116.05732571
1115.54329368
1114.92750623
1114.21206435
1113.4140875
1112.59496487
1117.13020452
1117.02823874
1116.82444679
1116.51911999
1116.11269462
1115.605654
1114.99830405
1114.29224201
1113.50305083
1112.69977366
1117.16643339
1117.0657447
1116.86451666
1116.56306073
1116.16184791
1115.66141314
1115.06205615
1114.36489665
1113.58379146
1112.7861324
1117.19643302
1117.09694036
1116.89811401
1116.60028537
1116.20395942
1115.70972417
1115.1178863
1114.42911235
1113.65547493
1112.86245897
1117.21898992
1117.12060842
1116.92401372
1116.62955641
1116.23777428
1115.74930915
1115.16448617
1114.48353897
1113.71670587
1112.92685719
1117.23231499
1117.13495624
1116.94041568
1116.64906171
1116.26146298
1115.77831516
1115.19997593
1114.52628054
1113.76561523
1112.97845699
1117.23384907
1117.13742251
1116.94475375
1116.65622637
1116.27243538
1115.79412571
1115.22169309
1114.55459571
1113.79932455
1113.01339054
1117.22002689
1117.12444246
1116.93346382
1116.6474865
1116.26712652
1115.7931722
1115.22606318
1114.5649087
1113.81427277
1113.02899209
1117.18600294
1117.09117385
1116.90171041
1116.61801726
1116.24072688
1115.77066694
1115.20833287
1114.55253272
1113.80588119
1113.01990216
1117.12535116
1117.03119594
1116.84308376
1116.5614264
1116.18686942
1115.72027681
1115.16221198
1114.51123096
1113.76796907
1112.98078228
1117.02976049
1116.93620355
1116.74929092
1116.46944045
1116.09730874
1115.63379457
1115.07954489
1114.43292767
1113.69258192
1112.90298676
1116.88875684
1116.79572774
1116.6098737
1116.33161841
1115.9616288
1115.50083812
1114.94999409
1114.30735189
1113.56954476
1112.77709794
1116.68948917
1116.59692076
1116.41199134
1116.13513112
1115.76701789
1115.30862032
1114.76080561
1114.12180548
1113.38626804
1112.5897976
1116.4166218
1116.32444712
1116.14030914
1115.864646
1115.49814763
1115.0418187
1114.49666229
1113.86098499
1113.12750998
1112.32656028
1116.05237669
1115.96052463
1115.77703709
1115.50236261
1115.13720595
1114.68260922
1114.13972656
1113.50704454
1112.77543889
1111.96876116
1115.57676627
1115.48515562
1115.30215807
1115.0282364
1114.66411515
1114.21087787
1113.66984591
1113.03980436
1112.3099262
1111.49671757
1114.96804846
1114.87658006
1114.69387683
1114.42042104
1114.0569645
1113.6046391
1113.06495005
1112.43711055
1111.70880872
1110.88765784
1114.20342132
1114.11196848
1113.92930888
1113.65595022
1113.29268083
1112.84069175
1112.30169267
1111.67547198
1110.94854795
1110.11806946
1113.25995429
1113.1683529
1112.98540984
1112.71166119
1112.34793832
1111.89550168
1111.35628916
1110.7308388
1110.00498495
1109.16303106
1112.11572606
1112.0237683
1111.84012258
1111.5653457
1111.20030229
1110.74631418
1110.20555734
1109.5795196
1108.85409913
1107.99790137
1110.75110092
1110.65853838
1110.47368422
1110.19708871
1109.82960001
1109.37253277
1108.82823464
1108.19928364
1107.47268493
1106.59736544
1109.1500196
1109.05657294
1108.86996147
1108.590692
1108.21949091
1107.757479
1107.20690579
1106.57125275
1105.83968119
1104.93639949
1107.30111152
1107.20641661
1107.01750758
1106.73487131
1106.35899998
1105.89053616
1105.33107082
1104.68406317
1103.94095832
1103.00187441
1105.19853244
1105.10155972
1104.90966446
1104.62338828
1104.24303036
1103.76877632
1103.20118308
1102.54189519
1101.78299094
1100.82093002
)
;

boundaryField
{
    symmetric
    {
        type            symmetry;
    }
    emptyPatch
    {
        type            empty;
    }
    solid_to_water
    {
        type            compressible::turbulentTemperatureTwoPhaseRadCoupledMixed;
        refValue        nonuniform List<scalar> 
70
(
343.300712188
345.892533871
349.415653588
352.231159771
352.183354685
351.746840016
350.203039265
346.992258431
341.695551323
337.479073221
337.790034474
340.470485918
345.358371536
347.441160687
346.919406567
348.285654299
347.242597012
348.773971199
347.385799316
348.893781561
347.518553992
349.050915535
347.727725711
349.038464948
347.889329002
348.975597627
347.985326888
348.376107732
347.443398964
344.598787951
340.469970027
337.995052342
336.462066112
335.761947917
335.911174211
338.13048699
354.727996811
414.394280299
423.001367401
441.850791929
437.006193272
451.060258497
442.279702425
453.723812982
444.09283465
453.975975239
444.277104085
452.859638586
444.27984491
451.21217394
444.284688574
449.351865511
443.982878283
448.05220965
444.933165899
447.025609164
443.88276449
427.263987666
367.968714958
334.199766772
334.296532876
334.366146031
334.438411554
334.513155968
334.572720182
334.620610299
334.912704668
335.009515441
344.511538713
335.126163429
)
;
        refGradient     uniform 0;
        valueFraction   nonuniform List<scalar> 
70
(
0.00127213239556
0.00116694357081
0.00105302697222
0.000977018165194
0.000976682653721
0.00097779198827
0.00100337166636
0.00108271444594
0.00128390267347
0.00150482035955
0.00098526703441
0.00098433352929
0.000914602759155
0.000888697432038
0.000907281353568
0.000882700137218
0.000906663915651
0.000876593556753
0.000906438028115
0.000876813903785
0.000906142929168
0.000876733258425
0.000905204911057
0.000880745649534
0.000905466426019
0.000885491872691
0.000906475529634
0.000897919474081
0.000908634131903
0.000940944039949
0.000991173462992
0.000990490274054
0.000973625359064
0.000963644743745
0.000966739480586
0.000991012033042
0.00080980926901
0.00047256241893
0.000496424078659
0.000466481504293
0.000496458555636
0.000466633910293
0.000495829631199
0.000468404478297
0.000495827583002
0.000470460851575
0.00049644783945
0.000473695618997
0.000496613276207
0.00047781063361
0.000496508864317
0.000482845759573
0.000498308396657
0.000488385603665
0.000498395368235
0.000493380893156
0.000497987964105
0.00052079732148
0.000772351784632
0.00152567305251
0.00153110479497
0.00153441768435
0.00153763128492
0.00154055564023
0.00154232646845
0.00154362181551
0.00155335783666
0.0015527063745
0.000981090321157
0.00155162662179
)
;
        source          uniform 0;
        value           nonuniform List<scalar> 
70
(
1108.51900602
1108.49826568
1108.31839066
1107.91663267
1107.25956819
1106.41169138
1105.35440933
1104.06461917
1102.50739344
1100.8494363
1101.24695202
1102.82507824
1104.09542895
1105.092642
1105.88309488
1106.57775762
1107.13119793
1107.645557
1108.04695218
1108.44279256
1108.75006219
1109.07072803
1109.3179211
1109.58564541
1109.79634659
1110.02886187
1110.21761949
1110.41989908
1110.59826393
1110.75119051
1110.88628015
1111.05781093
1111.23614854
1111.4033435
1111.55585883
1111.68971747
1111.98513201
1112.36852296
1112.44270121
1112.54794616
1112.59024012
1112.66807898
1112.67977346
1112.71870966
1112.68720161
1112.66933771
1112.57005375
1112.46316534
1112.25694123
1112.00943504
1111.63631437
1111.17586774
1110.55443669
1109.79366229
1108.83103821
1107.67071023
1106.26624241
1104.58257948
1102.43681554
1104.02398134
1103.92311719
1103.72906909
1103.44086594
1103.05895043
1102.58413554
1102.01645358
1101.35123258
1100.59504416
1100.08439229
1099.6383246
)
;
        kappaMethod     solidThermo;
        Tnbr            T.liquid;
        region          solid;
        otherPhase      gas;
    }
}


// ************************************************************************* //
