/*--------------------------------*- C++ -*----------------------------------*\
| =========                 |                                                 |
| \\      /  F ield         | OpenFOAM: The Open Source CFD Toolbox           |
|  \\    /   O peration     | Version:  2206                                  |
|   \\  /    A nd           | Website:  www.openfoam.com                      |
|    \\/     M anipulation  |                                                 |
\*---------------------------------------------------------------------------*/
FoamFile
{
    version     2.0;
    format      ascii;
    arch        "LSB;label=64;scalar=64";
    class       volScalarField;
    location    "0.5/solid";
    object      T;
}
// * * * * * * * * * * * * * * * * * * * * * * * * * * * * * * * * * * * * * //

dimensions      [0 0 0 1 0 0 0];

internalField   nonuniform List<scalar> 
500
(
1117.20623054
1117.03697426
1116.69132571
1116.16213016
1115.43886248
1114.5069421
1113.3556564
1111.99655403
1110.46531633
1108.86982812
1117.85148596
1117.6862
1117.35291759
1116.84815188
1116.16798527
1115.30956186
1114.27492446
1113.07710179
1111.74374608
1110.30848464
1118.41559242
1118.25748933
1117.94024879
1117.46239609
1116.82274148
1116.0215161
1115.06196788
1113.95218165
1112.70488109
1111.32679513
1118.89650511
1118.74533789
1118.44242327
1117.98688595
1117.37801488
1116.61587786
1115.70205391
1114.64044457
1113.43665492
1112.0876728
1119.2930751
1119.14743863
1118.85562316
1118.41671533
1117.82970067
1117.09380273
1116.20891469
1115.17633728
1113.99871479
1112.66971735
1119.60920505
1119.46771058
1119.18409687
1118.757239
1118.18569705
1117.46794214
1116.60268893
1115.58975922
1114.43080848
1113.1190416
1119.85334004
1119.71494889
1119.43745518
1119.01954388
1118.45945133
1117.75514548
1116.90460631
1115.90681474
1114.76345058
1113.4688819
1120.03666004
1119.90069617
1119.62800206
1119.21714878
1118.6661916
1117.97282596
1117.13460592
1116.14997899
1115.02112508
1113.74482423
1120.17121726
1120.03728397
1119.76863137
1119.36379199
1118.82076329
1118.13714478
1117.31027232
1116.33818925
1115.22383096
1113.96883836
1120.26849775
1120.13638549
1119.8713842
1119.47204719
1118.93640671
1118.26209498
1117.44637577
1116.48690799
1115.38728668
1114.15942293
1120.33852562
1120.20813802
1119.94661661
1119.55257851
1119.02415718
1118.35911177
1117.55474887
1116.60831851
1115.52322262
1114.33084025
1120.38944854
1120.2607498
1120.00265151
1119.61386425
1119.09266852
1118.4370197
1117.6443708
1116.71160936
1115.64056719
1114.47130997
1120.42748744
1120.30046796
1120.04578365
1119.66225811
1119.1483485
1118.50225319
1117.72165423
1116.8031752
1115.74666899
1114.58841523
1120.45712301
1120.33177835
1120.080506
1119.70225541
1119.19567905
1118.55924952
1117.79094775
1116.8872615
1115.84605392
1114.69930133
1120.48140354
1120.35772204
1120.1098429
1119.73684972
1119.23760141
1118.61086527
1117.85498077
1116.96643774
1115.94117399
1114.80522658
1120.50228498
1120.38024113
1120.13570739
1119.76790671
1119.27591034
1118.65879102
1117.91529327
1117.04205322
1116.03322492
1114.90935322
1120.52094451
1120.40049598
1120.15922515
1119.79649778
1119.31160045
1118.70391651
1117.97263161
1117.11466792
1116.12255914
1115.01002218
1120.53803846
1120.41912537
1120.18099882
1119.82316867
1119.34513644
1118.74659489
1118.02719633
1117.18429284
1116.20904964
1115.10891172
1120.5538971
1120.43644333
1120.20130882
1119.84814658
1119.37666856
1118.78686645
1118.07886287
1117.25055063
1116.29195609
1115.20301493
1120.56866115
1120.45257728
1120.22025481
1119.87148691
1119.40618853
1118.82463495
1118.1274134
1117.31307148
1116.37085154
1115.29394125
1120.58237081
1120.4675582
1120.23784848
1119.89317025
1119.43363181
1118.85977281
1118.17262857
1117.37149788
1116.44518257
1115.37905377
1120.59501904
1120.48137437
1120.25406807
1119.91315837
1119.45893604
1118.89218356
1118.21435668
1117.4255714
1116.51452421
1115.45942285
1120.60658052
1120.49399963
1120.26888521
1119.93141844
1119.48206093
1118.92181612
1118.25253161
1117.47521854
1116.5789253
1115.53425083
1120.61702649
1120.50540724
1120.28227681
1119.94793178
1119.5029914
1118.94865438
1118.28711554
1117.5203108
1116.63802208
1115.60355706
1120.62633316
1120.51557734
1120.29423054
1119.96269642
1119.52173782
1118.97272276
1118.31814932
1117.56092254
1116.69206929
1115.66710708
1120.63448869
1120.52450296
1120.30474869
1119.97572706
1119.53832737
1118.99405427
1118.34564563
1117.59697065
1116.74083294
1115.7246797
1120.64150063
1120.5321972
1120.31385506
1119.98706199
1119.5528135
1119.01271159
1118.36965514
1117.6284488
1116.78436458
1115.77588034
1120.64740311
1120.53870063
1120.32160301
1119.99677367
1119.56529407
1119.02882364
1118.39033227
1117.65546807
1116.82276441
1115.82061671
1120.65225975
1120.54408441
1120.32807904
1120.00497247
1119.57591386
1119.04258467
1118.40793875
1117.67833872
1116.85661609
1115.86379598
1120.65615724
1120.54844402
1120.33339669
1120.01180064
1119.58485755
1119.05424125
1118.42280248
1117.69739264
1116.88582093
1115.91445941
1120.65918339
1120.55187695
1120.33767354
1120.01740816
1119.59232412
1119.0640668
1118.43531028
1117.71312101
1116.91028749
1115.96840735
1120.66138344
1120.55443806
1120.34098441
1120.02190229
1119.5984705
1119.07229543
1118.44582026
1117.7260358
1116.93022927
1116.01984851
1120.66268676
1120.55606518
1120.34328463
1120.02526655
1119.6033232
1119.0790214
1118.45454331
1117.73653059
1116.94594876
1116.06828309
1120.66279049
1120.55646207
1120.34429146
1120.02723944
1119.6066526
1119.08406593
1118.46139557
1117.74471056
1116.95753715
1116.11511973
1120.66097778
1120.55491665
1120.3433023
1120.02713285
1119.60779174
1119.08679626
1118.46581389
1117.75018411
1116.96444685
1116.16056467
1120.65583748
1120.55002103
1120.33891543
1120.02355387
1119.60535942
1119.08584932
1118.46647754
1117.75179474
1116.96560786
1116.18134375
1120.64484443
1120.5392522
1120.32861184
1120.0139885
1119.59684701
1119.07872304
1118.46090263
1117.74717382
1116.96001775
1116.17488378
1120.62375913
1120.51837203
1120.30815576
1119.99420367
1119.57802316
1119.06118615
1118.44486036
1117.73212217
1116.94398354
1116.15640287
1120.58582091
1120.48062016
1120.27078721
1119.95743909
1119.54212512
1119.02646923
1118.41157215
1117.69986771
1116.91082744
1116.12067295
1120.52074344
1120.41570902
1120.2062159
1119.89339948
1119.47884827
1118.96425026
1118.35068804
1117.64003205
1116.85017821
1116.0567721
1120.41358093
1120.30868929
1120.09948535
1119.78711695
1119.37320701
1118.85951496
1118.24714636
1117.5374794
1116.74679714
1115.95017239
1120.24361348
1120.13883439
1119.9298557
1119.61783173
1119.20441414
1118.69143867
1118.08007192
1117.37127478
1116.57970849
1115.77931558
1119.98348921
1119.87878135
1119.66994204
1119.35812627
1118.94500847
1118.43250366
1117.82187347
1117.11373097
1116.32110304
1115.51694
1119.59893349
1119.49423874
1119.28541934
1118.9736252
1118.56054762
1118.04818412
1117.43792538
1116.73010223
1115.93606356
1115.12727764
1119.04935446
1118.94459092
1118.73562341
1118.4235892
1118.01018904
1117.49750755
1116.88710791
1116.17912562
1115.38321275
1114.56945536
1118.28960232
1118.18465732
1117.9753089
1117.66266692
1117.2484235
1116.73474353
1116.12339968
1115.41442689
1114.61577698
1113.79589292
1117.27296462
1117.16769207
1116.95766004
1116.64392553
1116.22813212
1115.71248098
1115.09893226
1114.38744059
1113.58423043
1112.75632426
1115.95523027
1115.8494578
1115.63840131
1115.32304702
1114.90493937
1114.3862154
1113.76884455
1113.05242238
1112.2411448
1111.40123077
1114.29939944
1114.19292249
1113.98054284
1113.663225
1113.24243033
1112.72011928
1112.09789484
1111.37416907
1110.54943191
1109.68668618
1112.28019383
1112.17248047
1111.9585702
1111.63939365
1111.21648778
1110.69142831
1110.06481429
1109.33333396
1108.49436521
1107.59831525
)
;

boundaryField
{
    symmetric
    {
        type            symmetry;
    }
    emptyPatch
    {
        type            empty;
    }
    solid_to_water
    {
        type            compressible::turbulentTemperatureTwoPhaseRadCoupledMixed;
        refValue        nonuniform List<scalar> 
70
(
434.046885664
432.535003167
430.906455118
429.31021201
427.815922042
425.294342242
414.629825517
393.560268682
358.583223269
339.682964138
339.185913056
339.494559003
339.33397016
338.758432205
337.948625335
337.055540123
336.186341896
335.554775607
335.510730236
336.754742736
342.54459098
361.082644464
362.544988992
370.877893995
366.715512517
373.789144329
368.415285652
374.800342833
369.523956866
375.215284983
369.820219981
373.379954456
369.39777869
371.370273806
369.234890376
369.640741158
368.037840206
365.22342875
352.193191081
342.806249975
338.970119698
337.135135161
336.732695182
337.833544581
345.267135986
400.764127107
424.028736403
427.779315538
441.426108086
436.546823506
445.622774154
439.197332059
445.357859706
440.024466814
443.716078678
440.470472293
441.884156907
440.748432161
437.438027905
334.225830011
334.299539829
334.341186742
334.387533344
334.433091235
334.500454609
334.645831579
335.011107881
336.420277046
409.823870903
348.112831766
)
;
        refGradient     uniform 0;
        valueFraction   nonuniform List<scalar> 
70
(
0.000495972330541
0.000496371717956
0.000496955866493
0.00049746910004
0.000497287394058
0.000497901895918
0.00052109290107
0.000596505671304
0.000899075035302
0.00142654730512
0.000993529248325
0.000994492992999
0.00099516726781
0.000995021336183
0.000991779804546
0.000984133185402
0.000972774522777
0.000962291868646
0.000962358286425
0.000982215921608
0.000959420250817
0.00070738682847
0.000744055010386
0.000682629082808
0.000740936489855
0.000681458157428
0.000739035630871
0.000683731813577
0.000736012833163
0.000685828488068
0.000736074522598
0.000702409886477
0.000739221124763
0.000719324172024
0.000739259033636
0.000733636895055
0.000744500131631
0.000752014884546
0.000871618445861
0.000984304357188
0.000995604640325
0.000981197608553
0.000979671474253
0.000991487424128
0.00094608192551
0.000507772976439
0.000482676616689
0.000504175052858
0.000480111088411
0.000504163930446
0.000483039751482
0.000504115631443
0.000487912917113
0.000504003654569
0.000493929592595
0.000503780331436
0.00049996408361
0.000503384459121
0.00051131695322
0.00153938913971
0.00154301425524
0.00154447982194
0.00154601371857
0.00154735608178
0.00154957025777
0.00155430136255
0.00156110564193
0.00151429164257
0.000593121188922
0.00109064913001
)
;
        source          uniform 0;
        value           nonuniform List<scalar> 
70
(
1116.86926519
1116.69913498
1116.35248358
1115.82242756
1115.09888978
1114.16559617
1112.99296757
1111.56892538
1109.79025675
1107.77472975
1108.10730867
1109.54451333
1110.56113609
1111.32082302
1111.90400148
1112.3578852
1112.71527775
1112.9984498
1113.22230953
1113.39899156
1113.59345509
1113.93739865
1114.02847489
1114.19021698
1114.25066504
1114.40315431
1114.45817609
1114.60185492
1114.65428716
1114.78576124
1114.830608
1114.93807019
1114.98331253
1115.06860613
1115.11613126
1115.17815645
1115.2202918
1115.25746521
1115.20161611
1115.15913054
1115.20105309
1115.26197118
1115.31146823
1115.35067043
1115.43805799
1115.81758402
1115.83964409
1115.80844493
1115.79538847
1115.71323679
1115.62508896
1115.43737126
1115.1888989
1114.78634184
1114.23736571
1113.45623848
1112.42049306
1111.06330328
1109.34256868
1111.08499579
1110.97474081
1110.7600755
1110.44025321
1110.01700709
1109.4911352
1108.86208494
1108.12706517
1107.32687829
1107.18211235
1106.76764614
)
;
        kappaMethod     solidThermo;
        Tnbr            T.liquid;
        region          solid;
        otherPhase      gas;
    }
}


// ************************************************************************* //
