-0.11 	0.00901913 	-4.19044e-05 	0.00958391
-0.109559 	0.00964273 	-6.83412e-05 	0.00992892
-0.109118 	0.0102663 	-9.4778e-05 	0.0102739
-0.108677 	0.0108899 	-0.000121215 	0.0106189
-0.108236 	0.0115136 	-0.000147652 	0.0109639
-0.107796 	0.0121419 	-0.000160922 	0.0113239
-0.107355 	0.0127715 	-0.000170681 	0.0116879
-0.106914 	0.0132546 	-0.000189715 	0.0118004
-0.106473 	0.0135841 	-0.000218731 	0.0116486
-0.106032 	0.0139137 	-0.000247746 	0.0114968
-0.105591 	0.0142277 	-0.000278508 	0.0113323
-0.10515 	0.0145382 	-0.000309652 	0.0111651
-0.104709 	0.0148488 	-0.000340796 	0.0109979
-0.104269 	0.0151594 	-0.00037194 	0.0108307
-0.103828 	0.0154699 	-0.000403084 	0.0106635
-0.103387 	0.0157478 	-0.0004293 	0.0103738
-0.102946 	0.0159871 	-0.000449517 	0.00993922
-0.102505 	0.0162265 	-0.000469734 	0.00950459
-0.102064 	0.0164658 	-0.00048995 	0.00906997
-0.101623 	0.0167051 	-0.000510167 	0.00863535
-0.101182 	0.0169475 	-0.000532669 	0.0082042
-0.100741 	0.0172086 	-0.000568733 	0.00779365
-0.100301 	0.0174697 	-0.000604803 	0.00738311
-0.0998597 	0.0177278 	-0.000664353 	0.00698987
-0.0994188 	0.0179827 	-0.000747871 	0.00661434
-0.098978 	0.0182377 	-0.000831389 	0.00623881
-0.0985371 	0.0184485 	-0.000874177 	0.00586114
-0.0980962 	0.018653 	-0.000911075 	0.00548316
-0.0976553 	0.0188575 	-0.000947972 	0.00510518
-0.0972144 	0.019062 	-0.000984869 	0.0047272
-0.0967735 	0.0192665 	-0.00102177 	0.00434923
-0.0963327 	0.0194715 	-0.00108639 	0.0040441
-0.0958918 	0.0196765 	-0.00116752 	0.00378315
-0.0954509 	0.0198816 	-0.00124865 	0.00352221
-0.09501 	0.0200866 	-0.00132979 	0.00326126
-0.0945691 	0.0202917 	-0.00141092 	0.00300031
-0.0941283 	0.0204933 	-0.00151662 	0.00276226
-0.0936874 	0.0206886 	-0.00166631 	0.00256518
-0.0932465 	0.020884 	-0.00181601 	0.0023681
-0.0928056 	0.0210793 	-0.0019657 	0.00217102
-0.0923647 	0.0212747 	-0.00211539 	0.00197394
-0.0919238 	0.0214701 	-0.00226508 	0.00177686
-0.091483 	0.0216654 	-0.00241478 	0.00157978
-0.0531263 	0.0235243 	0.000922429 	-0.000827577
-0.0526854 	0.0235305 	0.00117694 	-0.000653349
-0.0522445 	0.0239754 	0.00183219 	-0.000615155
-0.0518036 	0.0255637 	0.0019882 	-0.000737831
-0.0509218 	0.0365629 	-0.00165201 	-0.00281984
-0.050481 	0.0479699 	-0.0014095 	-0.00167878
-0.0500401 	0.0605527 	-0.000746836 	-0.000413542
-0.0376954 	0.0315789 	0.00215101 	-0.00104342
-0.0372545 	0.0172135 	0.00494866 	-0.00296628
-0.0368136 	0.0120879 	0.00388599 	-0.00411887
-0.0363727 	0.00849516 	0.00282291 	-0.00523381
-0.0359319 	0.00797567 	0.0020661 	-0.00554099
-0.035491 	0.00731481 	0.0010188 	-0.00576828
-0.0350501 	0.00701086 	0.000606523 	-0.00541408
-0.0346092 	0.0068503 	0.000483618 	-0.00512603
-0.0341683 	0.00661 	0.000295801 	-0.00474485
-0.0337275 	0.00638504 	0.000175569 	-0.00442179
-0.0332866 	0.00602142 	5.17291e-05 	-0.00395067
-0.0328457 	0.00561327 	-8.78707e-05 	-0.00347059
0.00507014 	-0.00504967 	2.99526e-05 	0.000200267
0.00551102 	-0.00401422 	-0.000170735 	0.00110727
0.0059519 	-0.00297878 	-0.000371423 	0.00201427
0.00639279 	-0.00202931 	-0.00053427 	0.00280271
0.00683367 	-0.00116887 	-0.000657935 	0.00346838
0.00727455 	-0.00030843 	-0.0007816 	0.00413405
0.00771543 	0.000552008 	-0.000905265 	0.00479972
0.00815631 	0.00141245 	-0.00102893 	0.00546539
0.00859719 	0.00219193 	-0.00117257 	0.00611032
0.00903808 	0.00228863 	-0.00139752 	0.00653163
0.00947896 	0.00238038 	-0.00162135 	0.00695028
0.00991984 	0.00247213 	-0.00184519 	0.00736893
0.0103607 	0.00256388 	-0.00206902 	0.00778757
0.0108016 	0.00265563 	-0.00229285 	0.00820622
0.0112425 	0.00287093 	-0.0024606 	0.00855552
0.0116834 	0.00311908 	-0.00261344 	0.00888639
0.0121242 	0.00334525 	-0.0027395 	0.0091658
0.0125651 	0.00350322 	-0.00269853 	0.00909327
0.013006 	0.00366118 	-0.00265755 	0.00902075
0.0134469 	0.00380959 	-0.00266161 	0.00902533
0.0138878 	0.00394733 	-0.00271596 	0.00911602
0.0143287 	0.00408506 	-0.00277031 	0.0092067
0.0147695 	0.0042228 	-0.00282465 	0.00929738
0.0152104 	0.00436054 	-0.002879 	0.00938806
0.0156513 	0.00450293 	-0.00291143 	0.00943539
0.0160922 	0.00465368 	-0.00280861 	0.00914272
0.0165331 	0.00480443 	-0.0027058 	0.00885005
0.0169739 	0.00495517 	-0.00260298 	0.00855739
0.0174148 	0.00510592 	-0.00250017 	0.00826472
0.0178557 	0.00525667 	-0.00239735 	0.00797205
0.0182966 	0.00533584 	-0.00226375 	0.0076206
0.0187375 	0.00537379 	-0.00211242 	0.00723531
0.0191784 	0.00541174 	-0.00196109 	0.00685002
0.0196192 	0.0052732 	-0.00183437 	0.00636495
0.0200601 	0.00511338 	-0.00171336 	0.00587557
0.020501 	0.00496865 	-0.00158807 	0.00538175
0.0209419 	0.00490846 	-0.00143874 	0.004863
0.0213828 	0.00484827 	-0.00128941 	0.00434425
0.0218236 	0.00478808 	-0.00114008 	0.00382549
0.0222645 	0.0047279 	-0.000990749 	0.00330674
0.0227054 	0.00466771 	-0.000841418 	0.00278799
0.0231463 	0.00448409 	-0.00073922 	0.00225785
0.0235872 	0.00424125 	-0.0006588 	0.00172148
0.0240281 	0.00399841 	-0.000578381 	0.00118512
0.0244689 	0.00375557 	-0.000497961 	0.000648751
0.0249098 	0.00351273 	-0.000417542 	0.000112386
0.0253507 	0.00326602 	-0.00034122 	-0.000418217
0.0257916 	0.00298167 	-0.000304702 	-0.000892835
0.0262325 	0.00269733 	-0.000268185 	-0.00136745
0.0266733 	0.00232699 	-0.000251888 	-0.00184815
0.0271142 	0.0017526 	-0.000278052 	-0.00234134
0.0275551 	0.00117822 	-0.000304216 	-0.00283453
0.027996 	0.000646522 	-0.000314592 	-0.00334622
0.0284369 	0.00015319 	-0.000310778 	-0.00387452
0.0288778 	-0.000340143 	-0.000306964 	-0.00440282
0.0293186 	-0.000833476 	-0.000303149 	-0.00493112
0.0297595 	-0.00132681 	-0.000299335 	-0.00545942
0.0302004 	-0.00182014 	-0.000295521 	-0.00598772
0.0306413 	-0.00286948 	-0.000367386 	-0.00643249
0.0310822 	-0.00395256 	-0.000441984 	-0.00687059
0.031523 	-0.00503564 	-0.000516581 	-0.00730869
0.0319639 	-0.00611872 	-0.000591179 	-0.00774678
0.0324048 	-0.0072018 	-0.000665776 	-0.00818488
0.0328457 	-0.00831529 	-0.000737615 	-0.00862381
0.0332866 	-0.00948634 	-0.000804231 	-0.00906432
0.0337275 	-0.0106574 	-0.000870847 	-0.00950483
0.0341683 	-0.0119647 	-0.000921796 	-0.00975606
0.0346092 	-0.0133729 	-0.000952802 	-0.00984592
0.0350501 	-0.0147811 	-0.000983808 	-0.00993579
0.035491 	-0.0161952 	-0.00105114 	-0.00993683
0.0359319 	-0.0176111 	-0.00112941 	-0.00991116
0.0363727 	-0.0190269 	-0.00120767 	-0.00988549
0.0368136 	-0.0204428 	-0.00128594 	-0.00985982
0.0372545 	-0.0218587 	-0.0013642 	-0.00983415
0.0376954 	-0.0231439 	-0.00141229 	-0.0096937
0.0381363 	-0.0239196 	-0.00134323 	-0.00914436
0.0385772 	-0.0246954 	-0.00127416 	-0.00859502
0.039018 	-0.0254711 	-0.00120509 	-0.00804568
0.0394589 	-0.0262468 	-0.00113602 	-0.00749634
0.0398998 	-0.0270226 	-0.00106695 	-0.006947
0.0403407 	-0.0278351 	-0.000927303 	-0.00652282
0.0407816 	-0.0286572 	-0.000769125 	-0.0061315
0.0412224 	-0.0294155 	-0.000595418 	-0.00572569
0.0416633 	-0.0295708 	-0.000269999 	-0.00529397
0.0421042 	-0.0297261 	5.54191e-05 	-0.00486224
0.0425451 	-0.0298328 	0.000337314 	-0.00440819
0.042986 	-0.0298895 	0.000574247 	-0.00393106
0.0434269 	-0.0299461 	0.00081118 	-0.00345394
0.0438677 	-0.0300027 	0.00104811 	-0.00297681
0.0443086 	-0.0300594 	0.00128505 	-0.00249969
0.0447495 	-0.0300692 	0.00151672 	-0.00214998
0.0451904 	-0.0299978 	0.00173159 	-0.00204966
0.0456313 	-0.0299264 	0.00194645 	-0.00194935
0.0460721 	-0.0298549 	0.00216132 	-0.00184903
0.046513 	-0.0297835 	0.00237618 	-0.00174872
0.0469539 	-0.0297121 	0.00262106 	-0.00162673
0.0473948 	-0.0296406 	0.0028967 	-0.00148255
0.0478357 	-0.029581 	0.00316402 	-0.00138737
0.0482766 	-0.0298086 	0.00344022 	-0.00196242
0.0487174 	-0.0300362 	0.00371643 	-0.00253746
0.0491583 	-0.0303126 	0.00404211 	-0.00318618
0.0495992 	-0.0306135 	0.00439259 	-0.00387184
0.0500401 	-0.0309144 	0.00474307 	-0.00455749
0.050481 	-0.0312153 	0.00509355 	-0.00524315
0.0509218 	-0.0315162 	0.00544403 	-0.00592881
0.0513627 	-0.0318011 	0.0056419 	-0.00690768
0.0518036 	-0.0320338 	0.00578207 	-0.00791406
0.0522445 	-0.0322664 	0.00592225 	-0.00892043
0.0526854 	-0.032499 	0.00606242 	-0.00992681
0.0531263 	-0.0327316 	0.0062026 	-0.0109332
0.0535671 	-0.0329642 	0.00634278 	-0.0119396
0.054008 	-0.0330972 	0.00636858 	-0.012823
0.0544489 	-0.033214 	0.0063757 	-0.0136863
0.0548898 	-0.0333307 	0.00638282 	-0.0145496
0.0553307 	-0.0330518 	0.0061466 	-0.0149925
0.0557715 	-0.0327276 	0.00589034 	-0.015371
0.0562124 	-0.0324033 	0.00563408 	-0.0157496
0.0566533 	-0.03215 	0.00542263 	-0.0162
0.0570942 	-0.0319054 	0.00521662 	-0.0166592
0.0575351 	-0.0316607 	0.00501062 	-0.0171183
0.057976 	-0.0314161 	0.00480461 	-0.0175775
0.0584168 	-0.0311714 	0.00459861 	-0.0180366
0.0588577 	-0.0309268 	0.00439261 	-0.0184958
0.0592986 	-0.030678 	0.00426678 	-0.0184629
0.0597395 	-0.0304343 	0.00415044 	-0.0183752
0.0601804 	-0.0301906 	0.0040341 	-0.0182874
0.0606212 	-0.0299468 	0.00391776 	-0.0181996
0.0610621 	-0.0297031 	0.00380142 	-0.0181118
0.061503 	-0.0294594 	0.00368509 	-0.018024
0.0619439 	-0.0292176 	0.00355501 	-0.0179518
0.0623848 	-0.028976 	0.00342403 	-0.0178806
0.0628257 	-0.0287343 	0.00329305 	-0.0178093
0.0632665 	-0.0286617 	0.00323847 	-0.0175572
0.0637074 	-0.0285963 	0.00318673 	-0.0172978
0.0641483 	-0.028531 	0.00313498 	-0.0170384
0.0645892 	-0.0284489 	0.00309341 	-0.016794
0.0650301 	-0.0283667 	0.00305196 	-0.0165497
0.0654709 	-0.0282845 	0.00301051 	-0.0163054
0.0659118 	-0.0282022 	0.00296906 	-0.0160612
0.0663527 	-0.02812 	0.00292761 	-0.0158169
0.0667936 	-0.0280383 	0.00288756 	-0.0155539
0.0672345 	-0.0279602 	0.00285834 	-0.0151458
0.0681162 	-0.0278042 	0.00279988 	-0.0143297
0.0685571 	-0.0277261 	0.00277065 	-0.0139216
0.068998 	-0.0276481 	0.00274141 	-0.0135136
0.0694389 	-0.027572 	0.00271119 	-0.0131102
0.0698798 	-0.0275254 	0.00266585 	-0.0127793
0.0703206 	-0.0274788 	0.00262051 	-0.0124484
0.0707615 	-0.0274322 	0.00257516 	-0.0121175
0.0712024 	-0.0273856 	0.00252982 	-0.0117866
0.0716433 	-0.0273389 	0.00248448 	-0.0114557
0.0720842 	-0.0272923 	0.00243914 	-0.0111248
0.0725251 	-0.0272457 	0.0023938 	-0.0107939
0.0729659 	-0.0271991 	0.00234846 	-0.010463
0.0734068 	-0.0271525 	0.00230312 	-0.0101321
0.0738477 	-0.0271059 	0.00225778 	-0.00980121
0.0742886 	-0.0270592 	0.00221243 	-0.00947031
0.0747295 	-0.0270091 	0.00216817 	-0.0091328
0.0751703 	-0.0269242 	0.00213433 	-0.00873069
0.0756112 	-0.0268393 	0.00210049 	-0.00832857
0.0760521 	-0.0267545 	0.00206665 	-0.00792646
0.076493 	-0.0266696 	0.00203282 	-0.00752435
0.0778156 	-0.0264151 	0.00193134 	-0.00631815
0.0782565 	-0.0263303 	0.00189752 	-0.0059161
0.0786974 	-0.0262455 	0.0018637 	-0.00551404
0.0791383 	-0.0261606 	0.00182988 	-0.00511199
0.0795792 	-0.0260752 	0.00179769 	-0.00470949
0.08002 	-0.0259818 	0.0017859 	-0.00430133
0.0804609 	-0.0258884 	0.00177412 	-0.00389317
0.0809018 	-0.025795 	0.00176234 	-0.00348502
0.0813427 	-0.0257016 	0.00175055 	-0.00307686
0.0817836 	-0.0256082 	0.00173877 	-0.0026687
0.0822244 	-0.0254935 	0.00172811 	-0.00226493
0.0826653 	-0.025363 	0.00171801 	-0.00186501
0.0831062 	-0.0252326 	0.0017079 	-0.00146508
0.0835471 	-0.0251021 	0.0016978 	-0.00106516
0.083988 	-0.0249716 	0.0016877 	-0.000665234
0.0844289 	-0.0248412 	0.00167759 	-0.000265309
0.0848697 	-0.0247095 	0.00165224 	0.000153946
0.0853106 	-0.0245777 	0.00162668 	0.000573452
0.0857515 	-0.024446 	0.00160113 	0.000992959
0.0861924 	-0.0243143 	0.00157557 	0.00141247
0.0866333 	-0.0241826 	0.00155002 	0.00183197
0.0870741 	-0.0240509 	0.00152446 	0.00225148
0.100301 	-0.0184846 	0.000410424 	0.012273
0.108677 	-0.0117698 	8.66092e-06 	0.0136991
0.109118 	-0.0110926 	-7.65045e-07 	0.0133235
0.109559 	-0.0104154 	-1.0191e-05 	0.012948
0.11 	-0.00973815 	-1.9617e-05 	0.0125724
