-0.11 	0.0119482 	-0.000817085 	0.0121488
-0.109559 	0.0122714 	-0.000963791 	0.0123142
-0.109118 	0.0125945 	-0.0011105 	0.0124796
-0.108677 	0.0129177 	-0.0012572 	0.012645
-0.108236 	0.0132409 	-0.00140391 	0.0128104
-0.107796 	0.0136058 	-0.00153673 	0.0129899
-0.107355 	0.013982 	-0.00166584 	0.0131731
-0.106914 	0.0142749 	-0.00178631 	0.0132347
-0.106473 	0.0144834 	-0.00189727 	0.0131693
-0.106032 	0.0146919 	-0.00200822 	0.0131038
-0.105591 	0.0148638 	-0.00213168 	0.0130543
-0.10515 	0.0150277 	-0.00225788 	0.0130082
-0.104709 	0.0151917 	-0.00238407 	0.0129622
-0.104269 	0.0153556 	-0.00251027 	0.0129161
-0.103828 	0.0155195 	-0.00263646 	0.01287
-0.103387 	0.0157429 	-0.00274679 	0.0127944
-0.102946 	0.0160366 	-0.00283832 	0.0126837
-0.102505 	0.0163303 	-0.00292985 	0.0125729
-0.102064 	0.0166241 	-0.00302138 	0.0124622
-0.101623 	0.0169178 	-0.00311291 	0.0123515
-0.101182 	0.0172153 	-0.00320207 	0.0122347
-0.100741 	0.0175351 	-0.00327711 	0.0120823
-0.100301 	0.0178549 	-0.00335216 	0.0119299
-0.0998597 	0.0181853 	-0.00340256 	0.0117373
-0.0994188 	0.0185264 	-0.00342779 	0.0115037
-0.098978 	0.0188676 	-0.00345302 	0.01127
-0.0985371 	0.0191719 	-0.00349268 	0.0111125
-0.0980962 	0.0194709 	-0.00353444 	0.0109659
-0.0976553 	0.0197699 	-0.00357619 	0.0108194
-0.0972144 	0.0200689 	-0.00361795 	0.0106729
-0.0967735 	0.0203679 	-0.0036597 	0.0105264
-0.0963327 	0.0206807 	-0.00367495 	0.0103143
-0.0958918 	0.0210019 	-0.00367415 	0.0100625
-0.0954509 	0.0213231 	-0.00367334 	0.00981078
-0.09501 	0.0216443 	-0.00367253 	0.00955904
-0.0945691 	0.0219655 	-0.00367173 	0.0093073
-0.0941283 	0.022273 	-0.00366078 	0.00904077
-0.0936874 	0.0225558 	-0.00363169 	0.00874774
-0.0932465 	0.0228386 	-0.0036026 	0.00845471
-0.0928056 	0.0231214 	-0.0035735 	0.00816168
-0.0923647 	0.0234042 	-0.00354441 	0.00786866
-0.0919238 	0.023687 	-0.00351531 	0.00757563
-0.091483 	0.0239698 	-0.00348622 	0.0072826
-0.0531263 	0.0273538 	3.99733e-06 	-0.0144806
-0.0526854 	0.0264947 	0.000403845 	-0.0145103
-0.0522445 	0.0252988 	0.00160072 	-0.0140654
-0.0518036 	0.0252234 	0.00224416 	-0.0131663
-0.0509218 	0.0329194 	0.000629716 	-0.00845002
-0.050481 	0.0447118 	0.000289703 	-0.00451129
-0.0500401 	0.0596308 	-0.000277402 	-0.000542165
-0.0376954 	0.0446755 	-0.000218298 	-0.00295042
-0.0372545 	0.0371342 	0.0046506 	-0.00476185
-0.0368136 	0.0319051 	0.00767158 	-0.00502031
-0.0363727 	0.0262358 	0.010941 	-0.00520166
-0.0359319 	0.0226354 	0.0124266 	-0.00515697
-0.035491 	0.0200237 	0.0132554 	-0.00508696
-0.0350501 	0.0189116 	0.0131858 	-0.00477298
-0.0346092 	0.0174594 	0.0133943 	-0.00454708
-0.0341683 	0.0175294 	0.0131861 	-0.0042832
-0.0337275 	0.0176173 	0.0130897 	-0.00404949
-0.0332866 	0.0180366 	0.0127808 	-0.00383784
-0.0328457 	0.0185372 	0.0124029 	-0.00363088
0.00507014 	-0.00557717 	0.000568167 	0.000102617
0.00551102 	-0.00698086 	0.00217171 	0.00074578
0.0059519 	-0.00838455 	0.00377525 	0.00138894
0.00639279 	-0.00975188 	0.00556755 	0.00197819
0.00683367 	-0.0110816 	0.0075553 	0.00251162
0.00727455 	-0.0124113 	0.00954305 	0.00304505
0.00771543 	-0.013741 	0.0115308 	0.00357848
0.00815631 	-0.0150707 	0.0135185 	0.00411191
0.00859719 	-0.0163699 	0.0152443 	0.00464041
0.00903808 	-0.0167302 	0.0151477 	0.00482322
0.00947896 	-0.0170513 	0.0150326 	0.00499182
0.00991984 	-0.0173724 	0.0149176 	0.00516043
0.0103607 	-0.0176935 	0.0148026 	0.00532903
0.0108016 	-0.0180146 	0.0146876 	0.00549763
0.0112425 	-0.0182036 	0.0145123 	0.00567058
0.0116834 	-0.0183574 	0.014321 	0.00584468
0.0121242 	-0.0184398 	0.014147 	0.00597062
0.0125651 	-0.0180733 	0.0139074 	0.00600719
0.013006 	-0.0177067 	0.0136678 	0.00604375
0.0134469 	-0.0173833 	0.0134826 	0.00601403
0.0138878 	-0.017108 	0.0133579 	0.00591029
0.0143287 	-0.0168328 	0.0132333 	0.00580655
0.0147695 	-0.0165575 	0.0131087 	0.0057028
0.0152104 	-0.0162822 	0.012984 	0.00559906
0.0156513 	-0.0159911 	0.0128497 	0.0055019
0.0160922 	-0.015631 	0.0124382 	0.00555147
0.0165331 	-0.0152709 	0.0120266 	0.00560104
0.0169739 	-0.0149108 	0.0116151 	0.00565061
0.0174148 	-0.0145507 	0.0112035 	0.00570018
0.0178557 	-0.0141906 	0.010792 	0.00574975
0.0182966 	-0.0137493 	0.0103 	0.00589533
0.0187375 	-0.0132612 	0.00976182 	0.00609619
0.0191784 	-0.0127731 	0.0092236 	0.00629706
0.0196192 	-0.0122607 	0.00870467 	0.00644127
0.0200601 	-0.0117372 	0.00821903 	0.00655642
0.020501 	-0.0112379 	0.00770993 	0.00668934
0.0209419 	-0.0108747 	0.00706928 	0.00692183
0.0213828 	-0.0105116 	0.00642862 	0.00715431
0.0218236 	-0.0101484 	0.00578797 	0.0073868
0.0222645 	-0.00978529 	0.00514732 	0.00761929
0.0227054 	-0.00942214 	0.00450667 	0.00785177
0.0231463 	-0.00901329 	0.00401498 	0.00793276
0.0235872 	-0.00859673 	0.00361817 	0.0079113
0.0240281 	-0.00818017 	0.00322137 	0.00788984
0.0244689 	-0.00776361 	0.00282456 	0.00786838
0.0249098 	-0.00734705 	0.00242775 	0.00784692
0.0253507 	-0.00693045 	0.0020608 	0.00779541
0.0257916 	-0.00651354 	0.00198389 	0.00745198
0.0262325 	-0.00609662 	0.00190697 	0.00710855
0.0266733 	-0.00581032 	0.00191099 	0.00665476
0.0271142 	-0.00585291 	0.0020918 	0.00596573
0.0275551 	-0.0058955 	0.0022726 	0.0052767
0.027996 	-0.00577939 	0.00237006 	0.00467543
0.0284369 	-0.00552064 	0.00239262 	0.00415304
0.0288778 	-0.00526188 	0.00241517 	0.00363065
0.0293186 	-0.00500313 	0.00243773 	0.00310826
0.0297595 	-0.00474437 	0.00246028 	0.00258588
0.0302004 	-0.00448562 	0.00248284 	0.00206349
0.0306413 	-0.00476267 	0.00264061 	0.00136557
0.0310822 	-0.00506742 	0.00280306 	0.000665735
0.031523 	-0.00537216 	0.00296551 	-3.4103e-05
0.0319639 	-0.00567691 	0.00312796 	-0.000733941
0.0324048 	-0.00598166 	0.00329041 	-0.00143378
0.0328457 	-0.00641392 	0.00346808 	-0.00212425
0.0332866 	-0.00708752 	0.00367453 	-0.00279699
0.0337275 	-0.00776113 	0.00388099 	-0.00346974
0.0341683 	-0.00864342 	0.00407471 	-0.00402287
0.0346092 	-0.00970051 	0.00426372 	-0.004473
0.0350501 	-0.0107576 	0.00445273 	-0.00492312
0.035491 	-0.0116888 	0.00459689 	-0.00542523
0.0359319 	-0.0125821 	0.00472756 	-0.00594297
0.0363727 	-0.0134755 	0.00485823 	-0.0064607
0.0368136 	-0.0143688 	0.0049889 	-0.00697844
0.0372545 	-0.0152621 	0.00511957 	-0.00749618
0.0376954 	-0.0161798 	0.00523808 	-0.00792002
0.0381363 	-0.0171494 	0.00531735 	-0.00799809
0.0385772 	-0.0181191 	0.00539662 	-0.00807616
0.039018 	-0.0190887 	0.00547589 	-0.00815424
0.0394589 	-0.0200583 	0.00555516 	-0.00823231
0.0398998 	-0.021028 	0.00563443 	-0.00831039
0.0403407 	-0.0219411 	0.00571764 	-0.00831992
0.0407816 	-0.0228394 	0.00580187 	-0.00831145
0.0412224 	-0.023694 	0.0058755 	-0.00824756
0.0416633 	-0.023959 	0.00584924 	-0.00751149
0.0421042 	-0.0242241 	0.00582298 	-0.00677542
0.0425451 	-0.0246366 	0.00584568 	-0.00604549
0.042986 	-0.0252014 	0.00591894 	-0.00532192
0.0434269 	-0.0257662 	0.00599221 	-0.00459835
0.0438677 	-0.026331 	0.00606547 	-0.00387477
0.0443086 	-0.0268958 	0.00613873 	-0.0031512
0.0447495 	-0.0272557 	0.00619946 	-0.00226231
0.0451904 	-0.027227 	0.00625499 	-0.00106866
0.0456313 	-0.0271983 	0.00631052 	0.000124983
0.0460721 	-0.0271696 	0.00636606 	0.00131863
0.046513 	-0.0271409 	0.00642159 	0.00251228
0.0469539 	-0.0269503 	0.00643779 	0.00365931
0.0473948 	-0.0265937 	0.00641369 	0.00475859
0.0478357 	-0.0262318 	0.00640887 	0.00581979
0.0482766 	-0.025837 	0.00658785 	0.00627579
0.0487174 	-0.0254423 	0.00676684 	0.00673179
0.0491583 	-0.024985 	0.00688692 	0.00721406
0.0495992 	-0.0244964 	0.00697747 	0.00770951
0.0500401 	-0.0240077 	0.00706802 	0.00820495
0.050481 	-0.0235191 	0.00715856 	0.0087004
0.0509218 	-0.0230304 	0.00724911 	0.00919584
0.0513627 	-0.0228201 	0.00737303 	0.00874423
0.0518036 	-0.0226848 	0.00748038 	0.00805815
0.0522445 	-0.0225495 	0.00758773 	0.00737206
0.0526854 	-0.0224142 	0.00769507 	0.00668597
0.0531263 	-0.0222789 	0.00780242 	0.00599989
0.0535671 	-0.0221436 	0.00790977 	0.0053138
0.054008 	-0.0222133 	0.00816054 	0.00460651
0.0544489 	-0.0223165 	0.00843474 	0.00389576
0.0548898 	-0.0224197 	0.00870893 	0.003185
0.0553307 	-0.0228577 	0.00898919 	0.00177126
0.0557715 	-0.0233378 	0.00928443 	0.000282957
0.0562124 	-0.0238178 	0.00957968 	-0.00120534
0.0566533 	-0.0242439 	0.00975695 	-0.00264057
0.0570942 	-0.0246635 	0.00991988 	-0.00406934
0.0575351 	-0.025083 	0.0100828 	-0.0054981
0.057976 	-0.0255026 	0.0102457 	-0.00692687
0.0584168 	-0.0259221 	0.0104087 	-0.00835564
0.0588577 	-0.0263416 	0.0105716 	-0.00978441
0.0592986 	-0.0267744 	0.0108205 	-0.0109804
0.0597395 	-0.0272019 	0.0110754 	-0.0121336
0.0601804 	-0.0276293 	0.0113302 	-0.0132868
0.0606212 	-0.0280568 	0.011585 	-0.01444
0.0610621 	-0.0284842 	0.0118399 	-0.0155932
0.061503 	-0.0289117 	0.0120947 	-0.0167464
0.0619439 	-0.0293019 	0.012336 	-0.0178585
0.0623848 	-0.0296896 	0.0125764 	-0.0189678
0.0628257 	-0.0300774 	0.0128168 	-0.0200771
0.0632665 	-0.0301333 	0.0127664 	-0.020223
0.0637074 	-0.0301734 	0.0127013 	-0.0203234
0.0641483 	-0.0302134 	0.0126361 	-0.0204238
0.0645892 	-0.0303219 	0.012714 	-0.0206993
0.0650301 	-0.0304312 	0.0127937 	-0.020977
0.0654709 	-0.0305406 	0.0128733 	-0.0212546
0.0659118 	-0.0306499 	0.012953 	-0.0215323
0.0663527 	-0.0307592 	0.0130326 	-0.0218099
0.0667936 	-0.0308412 	0.0130954 	-0.0220093
0.0672345 	-0.0307127 	0.0130292 	-0.0216046
0.0681162 	-0.0304556 	0.0128967 	-0.0207952
0.0685571 	-0.0303271 	0.0128305 	-0.0203906
0.068998 	-0.0301986 	0.0127642 	-0.0199859
0.0694389 	-0.0300705 	0.0126896 	-0.0195799
0.0698798 	-0.0299493 	0.0124865 	-0.0191519
0.0703206 	-0.0298281 	0.0122835 	-0.018724
0.0707615 	-0.0297069 	0.0120804 	-0.018296
0.0712024 	-0.0295857 	0.0118773 	-0.017868
0.0716433 	-0.0294645 	0.0116743 	-0.0174401
0.0720842 	-0.0293432 	0.0114712 	-0.0170121
0.0725251 	-0.029222 	0.0112681 	-0.0165842
0.0729659 	-0.0291008 	0.0110651 	-0.0161562
0.0734068 	-0.0289796 	0.010862 	-0.0157283
0.0738477 	-0.0288584 	0.0106589 	-0.0153003
0.0742886 	-0.0287372 	0.0104559 	-0.0148724
0.0747295 	-0.0286179 	0.0102606 	-0.014439
0.0751703 	-0.0285174 	0.0101399 	-0.0139529
0.0756112 	-0.0284169 	0.0100192 	-0.0134668
0.0760521 	-0.0283164 	0.00989851 	-0.0129807
0.076493 	-0.0282159 	0.00977783 	-0.0124946
0.0778156 	-0.0279144 	0.00941591 	-0.0110366
0.0782565 	-0.0278139 	0.00929528 	-0.0105507
0.0786974 	-0.0277134 	0.00917465 	-0.0100647
0.0791383 	-0.0276129 	0.00905402 	-0.00957874
0.0795792 	-0.0275088 	0.00893956 	-0.00909371
0.08002 	-0.02736 	0.00890236 	-0.00862041
0.0804609 	-0.0272112 	0.00886516 	-0.00814711
0.0809018 	-0.0270625 	0.00882796 	-0.00767381
0.0813427 	-0.0269137 	0.00879075 	-0.00720051
0.0817836 	-0.0267649 	0.00875355 	-0.00672722
0.0822244 	-0.026587 	0.00870338 	-0.00624265
0.0826653 	-0.0263866 	0.00864412 	-0.00575083
0.0831062 	-0.0261862 	0.00858487 	-0.005259
0.0835471 	-0.0259859 	0.00852562 	-0.00476718
0.083988 	-0.0257855 	0.00846636 	-0.00427535
0.0844289 	-0.0255851 	0.00840711 	-0.00378353
0.0848697 	-0.0254196 	0.0083374 	-0.0032646
0.0853106 	-0.0252545 	0.00826755 	-0.00274531
0.0857515 	-0.0250895 	0.0081977 	-0.00222602
0.0861924 	-0.0249244 	0.00812786 	-0.00170673
0.0866333 	-0.0247594 	0.00805801 	-0.00118744
0.0870741 	-0.0245943 	0.00798816 	-0.000668156
0.100301 	-0.0169104 	0.00457437 	0.0111912
0.108677 	-0.0113253 	0.00145565 	0.0132557
0.109118 	-0.010957 	0.00128267 	0.0131301
0.109559 	-0.0105887 	0.00110969 	0.0130046
0.11 	-0.0102203 	0.000936715 	0.012879
