-0.11 	0.00941978 	0.000441974 	0.00336764
-0.109559 	0.00951747 	0.000570496 	0.00303524
-0.109118 	0.00961516 	0.000699018 	0.00270285
-0.108677 	0.00971285 	0.00082754 	0.00237045
-0.108236 	0.00981054 	0.000956062 	0.00203806
-0.107796 	0.0100856 	0.00116963 	0.00167836
-0.107355 	0.010408 	0.00140587 	0.00131138
-0.106914 	0.010661 	0.00164947 	0.00104036
-0.106473 	0.0108451 	0.00190029 	0.000874157
-0.106032 	0.0110292 	0.0021511 	0.000707959
-0.105591 	0.0110497 	0.0023811 	0.000486756
-0.10515 	0.0110347 	0.00260656 	0.000253559
-0.104709 	0.0110196 	0.00283203 	2.03627e-05
-0.104269 	0.0110046 	0.00305749 	-0.000212834
-0.103828 	0.0109895 	0.00328296 	-0.000446031
-0.103387 	0.0109929 	0.00352549 	-0.000559426
-0.102946 	0.0110178 	0.0037881 	-0.000530588
-0.102505 	0.0110427 	0.00405071 	-0.000501749
-0.102064 	0.0110675 	0.00431332 	-0.000472911
-0.101623 	0.0110924 	0.00457593 	-0.000444072
-0.101182 	0.0111214 	0.00483008 	-0.000406987
-0.100741 	0.0111751 	0.00503401 	-0.000320939
-0.100301 	0.0112288 	0.00523796 	-0.000234917
-0.0998597 	0.0112551 	0.00542153 	-7.94294e-05
-0.0994188 	0.0112534 	0.00558429 	0.000146952
-0.098978 	0.0112518 	0.00574705 	0.000373334
-0.0985371 	0.0112894 	0.00599432 	0.000541644
-0.0980962 	0.0113326 	0.00625382 	0.000701555
-0.0976553 	0.0113758 	0.00651332 	0.000861466
-0.0972144 	0.0114191 	0.00677282 	0.00102138
-0.0967735 	0.0114623 	0.00703232 	0.00118129
-0.0963327 	0.0116265 	0.00736704 	0.00136351
-0.0958918 	0.0118647 	0.00774854 	0.00155866
-0.0954509 	0.012103 	0.00813004 	0.00175381
-0.09501 	0.0123413 	0.00851155 	0.00194896
-0.0945691 	0.0125795 	0.00889305 	0.00214411
-0.0941283 	0.0127487 	0.00918887 	0.00233739
-0.0936874 	0.0127943 	0.0093313 	0.00252731
-0.0932465 	0.01284 	0.00947373 	0.00271723
-0.0928056 	0.0128856 	0.00961617 	0.00290715
-0.0923647 	0.0129312 	0.0097586 	0.00309707
-0.0919238 	0.0129768 	0.00990103 	0.00328699
-0.091483 	0.0130225 	0.0100435 	0.0034769
-0.0531263 	0.00894389 	0.00433351 	0.00234288
-0.0526854 	0.00915817 	0.00492282 	0.00316436
-0.0522445 	0.00986632 	0.00629325 	0.00419585
-0.0518036 	0.0117034 	0.0070221 	0.00488793
-0.0509218 	0.0264579 	0.000848499 	0.00230153
-0.050481 	0.0408473 	7.64398e-06 	0.00109422
-0.0500401 	0.0592745 	-0.000685712 	7.80627e-06
-0.0376954 	0.0326167 	0.00221251 	-0.000951624
-0.0372545 	0.0171404 	0.0064628 	-0.002249
-0.0368136 	0.0104135 	0.00598157 	-0.00350488
-0.0363727 	0.00536898 	0.00507559 	-0.00515864
-0.0359319 	0.0044857 	0.00418234 	-0.0063588
-0.035491 	0.00353053 	0.00304773 	-0.00726606
-0.0350501 	0.00353613 	0.00267681 	-0.00727754
-0.0346092 	0.00356628 	0.00266049 	-0.00741043
-0.0341683 	0.00384502 	0.00236485 	-0.00725124
-0.0337275 	0.00418459 	0.00212755 	-0.00713133
-0.0332866 	0.00444809 	0.00190471 	-0.0068954
-0.0328457 	0.00472941 	0.00160814 	-0.00667775
0.00507014 	-0.00535621 	0.000128764 	0.000492917
0.00551102 	-0.00522838 	8.95778e-05 	0.00224547
0.0059519 	-0.00510054 	5.03917e-05 	0.00399803
0.00639279 	-0.00501747 	-4.20862e-05 	0.00562844
0.00683367 	-0.00498073 	-0.000189745 	0.00713237
0.00727455 	-0.004944 	-0.000337403 	0.00863631
0.00771543 	-0.00490727 	-0.000485062 	0.0101402
0.00815631 	-0.00487053 	-0.000632721 	0.0116442
0.00859719 	-0.00477651 	-0.00088048 	0.0129679
0.00903808 	-0.00413806 	-0.00129473 	0.0128538
0.00947896 	-0.00349423 	-0.00169715 	0.0127329
0.00991984 	-0.00285041 	-0.00209957 	0.012612
0.0103607 	-0.00220658 	-0.00250199 	0.012491
0.0108016 	-0.00156275 	-0.00290441 	0.0123701
0.0112425 	-0.000914372 	-0.00325222 	0.0122349
0.0116834 	-0.000264787 	-0.00358551 	0.0120959
0.0121242 	0.000395834 	-0.00380951 	0.0119229
0.0125651 	0.000933509 	-0.00373522 	0.0116293
0.013006 	0.00147118 	-0.00366094 	0.0113356
0.0134469 	0.0020081 	-0.00360137 	0.0110666
0.0138878 	0.00254416 	-0.00355823 	0.010825
0.0143287 	0.00308021 	-0.00351508 	0.0105834
0.0147695 	0.00361627 	-0.00347194 	0.0103419
0.0152104 	0.00415233 	-0.0034288 	0.0101003
0.0156513 	0.00465059 	-0.00339142 	0.00985797
0.0160922 	0.00476633 	-0.0033963 	0.00961685
0.0165331 	0.00488208 	-0.00340118 	0.00937573
0.0169739 	0.00499782 	-0.00340606 	0.0091346
0.0174148 	0.00511356 	-0.00341094 	0.00889348
0.0178557 	0.00522931 	-0.00341581 	0.00865236
0.0182966 	0.00536167 	-0.00339276 	0.00840175
0.0187375 	0.00550359 	-0.00335361 	0.00814568
0.0191784 	0.00564552 	-0.00331447 	0.00788961
0.0196192 	0.00551156 	-0.00327129 	0.00760533
0.0200601 	0.00535186 	-0.00322544 	0.00731354
0.020501 	0.00518586 	-0.00318589 	0.00701995
0.0209419 	0.00498452 	-0.00318163 	0.00671631
0.0213828 	0.00478319 	-0.00317738 	0.00641267
0.0218236 	0.00458186 	-0.00317312 	0.00610903
0.0222645 	0.00438053 	-0.00316886 	0.00580538
0.0227054 	0.0041792 	-0.0031646 	0.00550174
0.0231463 	0.003839 	-0.00316763 	0.00512301
0.0235872 	0.00342427 	-0.00317308 	0.00470035
0.0240281 	0.00300953 	-0.00317854 	0.0042777
0.0244689 	0.0025948 	-0.00318399 	0.00385505
0.0249098 	0.00218006 	-0.00318945 	0.0034324
0.0253507 	0.00176823 	-0.00319043 	0.00300629
0.0257916 	0.00138459 	-0.00314792 	0.00254668
0.0262325 	0.00100094 	-0.0031054 	0.00208706
0.0266733 	0.00056315 	-0.00303772 	0.00156904
0.0271142 	1.60895e-05 	-0.00289692 	0.000919777
0.0275551 	-0.000530971 	-0.00275611 	0.000270515
0.027996 	-0.00106736 	-0.00266076 	-0.000301959
0.0284369 	-0.00159416 	-0.00260626 	-0.000805418
0.0288778 	-0.00212096 	-0.00255176 	-0.00130888
0.0293186 	-0.00264776 	-0.00249726 	-0.00181234
0.0297595 	-0.00317456 	-0.00244276 	-0.0023158
0.0302004 	-0.00370137 	-0.00238825 	-0.00281926
0.0306413 	-0.00430807 	-0.00219521 	-0.00321389
0.0310822 	-0.00491955 	-0.0019941 	-0.00359485
0.031523 	-0.00553104 	-0.001793 	-0.00397581
0.0319639 	-0.00614252 	-0.0015919 	-0.00435677
0.0324048 	-0.00675401 	-0.0013908 	-0.00473773
0.0328457 	-0.00734853 	-0.00116535 	-0.00520049
0.0332866 	-0.00791096 	-0.00089382 	-0.00581809
0.0337275 	-0.00847338 	-0.000622292 	-0.00643569
0.0341683 	-0.0089525 	-0.000311319 	-0.00683685
0.0346092 	-0.00936359 	3.16486e-05 	-0.00705919
0.0350501 	-0.00977469 	0.000374616 	-0.00728154
0.035491 	-0.0104361 	0.000753993 	-0.00730856
0.0359319 	-0.0111727 	0.00114432 	-0.00727683
0.0363727 	-0.0119094 	0.00153465 	-0.0072451
0.0368136 	-0.0126461 	0.00192498 	-0.00721338
0.0372545 	-0.0133828 	0.00231531 	-0.00718165
0.0376954 	-0.014017 	0.00267217 	-0.00707771
0.0381363 	-0.0142869 	0.00288615 	-0.00671706
0.0385772 	-0.0145568 	0.00310012 	-0.00635642
0.039018 	-0.0148268 	0.0033141 	-0.00599577
0.0394589 	-0.0150967 	0.00352807 	-0.00563512
0.0398998 	-0.0153666 	0.00374204 	-0.00527448
0.0403407 	-0.0156695 	0.00412793 	-0.0049903
0.0407816 	-0.0159811 	0.00455896 	-0.0047262
0.0412224 	-0.0163053 	0.00499212 	-0.00444129
0.0416633 	-0.0166182 	0.00542597 	-0.00404868
0.0421042 	-0.0169311 	0.00585982 	-0.00365606
0.0425451 	-0.0168318 	0.00608388 	-0.0032973
0.042986 	-0.0163065 	0.00609122 	-0.00297352
0.0434269 	-0.0157813 	0.00609855 	-0.00264973
0.0438677 	-0.0152561 	0.00610588 	-0.00232595
0.0443086 	-0.0147308 	0.00611321 	-0.00200216
0.0447495 	-0.0142218 	0.00614072 	-0.00175611
0.0451904 	-0.0135599 	0.00617398 	-0.00168656
0.0456313 	-0.012898 	0.00620724 	-0.00161701
0.0460721 	-0.012236 	0.0062405 	-0.00154746
0.046513 	-0.0115741 	0.00627376 	-0.00147792
0.0469539 	-0.0113692 	0.00642922 	-0.00134282
0.0473948 	-0.0116327 	0.0067099 	-0.00114055
0.0478357 	-0.0118714 	0.00696936 	-0.000973593
0.0482766 	-0.0117567 	0.00720514 	-0.00114104
0.0487174 	-0.0116421 	0.00744092 	-0.00130849
0.0491583 	-0.0113323 	0.00772418 	-0.0015549
0.0495992 	-0.0109247 	0.00803125 	-0.0018409
0.0500401 	-0.010517 	0.00833832 	-0.0021269
0.050481 	-0.0101094 	0.00864539 	-0.0024129
0.0509218 	-0.00970172 	0.00895245 	-0.0026989
0.0513627 	-0.00959033 	0.00937458 	-0.00305681
0.0518036 	-0.00959596 	0.00982023 	-0.00342369
0.0522445 	-0.0096016 	0.0102659 	-0.00379057
0.0526854 	-0.00960723 	0.0107115 	-0.00415745
0.0531263 	-0.00961287 	0.0111572 	-0.00452434
0.0535671 	-0.0096185 	0.0116029 	-0.00489122
0.054008 	-0.00933581 	0.0118605 	-0.00525177
0.0544489 	-0.009006 	0.0120875 	-0.00561128
0.0548898 	-0.00867619 	0.0123145 	-0.00597079
0.0553307 	-0.00842768 	0.0124768 	-0.00627215
0.0557715 	-0.00819686 	0.0126254 	-0.00656444
0.0562124 	-0.00796604 	0.012774 	-0.00685674
0.0566533 	-0.00811284 	0.0130813 	-0.00715004
0.0570942 	-0.00830555 	0.0134079 	-0.00744346
0.0575351 	-0.00849827 	0.0137346 	-0.00773689
0.057976 	-0.00869098 	0.0140612 	-0.00803031
0.0584168 	-0.00888369 	0.0143878 	-0.00832373
0.0588577 	-0.0090764 	0.0147144 	-0.00861716
0.0592986 	-0.00913955 	0.0150353 	-0.00884609
0.0597395 	-0.00919946 	0.0153604 	-0.00906699
0.0601804 	-0.00925937 	0.0156855 	-0.00928789
0.0606212 	-0.00931928 	0.0160106 	-0.00950879
0.0610621 	-0.00937919 	0.0163357 	-0.00972969
0.061503 	-0.0094391 	0.0166608 	-0.00995059
0.0619439 	-0.0093074 	0.0167799 	-0.0100966
0.0623848 	-0.00916301 	0.0168854 	-0.0102376
0.0628257 	-0.00901862 	0.0169909 	-0.0103786
0.0632665 	-0.00898842 	0.0169581 	-0.0103766
0.0637074 	-0.00896397 	0.0169167 	-0.0103674
0.0641483 	-0.00893952 	0.0168752 	-0.0103581
0.0645892 	-0.00895119 	0.0170268 	-0.0104565
0.0650301 	-0.00896329 	0.0171809 	-0.0105561
0.0654709 	-0.00897539 	0.0173349 	-0.0106557
0.0659118 	-0.00898749 	0.0174889 	-0.0107553
0.0663527 	-0.00899959 	0.0176429 	-0.0108549
0.0667936 	-0.00900781 	0.0177635 	-0.0109491
0.0672345 	-0.00898811 	0.0176283 	-0.0110018
0.0681162 	-0.00894875 	0.0173581 	-0.0111071
0.0685571 	-0.00892909 	0.0172231 	-0.0111598
0.068998 	-0.00890942 	0.017088 	-0.0112124
0.0694389 	-0.00889508 	0.0169554 	-0.0112548
0.0698798 	-0.00896207 	0.0168601 	-0.011141
0.0703206 	-0.00902906 	0.0167648 	-0.0110272
0.0707615 	-0.00909605 	0.0166695 	-0.0109133
0.0712024 	-0.00916305 	0.0165741 	-0.0107995
0.0716433 	-0.00923004 	0.0164788 	-0.0106856
0.0720842 	-0.00929703 	0.0163835 	-0.0105718
0.0725251 	-0.00936402 	0.0162882 	-0.0104579
0.0729659 	-0.00943101 	0.0161929 	-0.0103441
0.0734068 	-0.009498 	0.0160976 	-0.0102302
0.0738477 	-0.00956499 	0.0160022 	-0.0101164
0.0742886 	-0.00963198 	0.0159069 	-0.0100025
0.0747295 	-0.00969761 	0.0158173 	-0.00988126
0.0751703 	-0.00974619 	0.0157759 	-0.0096843
0.0756112 	-0.00979477 	0.0157346 	-0.00948733
0.0760521 	-0.00984335 	0.0156932 	-0.00929036
0.076493 	-0.00989193 	0.0156519 	-0.0090934
0.0778156 	-0.0100378 	0.0155289 	-0.00850289
0.0782565 	-0.0100864 	0.0154881 	-0.00830609
0.0786974 	-0.010135 	0.0154472 	-0.00810929
0.0791383 	-0.0101837 	0.0154064 	-0.0079125
0.0795792 	-0.0102381 	0.0153724 	-0.00772583
0.08002 	-0.0103654 	0.0154246 	-0.00766605
0.0804609 	-0.0104927 	0.0154768 	-0.00760626
0.0809018 	-0.0106199 	0.0155291 	-0.00754647
0.0813427 	-0.0107472 	0.0155813 	-0.00748669
0.0817836 	-0.0108745 	0.0156335 	-0.0074269
0.0822244 	-0.0110349 	0.0156547 	-0.00732602
0.0826653 	-0.0112245 	0.0156556 	-0.00719529
0.0831062 	-0.0114141 	0.0156565 	-0.00706456
0.0835471 	-0.0116037 	0.0156574 	-0.00693383
0.083988 	-0.0117933 	0.0156583 	-0.0068031
0.0844289 	-0.0119829 	0.0156592 	-0.00667238
0.0848697 	-0.0120169 	0.0155607 	-0.00643941
0.0853106 	-0.0120489 	0.0154609 	-0.0062051
0.0857515 	-0.012081 	0.0153612 	-0.0059708
0.0861924 	-0.012113 	0.0152614 	-0.0057365
0.0866333 	-0.012145 	0.0151617 	-0.0055022
0.0870741 	-0.012177 	0.0150619 	-0.00526789
0.100301 	-0.0135641 	0.011054 	0.00282012
0.108677 	-0.00885052 	0.00596299 	0.00653327
0.109118 	-0.00806191 	0.00552618 	0.00663537
0.109559 	-0.0072733 	0.00508937 	0.00673746
0.11 	-0.0064847 	0.00465256 	0.00683955
