-0.11 	0.0119621 	-0.00146299 	0.00337842
-0.109559 	0.0123471 	-0.00164488 	0.00327481
-0.109118 	0.012732 	-0.00182677 	0.0031712
-0.108677 	0.013117 	-0.00200866 	0.0030676
-0.108236 	0.013502 	-0.00219055 	0.00296399
-0.107796 	0.0139021 	-0.00238572 	0.00283225
-0.107355 	0.0143063 	-0.00258442 	0.00269301
-0.106914 	0.0146052 	-0.00276342 	0.0024898
-0.106473 	0.0147945 	-0.00292145 	0.0022193
-0.106032 	0.0149838 	-0.00307949 	0.00194881
-0.105591 	0.0151506 	-0.00322371 	0.00171788
-0.10515 	0.0153124 	-0.00336493 	0.00149558
-0.104709 	0.0154743 	-0.00350615 	0.00127328
-0.104269 	0.0156361 	-0.00364737 	0.00105097
-0.103828 	0.0157979 	-0.00378858 	0.000828671
-0.103387 	0.0159297 	-0.00390601 	0.000587656
-0.102946 	0.0160258 	-0.00399498 	0.000324733
-0.102505 	0.0161219 	-0.00408395 	6.18101e-05
-0.102064 	0.016218 	-0.00417292 	-0.000201113
-0.101623 	0.0163141 	-0.00426189 	-0.000464036
-0.101182 	0.0164128 	-0.00435353 	-0.000734195
-0.100741 	0.0165271 	-0.00446103 	-0.00104732
-0.100301 	0.0166414 	-0.00456856 	-0.00136046
-0.0998597 	0.0167123 	-0.00464089 	-0.00166155
-0.0994188 	0.016739 	-0.00467729 	-0.00195034
-0.098978 	0.0167657 	-0.00471369 	-0.00223913
-0.0985371 	0.0167881 	-0.00474062 	-0.00246507
-0.0980962 	0.0168098 	-0.00476617 	-0.00268191
-0.0976553 	0.0168316 	-0.00479173 	-0.00289875
-0.0972144 	0.0168533 	-0.00481728 	-0.0031156
-0.0967735 	0.0168751 	-0.00484284 	-0.00333244
-0.0963327 	0.0168432 	-0.00478577 	-0.00349957
-0.0958918 	0.0167787 	-0.00467844 	-0.00363607
-0.0954509 	0.0167141 	-0.0045711 	-0.00377256
-0.09501 	0.0166496 	-0.00446377 	-0.00390906
-0.0945691 	0.0165851 	-0.00435644 	-0.00404555
-0.0941283 	0.0165236 	-0.00428339 	-0.00420864
-0.0936874 	0.0164677 	-0.00427171 	-0.00441935
-0.0932465 	0.0164118 	-0.00426003 	-0.00463005
-0.0928056 	0.0163559 	-0.00424836 	-0.00484076
-0.0923647 	0.0163 	-0.00423668 	-0.00505146
-0.0919238 	0.0162441 	-0.004225 	-0.00526216
-0.091483 	0.0161882 	-0.00421332 	-0.00547287
-0.0531263 	0.0129163 	0.00789924 	0.0129317
-0.0526854 	0.0134339 	0.00749416 	0.0124057
-0.0522445 	0.0143205 	0.00730135 	0.0111914
-0.0518036 	0.0160422 	0.0066728 	0.00974886
-0.0509218 	0.0274474 	-0.00272267 	0.00154194
-0.050481 	0.0416928 	-0.0018129 	0.00069916
-0.0500401 	0.0592953 	-0.00120294 	-0.000419911
-0.0376954 	0.0319745 	0.0021388 	0.000333899
-0.0372545 	0.0174263 	0.00622766 	0.000231526
-0.0368136 	0.0127715 	0.00549849 	0.00122959
-0.0363727 	0.00974267 	0.00449073 	0.00230175
-0.0359319 	0.010587 	0.00305043 	0.00374595
-0.035491 	0.0110137 	0.00135033 	0.00512869
-0.0350501 	0.0117013 	0.000170384 	0.00645635
-0.0346092 	0.0128175 	-0.000611649 	0.00786001
-0.0341683 	0.0130792 	-0.00136098 	0.00842426
-0.0337275 	0.0134095 	-0.00202273 	0.00891226
-0.0332866 	0.0134794 	-0.00269471 	0.00914897
-0.0328457 	0.0135395 	-0.00342479 	0.00934124
0.00507014 	-0.00498949 	-4.25406e-05 	7.28585e-05
0.00551102 	-0.00367907 	-4.09933e-05 	0.000374676
0.0059519 	-0.00236864 	-3.9446e-05 	0.000676493
0.00639279 	-0.00142618 	-0.000162256 	0.00106458
0.00683367 	-0.000864737 	-0.000413831 	0.001542
0.00727455 	-0.00030329 	-0.000665406 	0.00201943
0.00771543 	0.000258158 	-0.000916981 	0.00249685
0.00815631 	0.000819605 	-0.00116856 	0.00297427
0.00859719 	0.00130291 	-0.00128716 	0.00338672
0.00903808 	0.00130421 	-0.00071596 	0.00308308
0.00947896 	0.00130261 	-0.000160558 	0.00277786
0.00991984 	0.001301 	0.000394845 	0.00247265
0.0103607 	0.0012994 	0.000950248 	0.00216744
0.0108016 	0.00129779 	0.00150565 	0.00186223
0.0112425 	0.0010731 	0.00183003 	0.00151787
0.0116834 	0.000789116 	0.00209299 	0.0011631
0.0121242 	0.000434488 	0.00231409 	0.000800308
0.0125651 	-0.000101213 	0.0023146 	0.000463816
0.013006 	-0.000636913 	0.00231511 	0.000127324
0.0134469 	-0.00110408 	0.00245998 	-0.000263903
0.0138878 	-0.00149474 	0.00276601 	-0.000716243
0.0143287 	-0.00188539 	0.00307205 	-0.00116858
0.0147695 	-0.00227604 	0.00337808 	-0.00162092
0.0152104 	-0.00266669 	0.00368412 	-0.00207326
0.0156513 	-0.00308387 	0.00393891 	-0.00248562
0.0160922 	-0.00374352 	0.00401441 	-0.00257992
0.0165331 	-0.00440317 	0.0040899 	-0.00267422
0.0169739 	-0.00506282 	0.00416539 	-0.00276851
0.0174148 	-0.00572247 	0.00424089 	-0.00286281
0.0178557 	-0.00638212 	0.00431638 	-0.00295711
0.0182966 	-0.00695761 	0.00431487 	-0.00301843
0.0187375 	-0.00748464 	0.00426902 	-0.00306075
0.0191784 	-0.00801168 	0.00422316 	-0.00310308
0.0196192 	-0.0084181 	0.0042275 	-0.00313565
0.0200601 	-0.00876988 	0.00424333 	-0.00320417
0.020501 	-0.00918455 	0.0042531 	-0.00323944
0.0209419 	-0.00995172 	0.00422894 	-0.00308838
0.0213828 	-0.0107189 	0.00420478 	-0.00293732
0.0218236 	-0.0114861 	0.00418062 	-0.00278626
0.0222645 	-0.0122532 	0.00415646 	-0.0026352
0.0227054 	-0.0130204 	0.0041323 	-0.00248414
0.0231463 	-0.0134831 	0.00394885 	-0.00250846
0.0235872 	-0.0138216 	0.00370767 	-0.00262739
0.0240281 	-0.0141602 	0.00346649 	-0.00274632
0.0244689 	-0.0144987 	0.00322531 	-0.00286525
0.0249098 	-0.0148373 	0.00298413 	-0.00298418
0.0253507 	-0.0151752 	0.00277121 	-0.00312353
0.0257916 	-0.0155071 	0.00283288 	-0.00346126
0.0262325 	-0.015839 	0.00289455 	-0.003799
0.0266733 	-0.0162677 	0.00289921 	-0.00413371
0.0271142 	-0.0169864 	0.00278509 	-0.00441187
0.0275551 	-0.0177052 	0.00267097 	-0.00469002
0.027996 	-0.0181295 	0.00250089 	-0.00507571
0.0284369 	-0.0182891 	0.00228052 	-0.00555803
0.0288778 	-0.0184487 	0.00206016 	-0.00604036
0.0293186 	-0.0186084 	0.00183979 	-0.00652268
0.0297595 	-0.018768 	0.00161942 	-0.00700501
0.0302004 	-0.0189276 	0.00139905 	-0.00748733
0.0306413 	-0.0194145 	0.00125898 	-0.00779792
0.0310822 	-0.0199015 	0.00111669 	-0.00809724
0.031523 	-0.0203885 	0.000974389 	-0.00839656
0.0319639 	-0.0208756 	0.000832092 	-0.00869588
0.0324048 	-0.0213626 	0.000689794 	-0.0089952
0.0328457 	-0.0219481 	0.000443046 	-0.00914135
0.0332866 	-0.0227198 	-1.41095e-06 	-0.00899756
0.0337275 	-0.0234915 	-0.000445868 	-0.00885376
0.0341683 	-0.0239139 	-0.000870941 	-0.00858507
0.0346092 	-0.024032 	-0.00127646 	-0.00821597
0.0350501 	-0.0241501 	-0.00168198 	-0.00784688
0.035491 	-0.0244047 	-0.00201387 	-0.00754652
0.0359319 	-0.0247004 	-0.00232362 	-0.00726684
0.0363727 	-0.0249961 	-0.00263337 	-0.00698716
0.0368136 	-0.0252917 	-0.00294311 	-0.00670748
0.0372545 	-0.0255874 	-0.00325286 	-0.0064278
0.0376954 	-0.0257355 	-0.00354667 	-0.00610048
0.0381363 	-0.0253886 	-0.00379026 	-0.00561461
0.0385772 	-0.0250418 	-0.00403385 	-0.00512874
0.039018 	-0.024695 	-0.00427744 	-0.00464287
0.0394589 	-0.0243482 	-0.00452102 	-0.004157
0.0398998 	-0.0240013 	-0.00476461 	-0.00367114
0.0403407 	-0.0235677 	-0.00489004 	-0.00333802
0.0407816 	-0.0231114 	-0.00498444 	-0.00304501
0.0412224 	-0.0226465 	-0.00506497 	-0.0027458
0.0416633 	-0.0221667 	-0.00499689 	-0.00238688
0.0421042 	-0.0216868 	-0.00492881 	-0.00202796
0.0425451 	-0.021178 	-0.00491475 	-0.00161322
0.042986 	-0.0206393 	-0.00495651 	-0.00114081
0.0434269 	-0.0201005 	-0.00499827 	-0.000668396
0.0438677 	-0.0195618 	-0.00504002 	-0.000195984
0.0443086 	-0.0190231 	-0.00508178 	0.000276427
0.0447495 	-0.0185172 	-0.00509778 	0.000749249
0.0451904 	-0.0180689 	-0.00507132 	0.00121868
0.0456313 	-0.0176205 	-0.00504485 	0.00168812
0.0460721 	-0.0171721 	-0.00501839 	0.00215756
0.046513 	-0.0167237 	-0.00499193 	0.00262699
0.0469539 	-0.0162956 	-0.00495846 	0.00308162
0.0473948 	-0.0158883 	-0.00491782 	0.00352107
0.0478357 	-0.0154762 	-0.00486752 	0.00392965
0.0482766 	-0.0150777 	-0.00456714 	0.00371817
0.0487174 	-0.0146792 	-0.00426677 	0.00350668
0.0491583 	-0.0140838 	-0.00414499 	0.00345011
0.0495992 	-0.0133895 	-0.00411277 	0.00347122
0.0500401 	-0.0126953 	-0.00408055 	0.00349234
0.050481 	-0.012001 	-0.00404832 	0.00351345
0.0509218 	-0.0113068 	-0.0040161 	0.00353457
0.0513627 	-0.0109503 	-0.00372282 	0.0030383
0.0518036 	-0.0106946 	-0.00338549 	0.00243732
0.0522445 	-0.0104389 	-0.00304817 	0.00183635
0.0526854 	-0.0101831 	-0.00271084 	0.00123537
0.0531263 	-0.00992742 	-0.00237352 	0.000634396
0.0535671 	-0.0096717 	-0.00203619 	3.34197e-05
0.054008 	-0.00967491 	-0.00144076 	-0.000848661
0.0544489 	-0.00972044 	-0.000803151 	-0.00177668
0.0548898 	-0.00976596 	-0.000165542 	-0.00270469
0.0553307 	-0.010159 	0.00050678 	-0.00359442
0.0557715 	-0.0105756 	0.00117353 	-0.00445538
0.0562124 	-0.0109921 	0.00184028 	-0.00531634
0.0566533 	-0.0113252 	0.00248802 	-0.00610537
0.0570942 	-0.0116481 	0.00313345 	-0.00688566
0.0575351 	-0.011971 	0.00377888 	-0.00766594
0.057976 	-0.0122939 	0.00442431 	-0.00844623
0.0584168 	-0.0126168 	0.00506974 	-0.00922651
0.0588577 	-0.0129397 	0.00571517 	-0.0100068
0.0592986 	-0.0132846 	0.00639583 	-0.0105293
0.0597395 	-0.0136308 	0.00708117 	-0.0110198
0.0601804 	-0.013977 	0.00776651 	-0.0115103
0.0606212 	-0.0143233 	0.00845184 	-0.0120008
0.0610621 	-0.0146695 	0.00913718 	-0.0124913
0.061503 	-0.0150157 	0.00982251 	-0.0129818
0.0619439 	-0.0153743 	0.0103387 	-0.0132639
0.0623848 	-0.0157337 	0.0108437 	-0.0135323
0.0628257 	-0.016093 	0.0113487 	-0.0138007
0.0632665 	-0.0163056 	0.0114292 	-0.0135651
0.0637074 	-0.0165107 	0.0114867 	-0.0133046
0.0641483 	-0.0167158 	0.0115442 	-0.013044
0.0645892 	-0.0169846 	0.0119318 	-0.0131614
0.0650301 	-0.0172541 	0.0123234 	-0.0132833
0.0654709 	-0.0175237 	0.012715 	-0.0134053
0.0659118 	-0.0177932 	0.0131066 	-0.0135272
0.0663527 	-0.0180628 	0.0134982 	-0.0136491
0.0667936 	-0.0183255 	0.0138434 	-0.0137396
0.0672345 	-0.0185361 	0.0138314 	-0.0135891
0.0681162 	-0.0189573 	0.0138076 	-0.0132883
0.0685571 	-0.019168 	0.0137957 	-0.0131379
0.068998 	-0.0193786 	0.0137838 	-0.0129875
0.0694389 	-0.0195815 	0.013755 	-0.0128233
0.0698798 	-0.0196661 	0.013466 	-0.0124478
0.0703206 	-0.0197506 	0.0131771 	-0.0120722
0.0707615 	-0.0198352 	0.0128882 	-0.0116967
0.0712024 	-0.0199197 	0.0125993 	-0.0113211
0.0716433 	-0.0200042 	0.0123103 	-0.0109456
0.0720842 	-0.0200888 	0.0120214 	-0.01057
0.0725251 	-0.0201733 	0.0117325 	-0.0101945
0.0729659 	-0.0202579 	0.0114435 	-0.00981894
0.0734068 	-0.0203424 	0.0111546 	-0.00944339
0.0738477 	-0.020427 	0.0108657 	-0.00906785
0.0742886 	-0.0205115 	0.0105768 	-0.0086923
0.0747295 	-0.0205955 	0.0102914 	-0.00832503
0.0751703 	-0.0206716 	0.0100464 	-0.00803848
0.0756112 	-0.0207478 	0.0098014 	-0.00775193
0.0760521 	-0.0208239 	0.00955638 	-0.00746538
0.076493 	-0.0209 	0.00931136 	-0.00717883
0.0778156 	-0.0211291 	0.0085772 	-0.00631978
0.0782565 	-0.0212055 	0.00833256 	-0.00603349
0.0786974 	-0.0212819 	0.00808793 	-0.0057472
0.0791383 	-0.0213584 	0.0078433 	-0.00546091
0.0795792 	-0.0214397 	0.00760681 	-0.00518015
0.08002 	-0.0215824 	0.00747235 	-0.00496853
0.0804609 	-0.021725 	0.00733788 	-0.00475692
0.0809018 	-0.0218677 	0.00720341 	-0.00454531
0.0813427 	-0.0220104 	0.00706895 	-0.00433369
0.0817836 	-0.022153 	0.00693448 	-0.00412208
0.0822244 	-0.0222253 	0.00674456 	-0.00381371
0.0826653 	-0.0222467 	0.00651721 	-0.0034361
0.0831062 	-0.0222681 	0.00628986 	-0.0030585
0.0835471 	-0.0222895 	0.00606251 	-0.00268089
0.083988 	-0.0223109 	0.00583516 	-0.00230328
0.0844289 	-0.0223323 	0.00560781 	-0.00192567
0.0848697 	-0.0223134 	0.00544473 	-0.00158883
0.0853106 	-0.022294 	0.00528249 	-0.00125252
0.0857515 	-0.0222745 	0.00512025 	-0.000916215
0.0861924 	-0.0222551 	0.00495802 	-0.000579907
0.0866333 	-0.0222356 	0.00479578 	-0.000243598
0.0870741 	-0.0222162 	0.00463354 	9.27102e-05
0.100301 	-0.0158116 	0.000557387 	0.0120374
0.108677 	-0.00616074 	-0.000655675 	0.0163411
0.109118 	-0.00547216 	-0.000736642 	0.0162212
0.109559 	-0.00478358 	-0.000817609 	0.0161013
0.11 	-0.00409499 	-0.000898576 	0.0159814
