/*--------------------------------*- C++ -*----------------------------------*\
| =========                 |                                                 |
| \\      /  F ield         | OpenFOAM: The Open Source CFD Toolbox           |
|  \\    /   O peration     | Version:  2206                                  |
|   \\  /    A nd           | Website:  www.openfoam.com                      |
|    \\/     M anipulation  |                                                 |
\*---------------------------------------------------------------------------*/
FoamFile
{
    version     2.0;
    format      ascii;
    arch        "LSB;label=64;scalar=64";
    class       volScalarField;
    location    "1.2/solid";
    object      T;
}
// * * * * * * * * * * * * * * * * * * * * * * * * * * * * * * * * * * * * * //

dimensions      [0 0 0 1 0 0 0];

internalField   nonuniform List<scalar> 
500
(
1106.15853698
1106.05347027
1105.78535377
1105.34622658
1104.73149138
1103.9400909
1102.96851698
1101.80964347
1100.46627348
1099.01851815
1107.58122022
1107.44054759
1107.14863881
1106.69794887
1106.08457035
1105.30768074
1104.368764
1103.27186885
1102.02682861
1100.66495499
1108.78344062
1108.63518191
1108.33604022
1107.88333449
1107.2756479
1106.51323021
1105.59806616
1104.53378276
1103.3259951
1101.99091511
1109.79194377
1109.64278441
1109.34384536
1108.89447788
1108.29452598
1107.5446192
1106.64621432
1105.60120582
1104.41155281
1103.08712945
1110.63634955
1110.48845233
1110.19255931
1109.74862923
1109.15684
1108.417694
1107.53196876
1106.5002268
1105.32216334
1104.00426417
1111.34402724
1111.19803084
1110.90603479
1110.46807359
1109.884249
1109.15474403
1108.27973991
1107.25889559
1106.09040426
1104.77777662
1111.9385565
1111.79459948
1111.50665205
1111.0746539
1110.49850221
1109.77803541
1108.91295502
1107.9022933
1106.74309227
1105.4362204
1112.43980003
1112.29788277
1112.01395485
1111.58782451
1111.01917081
1110.30752047
1109.45218831
1108.45174042
1107.30224402
1106.00150666
1112.86427142
1112.72438138
1112.44444952
1112.02416249
1111.46300796
1110.7602498
1109.91488979
1108.92513406
1107.78617461
1106.49281045
1113.22562941
1113.08777689
1112.81187313
1112.39750775
1111.84401653
1111.1504553
1110.31558695
1109.33736929
1108.21021088
1106.92516987
1113.53515967
1113.39937909
1113.12758576
1112.71929967
1112.17374562
1111.48982507
1110.66613439
1109.70050806
1108.58672292
1107.31194991
1113.80218971
1113.66852911
1113.40095513
1112.99894386
1112.46164742
1111.78786137
1110.97607656
1110.02411532
1108.92529732
1107.66218916
1114.03442712
1113.90293592
1113.63969106
1113.24414692
1112.71541651
1112.05223393
1111.25304695
1110.31580655
1109.23365679
1107.98440835
1114.23822744
1114.10894672
1113.8501216
1113.4612021
1112.94128841
1112.28908589
1111.5030364
1110.58131082
1109.51716282
1108.28324356
1114.41880457
1114.29176136
1114.03741611
1113.65522685
1113.1442995
1112.50333206
1111.73077744
1110.82508187
1109.77991155
1108.56302721
1114.5803984
1114.45560384
1114.20576491
1113.83035642
1113.32850403
1112.69891687
1111.94008046
1111.05080087
1110.02558456
1108.82720498
1114.72641359
1114.60386366
1114.35852579
1113.98989734
1113.49713264
1112.87896099
1112.13389567
1111.26110931
1110.25632181
1109.07803309
1114.85953927
1114.73921684
1114.49834796
1114.13645698
1113.65273375
1113.04593424
1112.31458991
1111.45822286
1110.47413175
1109.31715005
1114.98185634
1114.86373277
1114.62727767
1114.27204676
1113.79727252
1113.20174618
1112.48401163
1111.64391154
1110.68070447
1109.54667305
1115.09493656
1114.97897274
1114.74685528
1114.39817569
1113.93221672
1113.34781478
1112.64351815
1111.81941925
1110.87701965
1109.76932868
1115.19993296
1115.08608033
1114.85820533
1114.51593961
1114.05862429
1113.485154
1112.79408519
1111.98570194
1111.06397261
1109.98654925
1115.29765787
1115.18585942
1114.9621146
1114.62609907
1114.17721944
1113.61444062
1112.93632832
1112.14326525
1111.2417126
1110.196843
1115.38864501
1115.27883618
1115.05909393
1114.72914124
1114.28845669
1113.73608715
1113.07061267
1112.29241503
1111.41034529
1110.39960664
1115.47319324
1115.36530262
1115.14942131
1114.82532253
1114.39256294
1113.85028459
1113.19709507
1112.43328112
1111.56987388
1110.59515399
1115.55139006
1115.44534001
1115.23316501
1114.91469029
1114.48955522
1113.95700833
1113.31569608
1112.56569275
1111.71977083
1110.78397168
1115.62311281
1115.51882025
1115.31018531
1114.99708538
1114.57924421
1114.0560254
1113.42613543
1112.6893583
1111.85944847
1110.96663701
1115.68800547
1115.58538281
1115.38011223
1115.07212228
1114.66122075
1114.14689056
1113.5279133
1112.80371419
1111.98775344
1111.14191643
1115.74542999
1115.64438546
1115.44229479
1115.13913614
1114.73479967
1114.22889034
1113.62028413
1112.90805221
1112.10408019
1111.27814705
1115.79439224
1115.69482947
1115.49572485
1115.19710402
1114.79893717
1114.30095336
1113.70214434
1113.00127567
1112.20845743
1111.39109182
1115.83344315
1115.73526028
1115.53893642
1115.24454166
1114.85212237
1114.36153118
1113.7718928
1113.08171921
1112.29936645
1111.48891989
1115.86055534
1115.76364434
1115.56988271
1115.27938016
1114.89225265
1114.40847237
1113.82731204
1113.14708497
1112.37443349
1111.5703269
1115.8729759
1115.7772231
1115.58579281
1115.29882723
1114.91650173
1114.43889945
1113.86545188
1113.19433023
1112.43051883
1111.63122408
1115.8670557
1115.77234414
1115.58300663
1115.29920821
1114.92116857
1114.44906411
1113.8824819
1113.2194919
1112.46348229
1111.66836536
1115.83805807
1115.74427151
1115.55678932
1115.27578866
1114.90151568
1114.43421625
1113.87361689
1113.21770254
1112.46826874
1111.67550815
1115.77995367
1115.68698115
1115.50112782
1115.22257314
1114.85157284
1114.38841757
1113.83295186
1113.18308217
1112.43901244
1111.64767758
1115.68521526
1115.59295446
1115.40852188
1115.13209147
1114.76391449
1114.30430452
1113.75320487
1113.10845247
1112.36863272
1111.57695147
1115.54463339
1115.4529924
1115.26979445
1114.99520292
1114.62945473
1114.17287024
1113.62547871
1112.98505999
1112.24849829
1111.45535359
1115.34717853
1115.2560758
1115.07394846
1114.80094678
1114.43728766
1113.98328737
1113.43905683
1112.80235961
1112.06835147
1111.27224534
1115.0799371
1114.98929972
1114.80809744
1114.53646757
1114.17460503
1113.72281527
1113.18129006
1112.54782692
1111.81581876
1111.01586739
1114.72814936
1114.63790958
1114.45749854
1114.18704354
1113.82672026
1113.37682289
1112.83763129
1112.2070481
1111.47667793
1110.67127967
1114.27537389
1114.18546412
1114.00571211
1113.736241
1113.37721454
1112.92892122
1112.39174364
1111.76379196
1111.03496919
1110.22343989
1113.70379818
1113.61414421
1113.43490709
1113.16621419
1112.80822874
1112.36124357
1111.82576005
1111.2002087
1110.47293426
1109.65390102
1112.99470586
1112.90521861
1112.72632355
1112.45816319
1112.10091595
1111.65489531
1111.12074278
1110.49734063
1109.77171376
1108.94411955
1112.12909908
1112.03966521
1111.86089159
1111.59294838
1111.23604818
1110.79054583
1110.25724516
1109.63562106
1108.91175166
1108.07395185
1111.08845904
1110.99893209
1110.81999296
1110.55185216
1110.1947763
1109.74918396
1109.21606198
1108.59562729
1107.87356004
1107.0235902
1109.85561106
1109.76580688
1109.5863393
1109.31746917
1108.95953121
1108.5130207
1107.97911206
1107.35891336
1106.63854923
1105.77355873
1108.41565183
1108.32535393
1108.1449327
1107.87470509
1107.51506836
1107.0665629
1106.53047395
1105.9088402
1105.18939917
1104.30493635
1106.75689886
1106.66586925
1106.48405167
1106.21182849
1105.84961573
1105.39785747
1104.85764522
1104.23156935
1103.51014976
1102.60070604
1104.87174449
1104.77967184
1104.59603502
1104.32131328
1103.95584464
1103.4996767
1102.95302094
1102.31773633
1101.58685534
1100.6581602
1102.75683754
1102.66275553
1102.47678798
1102.19938774
1101.8306603
1101.37006082
1100.81632
1100.16825367
1099.41760355
1098.46808691
)
;

boundaryField
{
    symmetric
    {
        type            symmetry;
    }
    emptyPatch
    {
        type            empty;
    }
    solid_to_water
    {
        type            compressible::turbulentTemperatureTwoPhaseRadCoupledMixed;
        refValue        nonuniform List<scalar> 
70
(
341.885012182
346.232478362
348.600630247
349.45021885
349.2655381
348.587233776
347.067068651
344.376853206
340.537152631
337.338179394
342.773000126
344.380028497
345.581169577
345.123289278
346.082514891
345.142206552
346.122251926
345.092134755
346.08006635
345.084731574
346.167080611
345.13688692
346.080229741
345.187139235
345.966291218
345.231983027
345.500286974
344.897845899
343.337554331
340.532466431
338.543027054
337.114857544
336.067025812
335.547042423
335.713858814
337.761655711
352.023650255
404.906720877
427.427965914
428.405758659
444.061157353
437.148417929
449.326046616
440.174974264
450.922217553
441.177147693
450.098035649
441.141466158
448.408843419
440.797225771
446.808380444
440.780722342
444.918913364
441.318998185
443.286692936
441.205505584
435.64435627
392.443830131
350.835509801
334.240941648
334.341417873
334.396634853
334.446875407
334.499283167
334.547382774
334.588229387
334.829936794
334.924999951
341.329346415
335.009310473
)
;
        refGradient     uniform 0;
        valueFraction   nonuniform List<scalar> 
70
(
0.00133967583984
0.00116495298917
0.00108514299704
0.00105409975667
0.00105162797195
0.00106195688928
0.00109893129518
0.00118284326581
0.00134465535702
0.00150772380371
0.000926755174074
0.000929933367842
0.000916709827017
0.000931337762706
0.000911696679699
0.000932362234504
0.000910614012177
0.00093300891292
0.00091091990832
0.000933054557159
0.000909306792643
0.000932641728759
0.000912372439516
0.000933007152537
0.000916899650374
0.000933766882075
0.000927210417564
0.000935043148611
0.000951851123137
0.000986874737156
0.000993529088803
0.000983344679663
0.000969029685975
0.000960627834836
0.00096358834449
0.000987598866519
0.000839443265332
0.000502150992275
0.000474930952472
0.000501887053437
0.000471483755842
0.000500910445409
0.000472255665873
0.000500918308108
0.000473321328338
0.000501043417525
0.000476890134306
0.000501853702902
0.000481780892429
0.000503274210641
0.000486499595609
0.000503817027055
0.000492776393917
0.000504270196078
0.000499564139511
0.000504113099385
0.000505040573804
0.000621884756336
0.000917571107053
0.00152404601609
0.00152967948179
0.00153224644397
0.00153444583022
0.00153651208022
0.00153804201649
0.00153915826781
0.00154899033024
0.00154888703158
0.000986333803153
0.00154783636357
)
;
        source          uniform 0;
        value           nonuniform List<scalar> 
70
(
1105.13772746
1105.17109909
1104.96620954
1104.55185965
1103.93943457
1103.14038602
1102.14042796
1100.91651911
1099.44701497
1097.87188628
1098.31943644
1099.96315083
1101.29875546
1102.38261331
1103.31434054
1104.07086006
1104.74578843
1105.29291135
1105.80117609
1106.21573547
1106.62096076
1106.95257796
1107.29063764
1107.5730729
1107.86551693
1108.1163137
1108.37225092
1108.60491183
1108.82035003
1109.01396426
1109.22428952
1109.44101448
1109.65376391
1109.85535129
1110.04224988
1110.20885177
1110.50873491
1110.9224536
1111.06477205
1111.14500212
1111.25407701
1111.29231718
1111.35411938
1111.33816024
1111.33356813
1111.24012605
1111.13867977
1110.93505427
1110.69545501
1110.33329705
1109.89957923
1109.31605646
1108.61585934
1107.73682132
1106.69097439
1105.43749391
1103.96611653
1102.15963489
1099.97507395
1101.5872119
1101.4890984
1101.30152696
1101.02293816
1100.65327177
1100.19228003
1099.63858494
1098.98443716
1098.2359806
1097.72685946
1097.29193861
)
;
        kappaMethod     solidThermo;
        Tnbr            T.liquid;
        region          solid;
        otherPhase      gas;
    }
}


// ************************************************************************* //
