-0.11 	0.00451009 	4.16931e-05 	0.00506299
-0.109559 	0.0048511 	5.68267e-05 	0.00539708
-0.109118 	0.00519211 	7.19603e-05 	0.00573116
-0.108677 	0.00553312 	8.70939e-05 	0.00606525
-0.108236 	0.00587412 	0.000102227 	0.00639934
-0.107796 	0.00620588 	0.000107844 	0.00675222
-0.107355 	0.00653516 	0.000110923 	0.00711012
-0.106914 	0.00679987 	0.000109092 	0.00739449
-0.106473 	0.00699671 	0.000101526 	0.00760142
-0.106032 	0.00719355 	9.39603e-05 	0.00780834
-0.105591 	0.00743201 	0.000105347 	0.00800832
-0.10515 	0.00767955 	0.000120866 	0.0082068
-0.104709 	0.00792709 	0.000136386 	0.00840527
-0.104269 	0.00817464 	0.000151905 	0.00860374
-0.103828 	0.00842218 	0.000167425 	0.00880221
-0.103387 	0.00866421 	0.000179635 	0.00894669
-0.102946 	0.00889986 	0.000188002 	0.00902698
-0.102505 	0.00913552 	0.000196369 	0.00910727
-0.102064 	0.00937117 	0.000204735 	0.00918756
-0.101623 	0.00960683 	0.000213102 	0.00926784
-0.101182 	0.00983578 	0.00021794 	0.0093485
-0.100741 	0.0100249 	0.000201826 	0.00943136
-0.100301 	0.010214 	0.000185711 	0.00951422
-0.0998597 	0.0104014 	0.000170124 	0.00951323
-0.0994188 	0.0105869 	0.000155087 	0.00942671
-0.098978 	0.0107723 	0.000140049 	0.00934018
-0.0985371 	0.0109577 	0.000134859 	0.00928064
-0.0980962 	0.0111431 	0.000131093 	0.00922499
-0.0976553 	0.0113285 	0.000127327 	0.00916935
-0.0972144 	0.0115139 	0.000123561 	0.00911371
-0.0967735 	0.0116993 	0.000119795 	0.00905807
-0.0963327 	0.011901 	9.00647e-05 	0.00887475
-0.0958918 	0.0121128 	4.44943e-05 	0.00861394
-0.0954509 	0.0123246 	-1.07609e-06 	0.00835314
-0.09501 	0.0125364 	-4.66465e-05 	0.00809233
-0.0945691 	0.0127482 	-9.22169e-05 	0.00783153
-0.0941283 	0.0129499 	-0.000138637 	0.00757757
-0.0936874 	0.0131336 	-0.000186578 	0.00733587
-0.0932465 	0.0133173 	-0.000234519 	0.00709417
-0.0928056 	0.013501 	-0.000282461 	0.00685248
-0.0923647 	0.0136847 	-0.000330402 	0.00661078
-0.0919238 	0.0138684 	-0.000378343 	0.00636908
-0.091483 	0.0140521 	-0.000426284 	0.00612738
-0.0531263 	0.0190495 	0.00384137 	0.00234186
-0.0526854 	0.0187191 	0.00408519 	0.00312204
-0.0522445 	0.0183356 	0.00480413 	0.00403167
-0.0518036 	0.0188978 	0.00495722 	0.00421874
-0.0509218 	0.0274998 	0.00153883 	-0.000487275
-0.050481 	0.0413375 	0.000424109 	-0.000848298
-0.0500401 	0.0589993 	-0.000371808 	-0.0006075
-0.0376954 	0.042073 	0.000988564 	-0.00149646
-0.0372545 	0.0320678 	0.0067057 	-0.00199573
-0.0368136 	0.0264053 	0.00884037 	-0.00145072
-0.0363727 	0.0205423 	0.0111327 	-0.000951086
-0.0359319 	0.0181333 	0.0112845 	-0.000723354
-0.035491 	0.0165102 	0.0108959 	-0.000393967
-0.0350501 	0.0164412 	0.00976673 	-2.66715e-05
-0.0346092 	0.0163109 	0.00889226 	0.000138037
-0.0341683 	0.0168069 	0.00833304 	0.000235891
-0.0337275 	0.0172961 	0.00783716 	0.000319287
-0.0332866 	0.0173407 	0.00759102 	0.000309273
-0.0328457 	0.0173743 	0.00733052 	0.000280017
0.00507014 	-0.00525852 	0.000252742 	-0.000228342
0.00551102 	-0.00514746 	0.000471602 	-0.000699825
0.0059519 	-0.00503639 	0.000690462 	-0.00117131
0.00639279 	-0.00527952 	0.00110842 	-0.00166989
0.00683367 	-0.00588939 	0.00173253 	-0.00219653
0.00727455 	-0.00649926 	0.00235665 	-0.00272318
0.00771543 	-0.00710913 	0.00298076 	-0.00324982
0.00815631 	-0.00771899 	0.00360487 	-0.00377647
0.00859719 	-0.00837769 	0.00401559 	-0.00417993
0.00903808 	-0.00864968 	0.00337609 	-0.00387823
0.00947896 	-0.00889959 	0.00274629 	-0.0035767
0.00991984 	-0.00914949 	0.00211649 	-0.00327517
0.0103607 	-0.0093994 	0.00148669 	-0.00297364
0.0108016 	-0.00964931 	0.000856885 	-0.00267211
0.0112425 	-0.0099023 	0.00022263 	-0.00230682
0.0116834 	-0.0101561 	-0.000412807 	-0.00192458
0.0121242 	-0.0103037 	-0.000971037 	-0.00155002
0.0125651 	-0.0101041 	-0.0011811 	-0.00135619
0.013006 	-0.00990438 	-0.00139115 	-0.00116235
0.0134469 	-0.00972225 	-0.00162381 	-0.00094172
0.0138878 	-0.00955972 	-0.00188171 	-0.000691175
0.0143287 	-0.00939719 	-0.00213961 	-0.000440631
0.0147695 	-0.00923467 	-0.0023975 	-0.000190086
0.0152104 	-0.00907214 	-0.0026554 	6.04591e-05
0.0156513 	-0.00888974 	-0.00290411 	0.00030104
0.0160922 	-0.00866301 	-0.00301963 	0.000306487
0.0165331 	-0.00843627 	-0.00313516 	0.000311935
0.0169739 	-0.00820953 	-0.00325068 	0.000317383
0.0174148 	-0.00798279 	-0.00336621 	0.00032283
0.0178557 	-0.00775605 	-0.00348173 	0.000328278
0.0182966 	-0.00762902 	-0.0034767 	0.000250044
0.0187375 	-0.00755941 	-0.00340226 	0.000123625
0.0191784 	-0.00748979 	-0.00332782 	-2.79341e-06
0.0196192 	-0.00773241 	-0.00314438 	-0.000229427
0.0200601 	-0.00802313 	-0.00295687 	-0.000455923
0.020501 	-0.0082708 	-0.00277811 	-0.000678499
0.0209419 	-0.00827721 	-0.00264841 	-0.000879108
0.0213828 	-0.00828363 	-0.0025187 	-0.00107972
0.0218236 	-0.00829005 	-0.00238899 	-0.00128033
0.0222645 	-0.00829646 	-0.00225929 	-0.00148094
0.0227054 	-0.00830288 	-0.00212958 	-0.00168155
0.0231463 	-0.00851195 	-0.00200538 	-0.00187589
0.0235872 	-0.00881133 	-0.00189293 	-0.00205431
0.0240281 	-0.0091107 	-0.00178048 	-0.00223272
0.0244689 	-0.00941008 	-0.00166803 	-0.00241114
0.0249098 	-0.00970945 	-0.00155558 	-0.00258955
0.0253507 	-0.010031 	-0.0014458 	-0.00276423
0.0257916 	-0.0105674 	-0.00136193 	-0.00290262
0.0262325 	-0.0111039 	-0.00127806 	-0.00304101
0.0266733 	-0.0116718 	-0.00117636 	-0.00320516
0.0271142 	-0.0123281 	-0.00101551 	-0.00343853
0.0275551 	-0.0129845 	-0.000854664 	-0.00367189
0.027996 	-0.0135222 	-0.000748959 	-0.0038698
0.0284369 	-0.0139532 	-0.000692815 	-0.00403583
0.0288778 	-0.0143841 	-0.000636671 	-0.00420186
0.0293186 	-0.0148151 	-0.000580527 	-0.0043679
0.0297595 	-0.0152461 	-0.000524383 	-0.00453393
0.0302004 	-0.0156771 	-0.000468239 	-0.00469996
0.0306413 	-0.0162212 	-0.000271842 	-0.00499259
0.0310822 	-0.0167698 	-6.69914e-05 	-0.00529225
0.031523 	-0.0173183 	0.000137859 	-0.00559191
0.0319639 	-0.0178669 	0.000342709 	-0.00589156
0.0324048 	-0.0184154 	0.00054756 	-0.00619122
0.0328457 	-0.0190217 	0.000800328 	-0.00650781
0.0332866 	-0.0197371 	0.0011438 	-0.00685644
0.0337275 	-0.0204525 	0.00148727 	-0.00720508
0.0341683 	-0.0210275 	0.0017426 	-0.00741253
0.0346092 	-0.0214775 	0.00191721 	-0.0074932
0.0350501 	-0.0219276 	0.00209183 	-0.00757386
0.035491 	-0.0224218 	0.00227822 	-0.00770104
0.0359319 	-0.0229292 	0.00246817 	-0.00784221
0.0363727 	-0.0234366 	0.00265811 	-0.00798338
0.0368136 	-0.023944 	0.00284805 	-0.00812454
0.0372545 	-0.0244514 	0.00303799 	-0.00826571
0.0376954 	-0.0248435 	0.00318347 	-0.00827552
0.0381363 	-0.0247991 	0.00317426 	-0.0077958
0.0385772 	-0.0247547 	0.00316506 	-0.00731608
0.039018 	-0.0247104 	0.00315585 	-0.00683637
0.0394589 	-0.024666 	0.00314664 	-0.00635665
0.0398998 	-0.0246216 	0.00313744 	-0.00587693
0.0403407 	-0.0244512 	0.00308453 	-0.005365
0.0407816 	-0.0242478 	0.00302016 	-0.00484461
0.0412224 	-0.0239951 	0.00296127 	-0.00429078
0.0416633 	-0.0231288 	0.00293499 	-0.00343975
0.0421042 	-0.0222625 	0.00290872 	-0.00258872
0.0425451 	-0.0214225 	0.00288008 	-0.00173972
0.042986 	-0.0206095 	0.002849 	-0.000892823
0.0434269 	-0.0197965 	0.00281792 	-4.59267e-05
0.0438677 	-0.0189835 	0.00278684 	0.000800969
0.0443086 	-0.0181705 	0.00275576 	0.00164787
0.0447495 	-0.0172915 	0.00273167 	0.00241408
0.0451904 	-0.0163152 	0.00270475 	0.00298578
0.0456313 	-0.0153388 	0.00267784 	0.00355747
0.0460721 	-0.0143624 	0.00265092 	0.00412917
0.046513 	-0.0133861 	0.002624 	0.00470086
0.0469539 	-0.0123887 	0.00261918 	0.00528558
0.0473948 	-0.0113699 	0.00263699 	0.00588365
0.0478357 	-0.0103873 	0.00265182 	0.00643411
0.0482766 	-0.00998498 	0.00266606 	0.00633536
0.0487174 	-0.00958266 	0.0026803 	0.00623662
0.0491583 	-0.00928752 	0.00267737 	0.00608724
0.0495992 	-0.00904611 	0.00266583 	0.00591246
0.0500401 	-0.00880471 	0.00265428 	0.00573768
0.050481 	-0.0085633 	0.00264274 	0.00556291
0.0509218 	-0.00832189 	0.00263119 	0.00538813
0.0513627 	-0.00858292 	0.00261133 	0.00481544
0.0518036 	-0.00896143 	0.00258653 	0.00416934
0.0522445 	-0.00933994 	0.00256173 	0.00352324
0.0526854 	-0.00971845 	0.00253693 	0.00287714
0.0531263 	-0.010097 	0.00251212 	0.00223104
0.0535671 	-0.0104755 	0.00248732 	0.00158494
0.054008 	-0.0109599 	0.0024892 	0.000934563
0.0544489 	-0.0114616 	0.00249543 	0.000283487
0.0548898 	-0.0119633 	0.00250167 	-0.00036759
0.0553307 	-0.012845 	0.00255344 	-0.00119716
0.0557715 	-0.0137677 	0.00262314 	-0.00204729
0.0562124 	-0.0146904 	0.00269284 	-0.00289742
0.0566533 	-0.0154191 	0.00275169 	-0.00368885
0.0570942 	-0.0161242 	0.00280922 	-0.00447315
0.0575351 	-0.0168293 	0.00286675 	-0.00525744
0.057976 	-0.0175344 	0.00292428 	-0.00604174
0.0584168 	-0.0182396 	0.00298181 	-0.00682604
0.0588577 	-0.0189447 	0.00303934 	-0.00761033
0.0592986 	-0.0196042 	0.00313279 	-0.0082269
0.0597395 	-0.0202464 	0.00322756 	-0.00881542
0.0601804 	-0.0208886 	0.00332233 	-0.00940394
0.0606212 	-0.0215307 	0.0034171 	-0.00999246
0.0610621 	-0.0221729 	0.00351187 	-0.010581
0.061503 	-0.022815 	0.00360664 	-0.0111695
0.0619439 	-0.0233582 	0.00364381 	-0.0117096
0.0623848 	-0.0238948 	0.00367717 	-0.0122464
0.0628257 	-0.0244315 	0.00371053 	-0.0127832
0.0632665 	-0.0245055 	0.00358426 	-0.0126773
0.0637074 	-0.0245591 	0.00345133 	-0.0125413
0.0641483 	-0.0246127 	0.00331839 	-0.0124052
0.0645892 	-0.0248124 	0.00325245 	-0.0124174
0.0650301 	-0.0250139 	0.00318732 	-0.0124314
0.0654709 	-0.0252155 	0.00312219 	-0.0124454
0.0659118 	-0.025417 	0.00305706 	-0.0124594
0.0663527 	-0.0256185 	0.00299192 	-0.0124734
0.0667936 	-0.0257939 	0.00292337 	-0.0124325
0.0672345 	-0.0257684 	0.00282899 	-0.0119688
0.0681162 	-0.0257176 	0.00264016 	-0.0110415
0.0685571 	-0.0256922 	0.00254572 	-0.0105778
0.068998 	-0.0256668 	0.00245127 	-0.0101141
0.0694389 	-0.0256374 	0.00235513 	-0.00965392
0.0698798 	-0.0255478 	0.00223312 	-0.00924774
0.0703206 	-0.0254581 	0.0021111 	-0.00884156
0.0707615 	-0.0253684 	0.00198909 	-0.00843538
0.0712024 	-0.0252788 	0.00186707 	-0.0080292
0.0716433 	-0.0251891 	0.00174505 	-0.00762302
0.0720842 	-0.0250994 	0.00162304 	-0.00721684
0.0725251 	-0.0250098 	0.00150102 	-0.00681066
0.0729659 	-0.0249201 	0.00137901 	-0.00640448
0.0734068 	-0.0248304 	0.00125699 	-0.0059983
0.0738477 	-0.0247408 	0.00113497 	-0.00559212
0.0742886 	-0.0246511 	0.00101296 	-0.00518594
0.0747295 	-0.0245576 	0.000895272 	-0.00479627
0.0751703 	-0.0244241 	0.000824175 	-0.00457445
0.0756112 	-0.0242905 	0.000753079 	-0.00435264
0.0760521 	-0.024157 	0.000681982 	-0.00413082
0.076493 	-0.0240235 	0.000610885 	-0.00390901
0.0778156 	-0.0236235 	0.000397217 	-0.00324276
0.0782565 	-0.0234902 	0.000325957 	-0.0030206
0.0786974 	-0.0233569 	0.000254697 	-0.00279843
0.0791383 	-0.0232235 	0.000183437 	-0.00257627
0.0795792 	-0.0230904 	0.000108397 	-0.0023495
0.08002 	-0.0229589 	-1.39764e-05 	-0.00206498
0.0804609 	-0.0228274 	-0.00013635 	-0.00178046
0.0809018 	-0.022696 	-0.000258724 	-0.00149595
0.0813427 	-0.0225645 	-0.000381097 	-0.00121143
0.0817836 	-0.022433 	-0.000503471 	-0.000926914
0.0822244 	-0.0222427 	-0.000594447 	-0.000734761
0.0826653 	-0.0220097 	-0.000662432 	-0.000608862
0.0831062 	-0.0217767 	-0.000730418 	-0.000482964
0.0835471 	-0.0215437 	-0.000798403 	-0.000357066
0.083988 	-0.0213107 	-0.000866388 	-0.000231168
0.0844289 	-0.0210776 	-0.000934374 	-0.000105269
0.0848697 	-0.0209096 	-0.000978303 	-4.63102e-05
0.0853106 	-0.0207425 	-0.00102192 	1.17755e-05
0.0857515 	-0.0205753 	-0.00106553 	6.98612e-05
0.0861924 	-0.0204081 	-0.00110915 	0.000127947
0.0866333 	-0.020241 	-0.00115276 	0.000186033
0.0870741 	-0.0200738 	-0.00119638 	0.000244118
0.100301 	-0.0148008 	-0.000720322 	0.00651287
0.108677 	-0.00860722 	-0.000150532 	0.00874899
0.109118 	-0.00805411 	-0.000121666 	0.00831153
0.109559 	-0.00750101 	-9.27995e-05 	0.00787407
0.11 	-0.00694791 	-6.39331e-05 	0.00743661
