/*--------------------------------*- C++ -*----------------------------------*\
| =========                 |                                                 |
| \\      /  F ield         | OpenFOAM: The Open Source CFD Toolbox           |
|  \\    /   O peration     | Version:  2206                                  |
|   \\  /    A nd           | Website:  www.openfoam.com                      |
|    \\/     M anipulation  |                                                 |
\*---------------------------------------------------------------------------*/
FoamFile
{
    version     2.0;
    format      ascii;
    arch        "LSB;label=64;scalar=64";
    class       volScalarField;
    location    "4.2/solid";
    object      T;
}
// * * * * * * * * * * * * * * * * * * * * * * * * * * * * * * * * * * * * * //

dimensions      [0 0 0 1 0 0 0];

internalField   nonuniform List<scalar> 
500
(
1074.47024102
1074.30113355
1073.96121126
1073.44712712
1072.75294062
1071.87092495
1070.78962535
1069.49762407
1068.04775952
1066.59186357
1075.29354122
1075.1298672
1074.80205561
1074.30931644
1073.65101385
1072.82795619
1071.84452722
1070.71200131
1069.4560048
1068.12692215
1076.17919134
1076.02241023
1075.70911903
1075.24004595
1074.61679178
1073.8425648
1072.92315621
1071.86772745
1070.68921954
1069.40893535
1077.10194896
1076.95139901
1076.65081402
1076.20133367
1075.60491768
1074.86461429
1073.98476336
1072.97076534
1071.82847263
1070.5691159
1078.04267721
1077.89704672
1077.60627029
1077.17136167
1076.59392019
1075.87618456
1075.02097378
1074.03120059
1072.90901311
1071.66074867
1078.98726129
1078.84532162
1078.56180621
1078.13745597
1077.57338761
1076.87108019
1076.03226931
1075.05842161
1073.9496009
1072.70859309
1079.92583017
1079.78667581
1079.50860845
1079.09211386
1078.53790633
1077.84690966
1077.02017608
1076.05836954
1074.96024298
1073.72560918
1080.85155928
1080.71461233
1080.44086378
1080.03060662
1079.4842672
1078.80239978
1077.98564987
1077.03426297
1075.94609365
1074.71766655
1081.75964843
1081.62458622
1081.35454032
1080.94967203
1080.41021664
1079.73649421
1078.92892285
1077.98757249
1076.90965105
1075.68835939
1082.6465999
1082.51327554
1082.24666216
1081.84683679
1081.31391375
1080.64806868
1079.84960348
1078.91857969
1077.85177122
1076.63846932
1083.50973071
1083.37810858
1083.11487377
1082.7200528
1082.1936872
1081.53586619
1080.74684569
1079.82681141
1078.77234493
1077.56869294
1084.34684987
1084.21695866
1083.95717186
1083.56748903
1083.0479119
1082.39848047
1081.6194433
1080.71120291
1079.67041055
1078.47774662
1085.15604946
1085.0279493
1084.77173896
1084.38740701
1083.87493789
1083.23434826
1082.46591121
1081.57036438
1080.54485288
1079.36554696
1085.93557231
1085.80933278
1085.55684317
1085.17809086
1084.6730564
1084.04174439
1083.28444936
1082.40227217
1081.39321382
1080.22897312
1086.68373029
1086.5594169
1086.31078199
1085.93781748
1085.44050754
1084.81884836
1084.07313459
1083.20480101
1082.21304279
1081.06559701
1087.39885257
1087.27651919
1087.03184839
1086.66483995
1086.17548695
1085.5637825
1084.83001675
1083.97598298
1083.0026255
1081.87449793
1088.07924976
1087.95893471
1087.71830536
1087.35737085
1086.87613539
1086.27458874
1085.55298788
1084.71338928
1083.75878973
1082.6532228
1088.7231865
1088.60491102
1088.36836583
1088.01356993
1087.54053994
1086.94926286
1086.2399405
1085.41479164
1084.47908006
1083.40023012
1089.32885768
1089.21262579
1088.98017262
1088.63152687
1088.16671826
1087.58573354
1086.88870724
1086.07792207
1085.16100474
1084.111661
1089.89436688
1089.78016626
1089.55178013
1089.20924625
1088.75260727
1088.1818506
1087.49702513
1086.70032424
1085.80159226
1084.78325883
1090.41770546
1090.30550907
1090.08113556
1089.74463114
1089.29605162
1088.73538909
1088.06260642
1087.27969285
1086.39850963
1085.41320098
1090.89673161
1090.78649939
1090.56605801
1090.23546163
1089.79477918
1089.24401077
1088.58303261
1087.8134907
1086.94873799
1085.99880821
1091.32915046
1091.22083103
1091.00421876
1090.67937536
1090.24638325
1089.70525542
1089.05579164
1088.29918978
1087.44949758
1086.53911078
1091.71249569
1091.60602791
1091.39312222
1091.07384746
1090.64829991
1090.11651076
1089.4782221
1088.73413284
1087.89772822
1087.03021906
1092.04411395
1091.93942852
1091.73009048
1091.41617524
1090.9977924
1090.47499404
1089.84747826
1089.11543676
1088.29062624
1087.43764738
1092.32115253
1092.21817362
1092.01225129
1091.70346695
1091.29194335
1090.77775768
1090.16058757
1089.4401739
1088.62645829
1087.78168876
1092.54055073
1092.43919739
1092.23652856
1091.93263104
1091.52763985
1091.02165889
1090.41436028
1089.70507217
1088.90191411
1088.06385007
1092.69903586
1092.59922317
1092.39963788
1092.10037188
1091.70157206
1091.20337091
1090.60544979
1089.90676201
1089.1136011
1088.28181261
1092.7931249
1092.69476465
1092.49808652
1092.20318753
1091.81022704
1091.3193707
1090.7303338
1090.04176658
1089.25820813
1088.43169735
1092.81913306
1092.72213389
1092.52818011
1092.23737394
1091.84988741
1091.36592243
1090.78524607
1090.10625239
1089.33174104
1088.51027198
1092.7731905
1092.67745775
1092.4860386
1092.19903956
1091.81664408
1091.33909102
1090.76621528
1090.09620786
1089.3301637
1088.51257592
1092.65126769
1092.55670395
1092.36762361
1092.08413524
1091.70643018
1091.23478151
1090.66910634
1090.00745884
1089.24930669
1088.43546732
1092.44920778
1092.35571462
1092.16877481
1091.88849595
1091.51507185
1091.04880332
1090.48969533
1089.83571091
1089.08471078
1088.27322099
1092.16276234
1092.07024296
1091.88524868
1091.60788308
1091.23833677
1090.77693006
1090.22375736
1089.5767343
1088.8321409
1088.02262207
1091.78762756
1091.69598939
1091.51275448
1091.23801983
1090.87196769
1090.41492915
1089.8670877
1089.22636316
1088.48750021
1087.67855749
1091.31947995
1091.22863674
1091.04698822
1090.77462368
1090.41171408
1089.95859518
1089.41554053
1088.78052331
1088.0467677
1087.23783085
1090.7540126
1090.66388498
1090.48366436
1090.21343256
1089.85334859
1089.40374947
1088.8650033
1088.23520362
1087.50610786
1086.69590672
1090.08697471
1089.99748917
1089.81855023
1089.55023361
1089.19268708
1088.74624628
1088.21137672
1087.5863672
1086.86160196
1086.04958341
1089.31421814
1089.22530464
1089.0475087
1088.78090265
1088.42562605
1087.98201332
1087.45063164
1086.83004779
1086.10940372
1085.29431691
1088.43175351
1088.34334149
1088.16654949
1087.90145041
1087.54818053
1087.10707491
1086.57880511
1085.96230384
1085.24566848
1084.42691927
1087.43581856
1087.34783143
1087.1718929
1086.9080818
1086.55653801
1086.11760099
1085.59204645
1084.97925849
1084.2665322
1083.44254409
1086.32296148
1086.23530948
1086.06004839
1085.79726994
1085.44712739
1085.00997204
1084.48668443
1083.87719038
1083.16835361
1082.33803234
1085.09014133
1085.00271252
1084.82790922
1084.56584469
1084.21669827
1083.7808446
1083.25926943
1082.65252688
1081.94755692
1081.10906393
1083.73484895
1083.64749854
1083.47286797
1083.21110177
1082.86242081
1082.42723986
1081.90665299
1081.30192279
1080.60076184
1079.7519796
1082.25525196
1082.16779149
1081.99296025
1081.73094222
1081.38201477
1080.9466533
1080.42606958
1079.82231365
1079.12489183
1078.26304609
1080.65036798
1080.56255883
1080.38705009
1080.12406558
1079.77394207
1079.33722255
1078.8152336
1078.21086573
1077.51692411
1076.64299782
1078.9202729
1078.83183187
1078.65507819
1078.39026232
1078.03774864
1077.59809539
1077.07265863
1076.46508158
1075.77288645
1074.90433255
1077.0663532
1076.97696674
1076.79836871
1076.53082059
1076.17462325
1075.73015567
1075.19846834
1074.58344792
1073.88738582
1073.03104033
1075.09149066
1075.00075938
1074.81975219
1074.5487842
1074.1879502
1073.73705446
1073.19604257
1072.56761886
1071.85666514
1070.99896425
1072.99919273
1072.90606126
1072.72202623
1072.44751275
1072.0823297
1071.62545806
1071.07494084
1070.43057525
1069.69676469
1068.82220401
)
;

boundaryField
{
    symmetric
    {
        type            symmetry;
    }
    emptyPatch
    {
        type            empty;
    }
    solid_to_water
    {
        type            compressible::turbulentTemperatureTwoPhaseRadCoupledMixed;
        refValue        nonuniform List<scalar> 
70
(
403.052102875
401.798522709
400.042796859
397.474677566
392.251148596
382.962380406
367.462624531
349.505042808
340.77590328
336.982624075
340.308068726
343.521186533
344.348185845
344.3820155
345.101657006
344.527239313
345.302095455
344.58479553
345.333970715
344.695077912
345.412676653
344.805672374
345.256222658
344.829530913
344.784117548
343.652637818
341.02110875
338.844861325
337.289556894
336.177294561
335.663988097
335.890230798
338.221581207
356.568094793
391.739855567
410.330711403
408.682516504
423.132069989
415.617948834
427.694125142
418.029688576
428.86523621
418.773908142
428.28851581
418.823132075
427.071795067
418.634502307
425.39121883
418.402306992
423.529369992
418.745011018
422.093335423
418.561708209
418.354180532
411.429519569
371.931208325
347.271538089
341.059310401
338.699291836
334.527238629
334.634811112
334.703846227
334.7672326
334.824214191
334.856837128
334.873607335
334.950488495
335.330821244
337.843274794
336.062992653
)
;
        refGradient     uniform 0;
        valueFraction   nonuniform List<scalar> 
70
(
0.000599093259457
0.000597935281393
0.000600077621904
0.000607135253773
0.000630048729378
0.00068378203502
0.000816968791808
0.00110996926828
0.00136634686221
0.00150333053411
0.000957305559074
0.000921601821953
0.000916762804614
0.000921903640014
0.000908531556559
0.000922423749848
0.000906682379211
0.000923469513731
0.000908458981501
0.000923885179852
0.000910144164985
0.000924929781369
0.000916825403837
0.000926697511641
0.00092508718164
0.00093624198698
0.000967627862497
0.000976051542939
0.000964830483814
0.000949356497923
0.000941190094923
0.000945612637802
0.000973738912466
0.000752701999315
0.00053981608553
0.000503052597761
0.000538723854442
0.000499047985288
0.000536783482393
0.000498864144105
0.000536799378873
0.000500408856314
0.000537295959983
0.000504371125212
0.000538648927752
0.000509370012522
0.000539690834148
0.000515029841187
0.000540571258774
0.000522105824748
0.000540202789134
0.000527913677442
0.000540613836524
0.000537502815839
0.000544490716235
0.000715542075312
0.000936633195631
0.000969956649888
0.000961461394053
0.00149536533586
0.0015010726733
0.0015041861754
0.00150684732335
0.0015089219095
0.00150964438905
0.00150961666233
0.00151198911821
0.001519092085
0.000956313614245
0.00149890805352
)
;
        source          uniform 0;
        value           nonuniform List<scalar> 
70
(
1074.06946089
1073.90047892
1073.55827145
1073.03820647
1072.32574967
1071.40160847
1070.2172414
1068.70115207
1067.05603134
1065.49661784
1065.89818705
1067.46002346
1068.74507411
1069.90058633
1071.00144056
1072.0379263
1073.06602071
1074.04456423
1075.02588333
1075.9635578
1076.903559
1077.80070473
1078.69408096
1079.54936036
1080.38650029
1081.18573446
1081.93867516
1082.67699954
1083.39476702
1084.07633546
1084.71153077
1085.29387029
1085.81553708
1086.48276909
1087.06139066
1087.43962971
1087.69710824
1087.9485834
1088.0698396
1088.17940601
1088.15204368
1088.10430946
1087.91296543
1087.68888341
1087.3178036
1086.90066862
1086.33490367
1085.7085011
1084.93333868
1084.08108983
1083.0829176
1081.98869268
1080.75020634
1079.39567243
1077.89917392
1076.14035399
1074.22771101
1072.32666593
1070.30032745
1071.89613218
1071.79908522
1071.6131311
1071.33716241
1070.97108667
1070.51441775
1069.96474179
1069.31963186
1068.58269923
1068.12794294
1067.72864676
)
;
        kappaMethod     solidThermo;
        Tnbr            T.liquid;
        region          solid;
        otherPhase      gas;
    }
}


// ************************************************************************* //
