/*--------------------------------*- C++ -*----------------------------------*\
| =========                 |                                                 |
| \\      /  F ield         | OpenFOAM: The Open Source CFD Toolbox           |
|  \\    /   O peration     | Version:  2206                                  |
|   \\  /    A nd           | Website:  www.openfoam.com                      |
|    \\/     M anipulation  |                                                 |
\*---------------------------------------------------------------------------*/
FoamFile
{
    version     2.0;
    format      ascii;
    arch        "LSB;label=64;scalar=64";
    class       volScalarField;
    location    "2/solid";
    object      T;
}
// * * * * * * * * * * * * * * * * * * * * * * * * * * * * * * * * * * * * * //

dimensions      [0 0 0 1 0 0 0];

internalField   nonuniform List<scalar> 
500
(
1096.79254248
1096.62170627
1096.27904643
1095.76205545
1095.06634038
1094.18681526
1093.11652462
1091.84264402
1090.37591338
1088.86410198
1097.7752929
1097.6100652
1097.27923827
1096.78216686
1096.11829087
1095.2882335
1094.29557598
1093.1491479
1091.86695663
1090.48646687
1098.77781093
1098.61906546
1098.30176413
1097.82644116
1097.19429616
1096.40780504
1095.47156892
1094.39292283
1093.18100403
1091.84669713
1099.76687927
1099.61385883
1099.3081946
1098.85073085
1098.24293471
1097.48713171
1096.58673722
1095.54602542
1094.36814805
1093.05408211
1100.72099019
1100.57249521
1100.27585499
1099.83180625
1099.24151492
1098.50663373
1097.62932669
1096.61186296
1095.4543121
1094.15226411
1101.62413814
1101.47910156
1101.18928402
1100.75520731
1100.17765139
1099.45765101
1098.59649183
1097.59534765
1096.45273152
1095.16036663
1102.46618762
1102.32385008
1102.0393391
1101.6129839
1101.04525476
1100.33674728
1099.48820731
1098.50028054
1097.3707249
1096.08767798
1103.24213029
1103.10202668
1102.82191612
1102.40199099
1101.84251269
1101.14379779
1100.30628387
1099.33042766
1098.21373447
1096.94096168
1103.95098171
1103.81286879
1103.53669684
1103.12257318
1102.57063277
1101.88102645
1101.05402338
1100.09008996
1098.98686052
1097.72564479
1104.59470345
1104.45848531
1104.18607912
1103.77754541
1103.23295034
1102.55235337
1101.73594365
1100.78435712
1099.69581672
1098.44821826
1105.17725152
1105.04292062
1104.7742782
1104.37136413
1103.83421421
1103.16284311
1102.35740209
1101.41876987
1100.34619202
1099.11429661
1105.70377768
1105.5713728
1105.30658018
1104.90943586
1104.37997032
1103.71818288
1102.92420429
1101.99918143
1100.94387429
1099.73086447
1106.17999079
1106.04956904
1105.78874537
1105.39756178
1104.87605806
1104.22423508
1103.4422029
1102.53134437
1101.49432698
1100.30479079
1106.61167457
1106.48329433
1106.22655893
1105.84152153
1105.328239
1104.68672252
1103.9170504
1103.02076849
1102.00274126
1100.84072556
1107.00434661
1106.87805794
1106.62551221
1106.24677622
1105.74192868
1105.1109984
1104.35402224
1103.47259754
1102.4738675
1101.34221978
1107.36303627
1107.23887603
1106.9905938
1106.61827028
1106.12200685
1105.50185322
1104.75779626
1103.89135235
1102.91183695
1101.81303151
1107.69215675
1107.57014693
1107.32617184
1106.96032544
1106.47273135
1105.86346224
1105.1324476
1104.28096469
1103.32013761
1102.25744841
1107.99544552
1107.87559295
1107.63593804
1107.27658671
1106.7976837
1106.1993275
1105.48139567
1104.64479153
1103.70171829
1102.67990472
1108.27595175
1108.15824856
1107.92289717
1107.57001365
1107.09976154
1106.51226645
1105.80736516
1104.9854914
1104.05861441
1103.08336189
1108.53605281
1108.4204772
1108.18938481
1107.84289996
1107.38120264
1106.80444721
1106.11244869
1105.30516362
1104.39283287
1103.44091515
1108.7774853
1108.66400246
1108.43709833
1108.09690315
1107.64360985
1107.07739991
1106.39808084
1105.60517102
1104.70693331
1103.76539268
1109.00138019
1108.88994337
1108.66713286
1108.33308229
1107.88799353
1107.33207253
1106.66513232
1105.88629941
1105.00182699
1104.0698332
1109.20829354
1109.09884552
1108.88001303
1108.55193064
1108.11480504
1107.5688632
1106.91393509
1106.14880662
1105.27777224
1104.35430073
1109.39822753
1109.29070205
1109.07571403
1108.7533968
1108.32395818
1107.78764289
1107.14430931
1106.39245719
1105.53446756
1104.61959964
1109.57063908
1109.46496215
1109.25366977
1108.93689212
1108.51483486
1107.98775705
1107.3555565
1106.61650542
1105.77111531
1104.86338951
1109.72443537
1109.62052645
1109.41276793
1109.10128541
1108.68627964
1108.16802095
1107.54645678
1106.8196913
1105.98644763
1105.08602427
1109.8579572
1109.75573005
1109.5513324
1109.2448841
1108.83657848
1108.3266936
1107.71523506
1107.00019985
1106.17858586
1105.28404324
1109.9689521
1109.86831548
1109.66709584
1109.36540629
1108.96343051
1108.46145027
1107.85953479
1107.15563015
1106.34510335
1105.45654631
1110.05454003
1109.9553983
1109.75716504
1109.45994588
1109.0639128
1108.56934706
1107.97638652
1107.2829884
1106.4829725
1105.59911372
1110.11117501
1110.01342869
1109.81798259
1109.52493441
1109.13444304
1108.6467859
1108.06217487
1107.37864041
1106.58851768
1105.70888201
1110.1346061
1110.03815239
1109.84528765
1109.55610101
1109.17073634
1108.68946174
1108.1125623
1107.4382027
1106.65733724
1105.78068415
1110.11984163
1110.02457541
1109.83408152
1109.54843998
1109.16777802
1108.69234946
1108.12251293
1107.45663999
1106.68441106
1105.80995043
1110.06112033
1109.96693556
1109.7786002
1109.49618471
1109.11979849
1108.64967609
1108.08624595
1107.42815439
1106.66392677
1105.78989162
1109.95189222
1109.85868377
1109.67229641
1109.39279059
1109.02025631
1108.55490229
1107.99721565
1107.34618251
1106.58938128
1105.71479018
1109.78481278
1109.69247847
1109.50783476
1109.23093215
1108.86184098
1108.40073923
1107.8481615
1107.20350281
1106.4536512
1105.5765009
1109.55175404
1109.46019606
1109.27710079
1109.00250986
1108.63647535
1108.17914282
1107.63108445
1106.99217998
1106.24902582
1105.3678788
1109.24383848
1109.15296357
1108.97123109
1108.69867558
1108.33533368
1107.88131818
1107.33722541
1106.7034867
1105.96697503
1105.0800505
1108.85150278
1108.76122118
1108.58067325
1108.30988924
1107.9488947
1107.49777185
1106.95712549
1106.32798595
1105.598263
1104.7038639
1108.3645977
1108.27482075
1108.09528167
1107.82600985
1107.46702551
1107.01838528
1106.48068708
1105.85557894
1105.13302444
1104.22942915
1107.77252954
1107.68316616
1107.50445558
1107.23643023
1106.87911115
1106.43253503
1105.89727319
1105.27555046
1104.56060832
1103.65357913
1107.06444683
1106.97539897
1106.79732307
1106.53025909
1106.17423615
1105.72927866
1105.19591226
1104.57683467
1103.86942003
1102.97659859
1106.2294741
1106.14063093
1105.96297079
1105.69654685
1105.3414055
1104.8975707
1104.36551159
1103.74826249
1103.04749846
1102.17804703
1105.2569936
1105.16822391
1104.99072044
1104.72455638
1104.36980662
1103.92651062
1103.39507863
1102.77873077
1102.08326285
1101.23938332
1104.13697495
1104.04811811
1103.87045342
1103.60408139
1103.24911834
1102.80563986
1102.27400752
1101.65748038
1100.96562378
1100.14890419
1102.8603495
1102.77120643
1102.59298432
1102.32581578
1101.96986934
1101.52527988
1100.99238773
1100.37437264
1099.6839918
1098.89692066
1101.41941843
1101.32974715
1101.15048143
1100.88178109
1100.52386271
1100.07692834
1099.54132407
1098.920067
1098.22821169
1097.47413922
1099.8082594
1099.7177831
1099.53691384
1099.26581529
1098.90470758
1098.45380417
1097.91341273
1097.28629439
1096.58850366
1095.85910958
1098.02304953
1097.93147787
1097.74844102
1097.4740743
1097.10849403
1096.65173097
1096.1037826
1095.46683817
1094.75694469
1094.02423161
1096.06221061
1095.96920428
1095.78353409
1095.50533502
1095.13448752
1094.67049734
1094.11238379
1093.46070335
1092.73008364
1091.97422348
1093.92667147
1093.83128343
1093.64254905
1093.36064262
1092.98519323
1092.51504452
1091.94762345
1091.28050319
1090.52473221
1089.72105413
)
;

boundaryField
{
    symmetric
    {
        type            symmetry;
    }
    emptyPatch
    {
        type            empty;
    }
    solid_to_water
    {
        type            compressible::turbulentTemperatureTwoPhaseRadCoupledMixed;
        refValue        nonuniform List<scalar> 
70
(
397.480172152
395.894956882
394.258022719
392.621654431
389.81317093
384.859498887
374.935566537
356.311275006
342.15545946
337.415111678
342.160642082
343.697330162
343.727387662
344.072718308
343.710123209
343.87779766
343.531915855
343.696388542
343.469450084
343.444001431
342.981305606
341.205090548
339.204559553
337.623628889
336.415151274
335.714252403
335.741304081
337.359690614
346.54440353
387.542105695
392.111872367
406.883695599
401.784686244
413.650353951
405.575327287
415.64084157
407.040745842
415.691521891
407.482337681
414.912487916
407.634218488
413.033883853
407.787297742
411.885204311
407.848472419
410.681781051
407.417902261
406.263725181
393.752411587
359.561943775
344.465774373
339.836746419
337.917452807
337.449502519
338.234003753
342.853774821
368.197887404
401.344639166
409.533363156
334.322833003
334.425579742
334.490043079
334.551272106
334.6117215
334.660599635
334.691339889
334.769580469
335.136685608
385.009536407
336.49403127
)
;
        refGradient     uniform 0;
        valueFraction   nonuniform List<scalar> 
70
(
0.000613350609255
0.000612816434439
0.000614674550556
0.000617639487004
0.000628999114651
0.000656547092375
0.000730962093186
0.000971313326662
0.00134284876833
0.00151409409481
0.000941981009397
0.000936674254299
0.000943824023623
0.000937767284289
0.00094547942721
0.000941400545235
0.000948460589492
0.000944843011926
0.000949869707989
0.000949541679059
0.000953371908468
0.000974496792534
0.000987590669659
0.000981368238755
0.000967089469901
0.000956193087689
0.000957702739315
0.000979786858637
0.000902805854674
0.000543954596203
0.000578134860991
0.00053565316284
0.000577874710628
0.000535522696104
0.00057745514204
0.000538164045873
0.000577553804663
0.000542303747857
0.000578587386204
0.000547327568886
0.000578911940416
0.000555499560485
0.000578939580203
0.000561760334903
0.000580486210659
0.000568526892686
0.000582206062681
0.000579141706452
0.000606903502574
0.000813340004691
0.00096912536293
0.00098814068886
0.000978341832265
0.00097671745739
0.000983263316575
0.0009620754131
0.000695153566481
0.000558381020028
0.000562352111933
0.00151669733573
0.00152220744071
0.00152514223281
0.00152776958906
0.00153008830249
0.00153159214648
0.00153208960676
0.00153429578065
0.00154091160013
0.000686007288398
0.0014954399989
)
;
        source          uniform 0;
        value           nonuniform List<scalar> 
70
(
1096.36474244
1096.19340654
1095.84864633
1095.32887438
1094.62384491
1093.72226176
1092.59296588
1091.13035429
1089.37329151
1087.72755836
1088.16194306
1089.78800499
1091.14181221
1092.35289032
1093.4440885
1094.45447629
1095.37545461
1096.2308471
1097.01095091
1097.73317379
1098.39547374
1098.99421329
1099.55608542
1100.09486674
1100.60569957
1101.08387741
1101.52707643
1101.93441829
1102.40402373
1103.05004995
1103.35295888
1103.69478284
1103.94736337
1104.24806723
1104.45875081
1104.71364545
1104.88006251
1105.08131897
1105.19461654
1105.32980448
1105.37604479
1105.42433378
1105.38538018
1105.32437799
1105.17110856
1104.97237227
1104.67348925
1104.2989251
1103.79820362
1103.0514461
1102.24710643
1101.430946
1100.49894484
1099.41055701
1098.15593483
1096.7550572
1095.35654425
1093.63853429
1091.59123093
1092.7759996
1092.67672715
1092.48615072
1092.20277475
1091.82623524
1091.35574601
1090.78885177
1090.1210574
1089.36158353
1089.23908499
1088.59611522
)
;
        kappaMethod     solidThermo;
        Tnbr            T.liquid;
        region          solid;
        otherPhase      gas;
    }
}


// ************************************************************************* //
