/*--------------------------------*- C++ -*----------------------------------*\
| =========                 |                                                 |
| \\      /  F ield         | OpenFOAM: The Open Source CFD Toolbox           |
|  \\    /   O peration     | Version:  2206                                  |
|   \\  /    A nd           | Website:  www.openfoam.com                      |
|    \\/     M anipulation  |                                                 |
\*---------------------------------------------------------------------------*/
FoamFile
{
    version     2.0;
    format      ascii;
    arch        "LSB;label=64;scalar=64";
    class       volScalarField;
    location    "0.3/solid";
    object      T;
}
// * * * * * * * * * * * * * * * * * * * * * * * * * * * * * * * * * * * * * //

dimensions      [0 0 0 1 0 0 0];

internalField   nonuniform List<scalar> 
500
(
1119.72653543
1119.59400617
1119.31502029
1118.8787731
1118.26692034
1117.45575906
1116.41498509
1115.11400507
1113.59510806
1112.03921731
1120.29618407
1120.16498
1119.89670801
1119.48147907
1118.90646566
1118.15828243
1117.22669119
1116.11035358
1114.82825148
1113.44000385
1120.78886077
1120.66384589
1120.40943845
1120.01773742
1119.4787163
1118.78226193
1117.92069882
1116.89122297
1115.69898373
1114.37128665
1121.18542327
1121.06603374
1120.82338201
1120.45033621
1119.9376328
1119.27545684
1118.45516756
1117.47049102
1116.3190569
1115.01674125
1121.48391376
1121.36862978
1121.13433106
1120.77404904
1120.27851349
1119.63749728
1118.84129612
1117.8816129
1116.75246403
1115.46396282
1121.69523833
1121.58267321
1121.35384053
1121.00176485
1120.51703472
1119.88906372
1119.10756241
1118.1633857
1117.04880178
1115.77011346
1121.83633494
1121.72552033
1121.50020514
1121.15341067
1120.67565113
1120.05617722
1119.28452829
1118.35142914
1117.24831623
1115.97775215
1121.92537482
1121.81572684
1121.59278061
1121.24960339
1120.77673109
1120.16341501
1119.39928896
1118.47537038
1117.38276643
1116.12070222
1121.97870386
1121.86990562
1121.64871743
1121.30830138
1120.83929231
1120.23105037
1119.47346544
1118.55813368
1117.47620022
1116.22281297
1122.00928651
1121.90118012
1121.68145292
1121.34339943
1120.87780704
1120.27420708
1119.52282637
1118.61601427
1117.54522888
1116.30157884
1122.02638477
1121.91889641
1121.70049627
1121.36463863
1120.90229882
1120.30320708
1119.55793698
1118.65965168
1117.60034398
1116.36652456
1122.03603616
1121.92913116
1121.71199896
1121.3782748
1120.91915117
1120.32458156
1119.58549813
1118.69595504
1117.6487542
1116.42598466
1122.0418647
1121.93552327
1121.71962686
1121.38800824
1120.93210068
1120.34209456
1119.60925639
1118.72851832
1117.69367693
1116.48169204
1122.04588684
1121.9400922
1121.72540317
1121.39586343
1120.94316854
1120.35775947
1119.63120679
1118.75928067
1117.73698363
1116.53640043
1122.0491467
1121.9438798
1121.73036317
1121.402862
1120.95335523
1120.37255408
1119.65231231
1118.78919012
1117.77959525
1116.59027107
1122.05214749
1121.94738505
1121.73499516
1121.40947128
1120.96309301
1120.38685693
1119.67285757
1118.81830936
1117.8211235
1116.64241243
1122.0551128
1121.9508273
1121.73950763
1121.4158784
1120.97253477
1120.40077995
1119.69292696
1118.84671961
1117.86171975
1116.69267025
1122.0581293
1121.95428966
1121.74397407
1121.42213657
1120.98169777
1120.41428808
1119.71242468
1118.87424652
1117.90113909
1116.74381677
1122.06121717
1121.95778956
1121.74840426
1121.42823874
1120.9905441
1120.4272998
1119.73123237
1118.90077138
1117.93921548
1116.79753443
1122.06436171
1121.96131034
1121.75277599
1121.4341497
1120.9990129
1120.43971251
1119.74919652
1118.92609493
1117.97558267
1116.85163264
1122.06752717
1121.96481505
1121.75704874
1121.4398206
1121.00703806
1120.45143127
1119.76618653
1118.95005294
1118.0099801
1116.90461583
1122.07066388
1121.96825293
1121.76116901
1121.44519164
1121.01454717
1120.46236463
1119.7820991
1118.97256536
1118.04233282
1116.95579842
1122.07371409
1121.97156476
1121.76507426
1121.45019379
1121.02145844
1120.47240785
1119.79679542
1118.99345075
1118.07239894
1117.00480526
1122.07661792
1121.97468816
1121.76869702
1121.45475112
1121.0276825
1120.48145291
1119.81015369
1119.01260174
1118.10006909
1117.05138552
1122.07931797
1121.97756133
1121.7719665
1121.4587786
1121.03311338
1120.48936518
1119.82200806
1119.02983692
1118.12516593
1117.09568846
1122.081762
1121.98012523
1121.77480948
1121.46218023
1121.03762181
1120.49596992
1119.83212896
1119.04486907
1118.14726235
1117.13746003
1122.08390515
1121.98232691
1121.77715601
1121.46485866
1121.04107053
1120.50107631
1119.84026382
1119.0573924
1118.16588423
1117.17635713
1122.08571418
1121.98412673
1121.7789532
1121.46673972
1121.04335434
1120.50453683
1119.84621709
1119.06719025
1118.18076271
1117.2139771
1122.08717491
1121.98551027
1121.78018644
1121.46780879
1121.0444573
1120.50632828
1119.84994554
1119.07419076
1118.1915219
1117.24709161
1122.08829965
1121.98649915
1121.78089755
1121.46814046
1121.04449803
1120.50661726
1119.85165786
1119.07866374
1118.19869973
1117.25839681
1122.08912888
1121.98715282
1121.78118686
1121.46790153
1121.04373563
1120.50577274
1119.85183431
1119.08120107
1118.20347173
1117.26313851
1122.08972363
1121.98755669
1121.78119219
1121.46731539
1121.04251395
1120.50428612
1119.85112153
1119.08258744
1118.20675164
1117.2661406
1122.0901494
1121.98779951
1121.78105205
1121.46660158
1121.04116676
1120.50263134
1119.85013895
1119.08356805
1118.20936483
1117.26665653
1122.09045486
1121.98794721
1121.78086909
1121.46592248
1121.03994199
1120.5011651
1119.8493639
1119.08473158
1118.21195687
1117.26713965
1122.09064103
1121.98801094
1121.78067556
1121.46534399
1121.03895311
1120.50006001
1119.84902687
1119.08632647
1118.21461808
1117.26549456
1122.09060328
1121.98789079
1121.78038081
1121.46478931
1121.03814171
1120.49927898
1119.84910856
1119.08832058
1118.21709165
1117.26228444
1122.09001116
1121.98725796
1121.77965906
1121.46393688
1121.03719223
1120.49851532
1119.84932347
1119.09050692
1118.21923993
1117.25521931
1122.08806462
1121.98531211
1121.77770943
1121.46198565
1121.03530539
1120.49697707
1119.84891659
1119.09235364
1118.22130016
1117.24643942
1122.08302706
1121.98031434
1121.77278877
1121.45718732
1121.03072854
1120.4929074
1119.84612749
1119.09221401
1118.22239017
1117.2350356
1122.07138969
1121.96875135
1121.76137506
1121.44600798
1121.01991429
1120.48273931
1119.83732524
1119.08629081
1118.21868993
1117.21748136
1122.04649061
1121.943955
1121.73678762
1121.42174858
1120.99614126
1120.4597259
1119.81571053
1119.06764357
1118.20329255
1117.1856105
1121.99644236
1121.8940311
1121.68711802
1121.37247807
1120.94744831
1120.4118726
1119.76924249
1119.02411847
1118.1643431
1117.12715737
1121.90137498
1121.79910398
1121.59247734
1121.27828403
1120.85388804
1120.31918995
1119.67788273
1118.93554996
1118.08208146
1117.03066214
1121.73032168
1121.62820334
1121.42188553
1121.10816593
1120.68442494
1120.15059486
1119.51049042
1118.77061904
1117.92463897
1116.87769597
1121.43853407
1121.33657805
1121.13058287
1120.81734397
1120.39424196
1119.86121594
1119.22212989
1118.4842302
1117.64567826
1116.61679339
1120.96646621
1120.86467253
1120.65899176
1120.34619939
1119.9236496
1119.39125427
1118.75285396
1118.01621174
1117.18418747
1116.17809209
1120.24184966
1120.14018649
1119.93475106
1119.62227809
1119.20005405
1118.66790354
1118.02954168
1117.29295739
1116.46558449
1115.48409588
1119.18593149
1119.08428718
1118.87890118
1118.5664714
1118.1441755
1117.6116492
1116.97228277
1116.23373301
1115.40675865
1114.44699597
1117.72400291
1117.62205933
1117.41628411
1117.10344384
1116.68063661
1116.14717254
1115.50570852
1114.76238572
1113.92742895
1112.97256266
1115.79866453
1115.69536226
1115.48825467
1115.17427861
1114.7506506
1114.21623648
1113.57252883
1112.82402836
1111.98276077
1111.03255045
)
;

boundaryField
{
    symmetric
    {
        type            symmetry;
    }
    emptyPatch
    {
        type            empty;
    }
    solid_to_water
    {
        type            compressible::turbulentTemperatureTwoPhaseRadCoupledMixed;
        refValue        nonuniform List<scalar> 
70
(
438.175191835
451.189822023
450.225395881
447.34147403
440.359765689
425.694399304
396.291683799
359.102706709
341.857678385
336.909904536
338.453887768
345.088986754
347.91094633
349.692198403
349.074381221
350.602520861
349.448251317
351.018878734
349.772922025
351.151046359
349.976326175
351.249840767
350.190268372
350.912182523
350.183366016
350.094090767
347.958396994
343.840311881
340.936614823
339.16118705
337.886925588
336.858813164
336.0017641
335.315522308
334.855888308
334.777744188
335.322690115
338.257088818
353.802306501
373.436838584
373.83745721
384.776315333
379.760361427
388.902947968
382.397681166
389.108986971
383.380932875
387.354431983
383.427716889
384.779010616
382.764836359
378.202573801
360.056353843
347.143959375
341.745255413
339.316090338
338.421935033
338.224711673
339.363619924
334.171173909
334.275361206
334.34288836
334.411520634
334.475380389
334.536148398
334.626989831
334.889863099
335.965169668
342.380949892
339.026530075
)
;
        refGradient     uniform 0;
        valueFraction   nonuniform List<scalar> 
70
(
0.000506800601337
0.000471853484892
0.000471749603074
0.000474726108351
0.000487439477091
0.00052282886172
0.000632333030123
0.000953016298886
0.00135831978691
0.00154597495455
0.000995398869522
0.000920154019127
0.000896584487321
0.000876676183255
0.000895631006047
0.000870473317341
0.000894295662086
0.000867550542329
0.000892379569494
0.000869256021242
0.000892449420194
0.000871977725324
0.000892749525243
0.000881408896305
0.000894590593007
0.000891498348529
0.000910997861383
0.000962135746988
0.000992000654388
0.000998979123411
0.000994900090586
0.000985282970815
0.000973254541032
0.000960965683776
0.000951099624004
0.000949499869474
0.000958874850889
0.000997499902022
0.000762702805222
0.000609028736651
0.000654503548603
0.000599756865096
0.000654516357933
0.000603177057186
0.000654516218765
0.000613873511791
0.000654507328008
0.000628185637116
0.000654492306347
0.000643279129895
0.000654467747826
0.0006761890981
0.000819520064928
0.000959907860863
0.000998209129346
0.000995128679938
0.000993707320901
0.000994352902424
0.000995484678835
0.00154735662343
0.00155203291367
0.00155433860779
0.00155636624592
0.00155782952213
0.00155880273718
0.00156023631595
0.00156450159081
0.00153258496461
0.000962449843601
0.00136543334278
)
;
        source          uniform 0;
        value           nonuniform List<scalar> 
70
(
1119.38299101
1119.28039196
1119.00122633
1118.5619617
1117.93866351
1117.09658522
1115.9627517
1114.39753336
1112.55058008
1110.84458231
1111.27288889
1112.73509561
1113.68569094
1114.34698525
1114.77899546
1115.10500021
1115.29355656
1115.45778535
1115.54014513
1115.63743214
1115.68399317
1115.7599582
1115.79923427
1115.86314503
1115.90657247
1115.96102277
1115.99478944
1116.00364207
1116.03206407
1116.0792652
1116.13425949
1116.19193495
1116.24946474
1116.30494973
1116.35653696
1116.39963057
1116.43202972
1116.44316676
1116.66721257
1116.80505251
1116.77691605
1116.82618172
1116.78418586
1116.82711867
1116.78465294
1116.81466488
1116.77486436
1116.78733273
1116.75450583
1116.74575441
1116.70446528
1116.6272533
1116.41251854
1116.14377636
1115.84945306
1115.41169002
1114.71917982
1113.68300071
1112.21041531
1114.59220897
1114.48559948
1114.27715476
1113.96222284
1113.5382235
1113.00395708
1112.36022149
1111.60984778
1110.79627677
1110.29898735
1109.98465069
)
;
        kappaMethod     solidThermo;
        Tnbr            T.liquid;
        region          solid;
        otherPhase      gas;
    }
}


// ************************************************************************* //
