/*--------------------------------*- C++ -*----------------------------------*\
| =========                 |                                                 |
| \\      /  F ield         | OpenFOAM: The Open Source CFD Toolbox           |
|  \\    /   O peration     | Version:  2206                                  |
|   \\  /    A nd           | Website:  www.openfoam.com                      |
|    \\/     M anipulation  |                                                 |
\*---------------------------------------------------------------------------*/
FoamFile
{
    version     2.0;
    format      ascii;
    arch        "LSB;label=64;scalar=64";
    class       volScalarField;
    location    "4.9/solid";
    object      T;
}
// * * * * * * * * * * * * * * * * * * * * * * * * * * * * * * * * * * * * * //

dimensions      [0 0 0 1 0 0 0];

internalField   nonuniform List<scalar> 
500
(
1067.9112768
1067.74492418
1067.40872308
1066.89951751
1066.21132947
1065.33584935
1064.26025394
1062.97443356
1061.53970379
1060.09907438
1068.70891617
1068.54697033
1068.22242822
1067.73442049
1067.08229845
1066.26686755
1065.29242993
1064.17031544
1062.92742673
1061.61238398
1069.57444508
1069.41922226
1069.10900536
1068.64448356
1068.02724493
1067.26051411
1066.35012051
1065.30535816
1064.13991799
1062.87665503
1070.48345441
1070.33440237
1070.03680176
1069.59177776
1069.00127953
1068.26834982
1067.39732859
1066.39371001
1065.26409546
1064.0218098
1071.41761705
1071.27343874
1070.98556391
1070.55500007
1069.98333499
1069.27278441
1068.42612601
1067.44629865
1066.3361724
1065.10456697
1072.36317151
1072.22263029
1071.94191083
1071.52174858
1070.96324398
1070.26783697
1069.43718318
1068.47269968
1067.37513368
1066.15038342
1073.31009592
1073.17227535
1072.89687448
1072.48437211
1071.93546142
1071.25101522
1070.43197531
1069.47887811
1068.39107468
1067.17185922
1074.25126102
1074.11557423
1073.84434437
1073.4378559
1072.89651048
1072.22080387
1071.41124795
1070.46787809
1069.38900598
1068.17498906
1075.1815176
1075.04763539
1074.77994737
1074.37860514
1073.84381695
1073.17583984
1072.37493956
1071.4408865
1070.37115556
1069.16314201
1076.09696075
1075.96473175
1075.70030664
1075.30375205
1074.77515463
1074.1146272
1073.32231097
1072.39788051
1071.33811923
1070.13675476
1076.99441406
1076.86380004
1076.60257861
1076.21076543
1075.68837472
1075.03543671
1074.25204721
1073.33791703
1072.28929347
1071.09606335
1077.87109338
1077.74212259
1077.48417331
1077.09723366
1076.5812784
1075.93629398
1075.16237842
1074.25938181
1073.22319515
1072.03921576
1078.72439707
1078.59713179
1078.3425875
1077.96074084
1077.45154977
1076.8149828
1076.05117303
1075.1602123
1074.13790071
1072.9650311
1079.55178148
1079.42629582
1079.17531028
1078.79880107
1078.29672517
1077.66905121
1076.91597006
1076.03791396
1075.03093286
1073.87079452
1080.35069319
1080.22705844
1079.97977763
1079.60883322
1079.11419052
1078.49582577
1077.75398657
1076.88949599
1075.89902492
1074.75354043
1081.11853656
1080.99681257
1080.75335787
1080.38816446
1079.9012101
1079.2924786
1078.56225511
1077.71175377
1076.73863289
1075.60932705
1081.85266132
1081.7328923
1081.49335278
1081.13404545
1080.65496223
1080.05609324
1079.33774162
1078.50149839
1077.54639309
1076.43499177
1082.55035933
1082.43257243
1082.19700236
1081.84366253
1081.37255904
1080.78368585
1080.07734109
1079.25545402
1078.3188347
1077.22693368
1083.20886414
1083.09306961
1082.86148912
1082.51414608
1082.05106
1081.47222574
1080.77791113
1079.97031039
1079.05238532
1077.98320575
1083.82535059
1083.71154287
1083.48394039
1083.14257588
1082.68748201
1082.11865469
1081.43631349
1080.64282782
1079.74354549
1078.70137525
1084.39693264
1084.2850917
1084.06142674
1083.72597883
1083.27879296
1082.7198652
1082.04934558
1081.26965189
1080.38854789
1079.37584566
1084.92065959
1084.81075256
1084.59095893
1084.26132735
1083.82191496
1083.27272016
1082.61381355
1081.84753586
1080.98395745
1080.00229214
1085.39351114
1085.28549379
1085.06948254
1084.74553273
1084.31371291
1083.77402547
1083.12645486
1082.37313198
1081.52615687
1080.57704493
1085.812392
1085.70621034
1085.49387307
1085.17544134
1084.75099454
1084.2205419
1083.58398416
1082.84312449
1082.01162738
1081.09775843
1086.17412709
1086.06971882
1085.86093053
1085.54782839
1085.13050188
1084.60896958
1083.9830543
1083.25412258
1082.43658056
1081.56199009
1086.47545792
1086.37275383
1086.16737577
1085.8593941
1085.4489076
1084.93594663
1084.32026823
1083.60274079
1082.79720882
1081.96405607
1086.71304095
1086.61196631
1086.40984871
1086.10676214
1085.70281396
1085.19804894
1084.59217428
1083.88556393
1083.09041337
1082.269559
1086.88344831
1086.78392392
1086.58490828
1086.28647857
1085.88875014
1085.39178387
1084.79525162
1084.09906924
1083.31371636
1082.50010675
1086.98317151
1086.88511436
1086.68903468
1086.39501273
1086.00317162
1085.51359076
1084.9259223
1084.23966069
1083.46354653
1082.65556176
1087.00862978
1086.91195331
1086.71863653
1086.42876296
1086.04246391
1085.55984097
1084.98054537
1084.30369587
1083.53631391
1082.73364819
1086.95618436
1086.86079832
1086.67006404
1086.38406836
1086.00295091
1085.52683798
1084.95539632
1084.28741648
1083.52824445
1082.7298549
1086.8221594
1086.72797005
1086.53963045
1086.25723012
1085.88091569
1085.41083761
1084.84668802
1084.1869622
1083.43534468
1082.64093554
1086.6028688
1086.50978
1086.32364204
1086.0445452
1085.67263948
1085.20809441
1084.65062946
1083.99846545
1083.25361409
1082.46173916
1086.29464548
1086.20256124
1086.01843194
1085.74234643
1085.37445392
1084.91493757
1084.36354802
1083.71826641
1082.9794623
1082.18981866
1085.89386955
1085.80269691
1085.62038956
1085.34703316
1084.98277297
1084.52780184
1083.98190701
1083.34286007
1082.60936943
1081.82056488
1085.3969937
1085.30664509
1085.12598414
1084.85509238
1084.49410901
1084.04323406
1083.50230011
1082.86891053
1082.14009169
1081.3517315
1084.8005666
1084.71096106
1084.53178475
1084.26311536
1083.90508584
1083.45790308
1082.92145805
1082.29324726
1081.56863108
1080.77950615
1084.10125697
1084.01231968
1083.83447924
1083.56781109
1083.21244388
1082.76859363
1082.23622498
1081.61279421
1080.8920077
1080.10176345
1083.29588174
1083.20754196
1083.03089731
1082.76602378
1082.41304925
1081.9722024
1081.44353765
1080.824546
1080.10729177
1079.31479147
1082.38144178
1082.29362913
1082.11804154
1081.8547595
1081.50391507
1081.06575397
1080.54043555
1079.92557453
1079.21166931
1078.4164152
1081.35516878
1081.26780788
1081.09312937
1080.83122368
1080.48223451
1080.04643166
1079.52409585
1078.91306261
1078.20237666
1077.40329486
1080.21458655
1080.12758982
1079.95364866
1079.69287045
1079.34542041
1078.91160262
1078.39183763
1077.78428954
1077.07670155
1076.2730428
1078.95759115
1078.87084959
1078.69743184
1078.43747049
1078.09116428
1077.65886419
1077.14114891
1076.53662929
1075.83198214
1075.0221708
1077.58255462
1077.4959269
1077.32275413
1077.06320303
1076.7175201
1076.28612013
1075.76976238
1075.16763836
1074.46571825
1073.648338
1076.08845765
1076.00175859
1075.82846326
1075.56877932
1075.22301381
1074.79166446
1074.27569989
1073.67505
1072.9755058
1072.14822288
1074.47505245
1074.38804462
1074.21415062
1073.95361658
1073.60680942
1073.17431533
1072.65733353
1072.05671787
1071.35892297
1070.51867527
1072.7430374
1072.65543304
1072.48035954
1072.21808146
1071.86898786
1071.43370293
1070.91360821
1070.3106063
1069.61304165
1068.7548088
1070.89418235
1070.80565592
1070.62876923
1070.36377783
1070.01099695
1069.57091244
1069.04482136
1068.43542063
1067.7341706
1066.85348517
1068.93133825
1068.84148241
1068.66217909
1068.39371192
1068.03620328
1067.58968266
1067.05470648
1066.43350175
1065.71980208
1064.82292404
1066.85866368
1066.76644281
1066.58409726
1066.31199441
1065.95004741
1065.49773668
1064.95431787
1064.31910763
1063.58341936
1062.66288247
)
;

boundaryField
{
    symmetric
    {
        type            symmetry;
    }
    emptyPatch
    {
        type            empty;
    }
    solid_to_water
    {
        type            compressible::turbulentTemperatureTwoPhaseRadCoupledMixed;
        refValue        nonuniform List<scalar> 
70
(
402.117148941
402.757862652
401.339882068
398.565288098
392.800177574
382.662226807
366.576664415
349.343054315
340.839726835
336.920563919
337.440263767
339.788390986
343.323070789
344.160464984
344.712828838
344.661751874
345.516308717
344.806016974
345.677630809
344.957564764
345.82578138
345.140980169
345.933171126
345.298402789
345.849226053
345.320535905
345.309765305
344.205848596
341.345047334
338.996458599
337.368534915
336.23711932
335.748609387
336.031722445
338.600265449
361.277420451
395.371446097
413.734338711
412.771424475
426.549582179
419.105158823
430.958441625
421.807521314
432.111005571
422.751617034
431.583461783
423.018537512
430.75789357
423.144214094
429.009129788
422.828558375
427.916109123
423.543482711
426.820778338
424.20475364
423.779682744
415.926763858
372.58768295
346.984135614
334.460806648
334.560067149
334.620566534
334.679012344
334.740526269
334.793353202
334.814584796
334.979144282
335.100936185
340.507469437
335.177047362
)
;
        refGradient     uniform 0;
        valueFraction   nonuniform List<scalar> 
70
(
0.000601063389734
0.00059154183017
0.000592173439952
0.000599807961709
0.000624413289039
0.000681662364892
0.000818441082159
0.00109636274206
0.00134709748732
0.00149739118796
0.000953538407422
0.00096160146357
0.000918261778263
0.000914340203835
0.000908764386964
0.000913856557512
0.000897249220275
0.000914811535723
0.00089761372593
0.000915324050836
0.000898490393743
0.000915664515265
0.000900868071779
0.000916684377526
0.000906804941894
0.000918842997058
0.000916801664063
0.000927022913491
0.000962431342593
0.000973259902691
0.000961844841225
0.000946142025051
0.000938557326305
0.00094370888984
0.00097223897255
0.000701568787515
0.000530079350564
0.000496952130786
0.000527840380403
0.000492475494794
0.000527860318738
0.000492514068577
0.000526902111923
0.000494144943761
0.000526783578143
0.000497884589073
0.000527499332847
0.000501800040335
0.000528081132092
0.000508221246548
0.000529952076391
0.00051321814695
0.00052951102586
0.00051929230628
0.000528983083416
0.000527233225246
0.000534587170868
0.0007103329575
0.000933259376995
0.00148359785167
0.00148941927036
0.00149242784643
0.00149518702032
0.00149781207831
0.00149965844673
0.00149987365636
0.00150794348387
0.00150971019071
0.000962331125514
0.00150876220365
)
;
        source          uniform 0;
        value           nonuniform List<scalar> 
70
(
1067.51257714
1067.35301333
1067.01574842
1066.50012479
1065.7924061
1064.87227067
1063.6914649
1062.19456107
1060.57071335
1059.01777143
1059.41157049
1060.91974006
1062.2168222
1063.36447291
1064.45071074
1065.49195889
1066.52508654
1067.51426268
1068.5145844
1069.47414669
1070.44544398
1071.37498313
1072.31135238
1073.20455628
1074.09421961
1074.94029155
1075.76683793
1076.54989234
1077.27745962
1077.98511988
1078.66598455
1079.3025296
1079.88213975
1080.39918457
1080.8449129
1081.46034027
1081.90487173
1082.1666864
1082.30132851
1082.40937406
1082.37896452
1082.31891501
1082.11309342
1081.86759792
1081.47286599
1081.02730592
1080.43203818
1079.77505044
1078.96776187
1078.08554854
1077.05585043
1075.93946285
1074.67654411
1073.31156658
1071.80463705
1070.17672784
1068.40484301
1066.36168494
1064.15734638
1065.77322559
1065.67702601
1065.49283881
1065.21920944
1064.85597463
1064.4030629
1063.86030771
1063.2204732
1062.48546685
1061.97220756
1061.56955472
)
;
        kappaMethod     solidThermo;
        Tnbr            T.liquid;
        region          solid;
        otherPhase      gas;
    }
}


// ************************************************************************* //
