-0.11 	0.00789711 	-0.000498756 	0.0112365
-0.109559 	0.00821651 	-0.000583225 	0.0116265
-0.109118 	0.00853591 	-0.000667695 	0.0120166
-0.108677 	0.0088553 	-0.000752164 	0.0124066
-0.108236 	0.0091747 	-0.000836634 	0.0127967
-0.107796 	0.00949634 	-0.000914831 	0.0131788
-0.107355 	0.00981857 	-0.000991356 	0.0135588
-0.106914 	0.0100497 	-0.00105723 	0.0138002
-0.106473 	0.0101861 	-0.00111159 	0.0138955
-0.106032 	0.0103226 	-0.00116595 	0.0139907
-0.105591 	0.010467 	-0.00123363 	0.0141158
-0.10515 	0.010613 	-0.00130422 	0.0142474
-0.104709 	0.010759 	-0.00137481 	0.014379
-0.104269 	0.010905 	-0.0014454 	0.0145106
-0.103828 	0.011051 	-0.00151598 	0.0146422
-0.103387 	0.011208 	-0.00157451 	0.0146857
-0.102946 	0.0113781 	-0.00161878 	0.0146245
-0.102505 	0.0115481 	-0.00166306 	0.0145634
-0.102064 	0.0117182 	-0.00170734 	0.0145023
-0.101623 	0.0118883 	-0.00175161 	0.0144411
-0.101182 	0.0120575 	-0.00179309 	0.014375
-0.100741 	0.0122213 	-0.00181796 	0.0142794
-0.100301 	0.0123852 	-0.00184284 	0.0141839
-0.0998597 	0.012574 	-0.0018511 	0.0140125
-0.0994188 	0.0127884 	-0.00184238 	0.0137639
-0.098978 	0.0130028 	-0.00183366 	0.0135153
-0.0985371 	0.0131866 	-0.00184208 	0.0133154
-0.0980962 	0.013366 	-0.00185298 	0.0131226
-0.0976553 	0.0135453 	-0.00186387 	0.0129297
-0.0972144 	0.0137247 	-0.00187477 	0.0127369
-0.0967735 	0.0139041 	-0.00188567 	0.012544
-0.0963327 	0.0141389 	-0.00189075 	0.0122229
-0.0958918 	0.0144074 	-0.00189243 	0.0118237
-0.0954509 	0.0146758 	-0.00189411 	0.0114246
-0.09501 	0.0149443 	-0.0018958 	0.0110255
-0.0945691 	0.0152127 	-0.00189748 	0.0106263
-0.0941283 	0.0154733 	-0.00189501 	0.0102511
-0.0936874 	0.0157199 	-0.00188511 	0.00991853
-0.0932465 	0.0159666 	-0.00187522 	0.00958601
-0.0928056 	0.0162132 	-0.00186532 	0.00925349
-0.0923647 	0.0164598 	-0.00185542 	0.00892097
-0.0919238 	0.0167064 	-0.00184553 	0.00858845
-0.091483 	0.0169531 	-0.00183563 	0.00825593
-0.0531263 	0.0252381 	-0.000417298 	-0.0128882
-0.0526854 	0.024606 	9.60659e-05 	-0.0121662
-0.0522445 	0.0236513 	0.00131362 	-0.0110606
-0.0518036 	0.0240132 	0.00198054 	-0.00985497
-0.0509218 	0.0330122 	0.000311017 	-0.00692349
-0.050481 	0.045248 	-8.76462e-05 	-0.00398386
-0.0500401 	0.0598427 	-0.000342862 	-0.000611037
-0.0376954 	0.036511 	0.00167746 	-0.00220774
-0.0372545 	0.0236909 	0.00565905 	-0.00417594
-0.0368136 	0.0179865 	0.00597277 	-0.00454666
-0.0363727 	0.0133209 	0.00608889 	-0.00481435
-0.0359319 	0.0124402 	0.00529006 	-0.00469188
-0.035491 	0.0116034 	0.00427042 	-0.00451788
-0.0350501 	0.0113139 	0.00354705 	-0.00411026
-0.0346092 	0.0113192 	0.00302485 	-0.00371226
-0.0341683 	0.0107102 	0.002757 	-0.00351638
-0.0337275 	0.0101091 	0.00256623 	-0.00337271
-0.0332866 	0.00917305 	0.00242862 	-0.00318987
-0.0328457 	0.00815713 	0.00228936 	-0.00299824
0.00507014 	-0.00513366 	3.02648e-05 	-0.000144415
0.00551102 	-0.00436251 	-0.000144412 	-0.000428477
0.0059519 	-0.00359136 	-0.000319088 	-0.00071254
0.00639279 	-0.0029337 	-0.000363499 	-0.00107327
0.00683367 	-0.00239355 	-0.000273026 	-0.00151338
0.00727455 	-0.0018534 	-0.000182554 	-0.00195349
0.00771543 	-0.00131325 	-9.20819e-05 	-0.0023936
0.00815631 	-0.0007731 	-1.60961e-06 	-0.00283371
0.00859719 	-0.000274398 	7.68903e-05 	-0.00318744
0.00903808 	-0.000123509 	0.000145013 	-0.00282371
0.00947896 	2.47229e-05 	0.000213935 	-0.00244629
0.00991984 	0.000172955 	0.000282856 	-0.00206887
0.0103607 	0.000321187 	0.000351778 	-0.00169145
0.0108016 	0.000469419 	0.0004207 	-0.00131403
0.0112425 	0.00057656 	0.00038088 	-0.000902026
0.0116834 	0.000672779 	0.000312154 	-0.000480823
0.0121242 	0.000736086 	0.000253196 	-3.79946e-05
0.0125651 	0.000672498 	0.0002639 	0.00042331
0.013006 	0.00060891 	0.000274604 	0.000884614
0.0134469 	0.0005622 	0.000302631 	0.00135948
0.0138878 	0.000534336 	0.00035 	0.0018495
0.0143287 	0.000506471 	0.00039737 	0.00233951
0.0147695 	0.000478606 	0.000444739 	0.00282953
0.0152104 	0.000450741 	0.000492109 	0.00331955
0.0156513 	0.000418494 	0.000532922 	0.00380431
0.0160922 	0.00035064 	0.000510877 	0.00408773
0.0165331 	0.000282786 	0.000488833 	0.00437114
0.0169739 	0.000214931 	0.000466788 	0.00465455
0.0174148 	0.000147077 	0.000444744 	0.00493797
0.0178557 	7.92231e-05 	0.000422699 	0.00522138
0.0182966 	-1.65309e-05 	0.000443807 	0.00547465
0.0187375 	-0.00012835 	0.000489763 	0.00571055
0.0191784 	-0.000240169 	0.000535719 	0.00594646
0.0196192 	-0.000473556 	0.000577121 	0.00589267
0.0200601 	-0.00072784 	0.000622866 	0.00580184
0.020501 	-0.000968253 	0.000652438 	0.005718
0.0209419 	-0.00113093 	0.000591368 	0.00567337
0.0213828 	-0.0012936 	0.000530299 	0.00562874
0.0218236 	-0.00145627 	0.000469229 	0.0055841
0.0222645 	-0.00161895 	0.00040816 	0.00553947
0.0227054 	-0.00178162 	0.00034709 	0.00549483
0.0231463 	-0.00210388 	0.000300981 	0.00529313
0.0235872 	-0.00251302 	0.000259607 	0.00501036
0.0240281 	-0.00292217 	0.000218232 	0.00472759
0.0244689 	-0.00333131 	0.000176858 	0.00444482
0.0249098 	-0.00374045 	0.000135484 	0.00416204
0.0253507 	-0.00415944 	0.000101576 	0.00387493
0.0257916 	-0.00467412 	0.000140206 	0.00354567
0.0262325 	-0.0051888 	0.000178835 	0.00321641
0.0266733 	-0.00578577 	0.000225181 	0.00279328
0.0271142 	-0.00656507 	0.00030144 	0.00215291
0.0275551 	-0.00734437 	0.000377698 	0.00151254
0.027996 	-0.00807658 	0.000416666 	0.000926542
0.0284369 	-0.00876646 	0.000422118 	0.000389407
0.0288778 	-0.00945635 	0.000427569 	-0.000147727
0.0293186 	-0.0101462 	0.000433021 	-0.000684862
0.0297595 	-0.0108361 	0.000438473 	-0.001222
0.0302004 	-0.011526 	0.000443924 	-0.00175913
0.0306413 	-0.0123322 	0.000538709 	-0.00266621
0.0310822 	-0.0131404 	0.000639881 	-0.00359308
0.031523 	-0.0139486 	0.000741053 	-0.00451995
0.0319639 	-0.0147568 	0.000842226 	-0.00544682
0.0324048 	-0.015565 	0.000943398 	-0.00637369
0.0328457 	-0.0163762 	0.00107129 	-0.00733153
0.0332866 	-0.0171932 	0.00124976 	-0.00834797
0.0337275 	-0.0180102 	0.00142823 	-0.00936441
0.0341683 	-0.0186793 	0.00157582 	-0.0103281
0.0346092 	-0.0192167 	0.00169734 	-0.0112365
0.0350501 	-0.0197542 	0.00181886 	-0.0121449
0.035491 	-0.0203829 	0.00192391 	-0.0130655
0.0359319 	-0.021039 	0.002024 	-0.0139896
0.0363727 	-0.0216952 	0.00212409 	-0.0149138
0.0368136 	-0.0223514 	0.00222417 	-0.015838
0.0372545 	-0.0230075 	0.00232426 	-0.0167622
0.0376954 	-0.0235976 	0.00240345 	-0.0175499
0.0381363 	-0.0239545 	0.00241077 	-0.0178284
0.0385772 	-0.0243114 	0.00241808 	-0.0181068
0.039018 	-0.0246682 	0.0024254 	-0.0183852
0.0394589 	-0.0250251 	0.00243271 	-0.0186637
0.0398998 	-0.025382 	0.00244003 	-0.0189421
0.0403407 	-0.0256234 	0.00244062 	-0.0191896
0.0407816 	-0.0258345 	0.00243945 	-0.0194289
0.0412224 	-0.0260354 	0.00243966 	-0.0196148
0.0416633 	-0.0261159 	0.00245613 	-0.0192449
0.0421042 	-0.0261964 	0.0024726 	-0.018875
0.0425451 	-0.0263145 	0.00248327 	-0.0184891
0.042986 	-0.0264716 	0.00248794 	-0.0180867
0.0434269 	-0.0266286 	0.00249262 	-0.0176843
0.0438677 	-0.0267857 	0.0024973 	-0.0172819
0.0443086 	-0.0269427 	0.00250197 	-0.0168795
0.0447495 	-0.027063 	0.00251813 	-0.0164196
0.0451904 	-0.0271124 	0.00256073 	-0.0158613
0.0456313 	-0.0271617 	0.00260333 	-0.0153031
0.0460721 	-0.0272111 	0.00264594 	-0.0147449
0.046513 	-0.0272605 	0.00268854 	-0.0141867
0.0469539 	-0.0273033 	0.0027378 	-0.0136609
0.0473948 	-0.0273393 	0.00279389 	-0.0131684
0.0478357 	-0.0273702 	0.00285633 	-0.0127095
0.0482766 	-0.0273712 	0.00300982 	-0.0127827
0.0487174 	-0.0273722 	0.0031633 	-0.0128558
0.0491583 	-0.0273095 	0.00333939 	-0.0129289
0.0495992 	-0.0272149 	0.00352681 	-0.0130018
0.0500401 	-0.0271202 	0.00371423 	-0.0130748
0.050481 	-0.0270256 	0.00390164 	-0.0131477
0.0509218 	-0.026931 	0.00408906 	-0.0132207
0.0513627 	-0.0268482 	0.00427537 	-0.0135256
0.0518036 	-0.0267703 	0.00445154 	-0.0138432
0.0522445 	-0.0266923 	0.0046277 	-0.0141608
0.0526854 	-0.0266144 	0.00480386 	-0.0144784
0.0531263 	-0.0265365 	0.00498003 	-0.014796
0.0535671 	-0.0264585 	0.00515619 	-0.0151136
0.054008 	-0.0264573 	0.00524236 	-0.0153343
0.0544489 	-0.0264686 	0.00531382 	-0.0155391
0.0548898 	-0.0264799 	0.00538529 	-0.015744
0.0553307 	-0.0264426 	0.00528905 	-0.0155576
0.0557715 	-0.0263966 	0.00516953 	-0.0153162
0.0562124 	-0.0263505 	0.00505002 	-0.0150748
0.0566533 	-0.0263138 	0.0050252 	-0.0149788
0.0570942 	-0.0262782 	0.00501188 	-0.0149005
0.0575351 	-0.0262425 	0.00499857 	-0.0148222
0.057976 	-0.0262069 	0.00498526 	-0.0147439
0.0584168 	-0.0261713 	0.00497195 	-0.0146656
0.0588577 	-0.0261357 	0.00495864 	-0.0145872
0.0592986 	-0.0260208 	0.00479659 	-0.0142638
0.0597395 	-0.0258967 	0.0046178 	-0.0139168
0.0601804 	-0.0257726 	0.00443901 	-0.0135697
0.0606212 	-0.0256485 	0.00426022 	-0.0132227
0.0610621 	-0.0255244 	0.00408143 	-0.0128756
0.061503 	-0.0254002 	0.00390264 	-0.0125286
0.0619439 	-0.0252472 	0.00370792 	-0.0121272
0.0623848 	-0.0250922 	0.00351214 	-0.0117222
0.0628257 	-0.0249373 	0.00331637 	-0.0113172
0.0632665 	-0.0247814 	0.00316281 	-0.0109702
0.0637074 	-0.024626 	0.00301185 	-0.0106264
0.0641483 	-0.0244707 	0.00286089 	-0.0102826
0.0645892 	-0.0243353 	0.00267357 	-0.00993488
0.0650301 	-0.0242002 	0.00248582 	-0.00958712
0.0654709 	-0.0240652 	0.00229806 	-0.00923937
0.0659118 	-0.0239301 	0.00211031 	-0.00889161
0.0663527 	-0.023795 	0.00192255 	-0.00854386
0.0667936 	-0.0236656 	0.00175018 	-0.00818194
0.0672345 	-0.023581 	0.00169704 	-0.00770921
0.0681162 	-0.0234117 	0.00159064 	-0.00676375
0.0685571 	-0.0233271 	0.00153739 	-0.00629103
0.068998 	-0.0232424 	0.00148415 	-0.00581831
0.0694389 	-0.0231576 	0.00143208 	-0.00535362
0.0698798 	-0.02307 	0.00139798 	-0.00501142
0.0703206 	-0.0229824 	0.00136388 	-0.00466923
0.0707615 	-0.0228949 	0.00132978 	-0.00432703
0.0712024 	-0.0228073 	0.00129568 	-0.00398483
0.0716433 	-0.0227197 	0.00126158 	-0.00364264
0.0720842 	-0.0226321 	0.00122748 	-0.00330044
0.0725251 	-0.0225446 	0.00119338 	-0.00295824
0.0729659 	-0.022457 	0.00115928 	-0.00261605
0.0734068 	-0.0223694 	0.00112519 	-0.00227385
0.0738477 	-0.0222819 	0.00109109 	-0.00193166
0.0742886 	-0.0221943 	0.00105699 	-0.00158946
0.0747295 	-0.022108 	0.00102911 	-0.00124238
0.0751703 	-0.0220316 	0.00106088 	-0.000853204
0.0756112 	-0.0219552 	0.00109265 	-0.000464033
0.0760521 	-0.0218787 	0.00112442 	-7.48624e-05
0.076493 	-0.0218023 	0.00115619 	0.000314308
0.0778156 	-0.0215731 	0.00125116 	0.00148223
0.0782565 	-0.0214966 	0.00128278 	0.00187158
0.0786974 	-0.0214202 	0.0013144 	0.00226092
0.0791383 	-0.0213438 	0.00134602 	0.00265027
0.0795792 	-0.0212684 	0.001373 	0.00304288
0.08002 	-0.0212049 	0.00134179 	0.00347637
0.0804609 	-0.0211415 	0.00131059 	0.00390985
0.0809018 	-0.021078 	0.00127938 	0.00434334
0.0813427 	-0.0210146 	0.00124818 	0.00477682
0.0817836 	-0.0209511 	0.00121698 	0.00521031
0.0822244 	-0.020855 	0.0011669 	0.00554043
0.0826653 	-0.0207343 	0.00110078 	0.00579316
0.0831062 	-0.0206135 	0.00103465 	0.00604589
0.0835471 	-0.0204927 	0.000968524 	0.00629861
0.083988 	-0.020372 	0.000902398 	0.00655134
0.0844289 	-0.0202512 	0.000836271 	0.00680407
0.0848697 	-0.0201412 	0.00085097 	0.00707512
0.0853106 	-0.0200312 	0.000866723 	0.00734641
0.0857515 	-0.0199213 	0.000882476 	0.0076177
0.0861924 	-0.0198114 	0.000898229 	0.00788898
0.0866333 	-0.0197015 	0.000913983 	0.00816027
0.0870741 	-0.0195916 	0.000929736 	0.00843156
0.100301 	-0.0158828 	-1.68004e-05 	0.010037
0.108677 	-0.012107 	-0.000326748 	0.00702775
0.109118 	-0.0115552 	-0.000312221 	0.00671939
0.109559 	-0.0110034 	-0.000297694 	0.00641103
0.11 	-0.0104516 	-0.000283167 	0.00610266
