/*--------------------------------*- C++ -*----------------------------------*\
| =========                 |                                                 |
| \\      /  F ield         | OpenFOAM: The Open Source CFD Toolbox           |
|  \\    /   O peration     | Version:  2206                                  |
|   \\  /    A nd           | Website:  www.openfoam.com                      |
|    \\/     M anipulation  |                                                 |
\*---------------------------------------------------------------------------*/
FoamFile
{
    version     2.0;
    format      ascii;
    arch        "LSB;label=64;scalar=64";
    class       volScalarField;
    location    "0.2/solid";
    object      T;
}
// * * * * * * * * * * * * * * * * * * * * * * * * * * * * * * * * * * * * * //

dimensions      [0 0 0 1 0 0 0];

internalField   nonuniform List<scalar> 
500
(
1120.73190881
1120.64457692
1120.45434794
1120.14220355
1119.67841639
1119.02409695
1118.13143435
1116.95316515
1115.51623341
1113.98897752
1121.29502713
1121.20881923
1121.02681431
1120.73148846
1120.29894056
1119.70179945
1118.91405914
1117.9187315
1116.71792704
1115.34125145
1121.76516925
1121.68320922
1121.51110041
1121.23346509
1120.82954529
1120.27595688
1119.55038537
1118.63540695
1117.519981
1116.19900581
1122.11653075
1122.03801658
1121.87339724
1121.60828346
1121.22304884
1120.69519876
1120.00239714
1119.12515889
1118.04654212
1116.74957911
1122.35429023
1122.27791591
1122.1178048
1121.85992085
1121.48495406
1120.97051947
1120.29411201
1119.43582986
1118.37729355
1117.09558591
1122.5006571
1122.42542039
1122.26765783
1122.01343598
1121.64351586
1121.13554562
1120.46722911
1119.6195482
1118.57517075
1117.3070442
1122.58284305
1122.50815445
1122.35150617
1122.09898642
1121.7313728
1121.22638744
1120.56218485
1119.72133322
1118.68909166
1117.43539395
1122.62514045
1122.55070651
1122.39456907
1122.14281726
1121.77623959
1121.2726593
1120.61077075
1119.77508498
1118.75467648
1117.51755205
1122.6452563
1122.5709516
1122.41507033
1122.16369875
1121.79763637
1121.29480361
1120.63440019
1119.80292288
1118.79413609
1117.575639
1122.65423133
1122.58001436
1122.42430568
1122.1731881
1121.80747012
1121.30515063
1120.64584975
1119.81792904
1118.82053063
1117.62275317
1122.65812629
1122.5839945
1122.42845339
1122.17758193
1121.81219371
1121.31034309
1120.65196658
1119.82704903
1118.84057021
1117.66703222
1122.65992991
1122.58589853
1122.4305557
1122.17997591
1121.81497326
1121.31363505
1120.65610507
1119.8336179
1118.85678713
1117.71004194
1122.66098543
1122.58707811
1122.43198106
1122.1817631
1121.81723245
1121.31648594
1120.65977281
1119.83914798
1118.86996426
1117.7483607
1122.6618475
1122.588092
1122.43329648
1122.1835225
1121.8195637
1121.3194991
1120.66359235
1119.8443762
1118.88127719
1117.78407913
1122.66272528
1122.58915089
1122.434716
1122.18547337
1121.82219277
1121.32290591
1120.66780466
1119.84958447
1118.89098725
1117.81869489
1122.66368758
1122.59032338
1122.43630795
1122.18768431
1121.82518985
1121.32678041
1120.67249581
1119.85489328
1118.89872536
1117.84919599
1122.66475129
1122.59162508
1122.43808556
1122.19016568
1121.8285634
1121.33113294
1120.67769013
1119.86042122
1118.90491055
1117.87873265
1122.66591737
1122.59305542
1122.44004527
1122.19290983
1121.83230196
1121.33595101
1120.68338291
1119.86623564
1118.90984126
1117.89617318
1122.66718302
1122.59460987
1122.44217909
1122.19590381
1121.83638714
1121.34121276
1120.68955258
1119.87234502
1118.91415637
1117.89898332
1122.6685409
1122.59627818
1122.44447062
1122.19912169
1121.84078096
1121.34686936
1120.69614695
1119.87870137
1118.91807636
1117.89916925
1122.66997253
1122.59803628
1122.44688429
1122.20251
1121.84540682
1121.35282242
1120.70306518
1119.8852442
1118.92163861
1117.8980424
1122.67144382
1122.59984139
1122.44935943
1122.20598074
1121.85014126
1121.3589129
1120.71013807
1119.89187435
1118.92494962
1117.89579463
1122.67290934
1122.6016375
1122.4518186
1122.2094238
1121.85483132
1121.36494077
1120.71713474
1119.89838662
1118.92790524
1117.89269718
1122.67432444
1122.60337054
1122.45418869
1122.21273753
1121.85933819
1121.37072611
1120.72384943
1119.90462277
1118.93054679
1117.88890075
1122.67565684
1122.60500212
1122.45641921
1122.21585354
1121.86357016
1121.37614894
1120.73013407
1119.91043662
1118.93284445
1117.8847351
1122.6768904
1122.60651355
1122.45848647
1122.2187409
1121.86748652
1121.38115424
1120.7359106
1119.91572109
1118.93468725
1117.88016838
1122.67802109
1122.60790028
1122.46038497
1122.22139288
1121.87107897
1121.38573028
1120.74115885
1119.92044764
1118.93607927
1117.87551062
1122.67904974
1122.60916272
1122.46211423
1122.22380747
1121.87434297
1121.38986723
1120.74585589
1119.92457126
1118.93693944
1117.86963838
1122.67997639
1122.61029941
1122.46366943
1122.22597413
1121.87725895
1121.39353063
1120.74993878
1119.92797231
1118.93706804
1117.86208266
1122.68079833
1122.61130502
1122.46503949
1122.22787197
1121.87979117
1121.39666307
1120.75331624
1119.93050091
1118.93624664
1117.85338966
1122.68151178
1122.61217305
1122.46621195
1122.2294786
1121.88190238
1121.39920655
1120.75590151
1119.93202639
1118.9342193
1117.84239778
1122.68211558
1122.61290131
1122.46718237
1122.23078568
1121.88357843
1121.40113916
1120.75766388
1119.93251317
1118.9310569
1117.831377
1122.68261515
1122.61349774
1122.4679643
1122.23181653
1121.88485808
1121.40252363
1120.75870341
1119.93211414
1118.92698688
1117.82120432
1122.68302362
1122.61398247
1122.46859344
1122.2326338
1121.88584562
1121.40352354
1120.75926256
1119.93116395
1118.92237099
1117.81144979
1122.68335703
1122.61438161
1122.46911849
1122.23332559
1121.88669036
1121.40437489
1120.75969057
1119.93016477
1118.91800984
1117.80349436
1122.68362141
1122.61471035
1122.46957545
1122.23396524
1121.88752598
1121.40530151
1120.76033536
1119.92962195
1118.91458665
1117.79813501
1122.6837902
1122.6149462
1122.4699516
1122.23455901
1121.88839369
1121.40640674
1120.76140324
1119.92988221
1118.9125296
1117.79507053
1122.68375921
1122.61498274
1122.47013604
1122.23499033
1121.88917464
1121.40758559
1120.76284222
1119.93100133
1118.91198106
1117.79366532
1122.68323129
1122.61451592
1122.46980937
1122.23491397
1121.8894879
1121.40842135
1120.76422719
1119.93261359
1118.91270829
1117.79368578
1122.68142005
1122.61275137
1122.46815891
1122.23348434
1121.88843546
1121.40794249
1120.76450178
1119.93359649
1118.91357019
1117.79356302
1122.67635194
1122.60770989
1122.46319205
1122.22868257
1121.8839482
1121.40398004
1120.76129536
1119.93120364
1118.91128987
1117.79012506
1122.66338842
1122.59475118
1122.45026425
1122.21585559
1121.87135508
1121.3918224
1120.74980607
1119.92046016
1118.90063575
1117.77800796
1122.63244361
1122.5637913
1122.4192958
1122.18493061
1121.84059231
1121.36141239
1120.71997056
1119.89127245
1118.87148552
1117.74750584
1122.56341484
1122.49473486
1122.35020608
1122.11584998
1121.77163402
1121.29276558
1120.65185576
1119.82376699
1118.80401989
1117.67844801
1122.41988306
1122.35118443
1122.20664109
1121.97232461
1121.62827628
1121.14978107
1120.50947823
1119.68207417
1118.66239455
1117.53515027
1122.14244325
1122.07378482
1121.92934756
1121.69525715
1121.35162968
1120.87382091
1120.23447593
1119.40808313
1118.38857191
1117.25885621
1121.64490736
1121.57642014
1121.43236136
1121.19892334
1120.85630006
1120.37990041
1119.74232302
1118.91770841
1117.89874121
1116.76620148
1120.81799086
1120.74983619
1120.60650326
1120.37427847
1120.03344376
1119.55944031
1118.92474756
1118.10295362
1117.08484921
1115.94766482
1119.54416801
1119.47638886
1119.3339062
1119.10312905
1118.76443311
1118.29328925
1117.6620022
1116.84334921
1115.82524937
1114.6790679
1117.72303196
1117.65547399
1117.51353349
1117.28362732
1116.94616454
1116.47669358
1115.84721827
1115.0289616
1114.00414809
1112.81405993
)
;

boundaryField
{
    symmetric
    {
        type            symmetry;
    }
    emptyPatch
    {
        type            empty;
    }
    solid_to_water
    {
        type            compressible::turbulentTemperatureTwoPhaseRadCoupledMixed;
        refValue        nonuniform List<scalar> 
70
(
432.7431801
441.802056159
441.029615809
438.902596363
434.136407415
422.127458323
393.944635428
356.187275348
341.544395439
337.49379629
341.113937464
342.041124282
342.535965215
342.367375994
342.570465907
342.330978702
342.476437772
342.274541718
342.255397607
341.635751147
339.642173916
337.657006031
336.198881903
335.477544682
335.59042842
337.26399068
343.238627716
362.483914041
371.88863601
374.547737351
377.475986288
377.569836509
378.783487189
378.293378836
377.687378981
376.11974648
375.68143041
374.642687998
371.704364955
367.626485633
363.566398555
360.840154872
359.593024863
359.209876854
359.44658352
360.75194826
363.578258839
367.155738219
371.59488685
375.10860414
377.015255052
376.593859282
379.169257627
377.728926646
380.379590353
378.966082517
380.906599826
380.467194226
381.378242079
334.059517635
334.06459832
334.075808854
334.107218946
334.153940221
334.212807984
334.299893833
334.52067851
335.287978815
367.165046396
338.007052231
)
;
        refGradient     uniform 0;
        valueFraction   nonuniform List<scalar> 
70
(
0.000527518659888
0.000498938276618
0.00049811970966
0.000500370204359
0.000509845466644
0.000542179166126
0.000658015310264
0.00103325150622
0.00139093646822
0.00152445218602
0.000969397217976
0.000973257322309
0.000969364827662
0.000974593221143
0.000970310052933
0.000975201133989
0.000971765035618
0.000975847281824
0.000975333974262
0.000980577102885
0.000998167184975
0.000993073899094
0.000974675276969
0.000962809063644
0.000965598964078
0.000989894877559
0.000953073851732
0.000701979913041
0.000659931622121
0.00066661621629
0.000658425579474
0.000666611711194
0.000661244118728
0.000666595469924
0.000664428948606
0.000666573023767
0.000666422611437
0.000674969786052
0.000698365859371
0.00072968577898
0.000766610331491
0.000791363544411
0.000800428507383
0.000800883638068
0.00079605408621
0.000781207004641
0.000752857200138
0.000722360877009
0.000688591121901
0.000666428932049
0.000657428032123
0.000666417589661
0.000650387003957
0.000666380324065
0.000650260123475
0.000666238866643
0.000656730119982
0.000665803998341
0.00066458904517
0.00154655847012
0.00154659279501
0.001546829463
0.00154798418953
0.00154962194576
0.00155148883089
0.00155426289591
0.00156118765124
0.0015617074737
0.000772494974049
0.00141522535831
)
;
        source          uniform 0;
        value           nonuniform List<scalar> 
70
(
1120.3701359
1120.30700917
1120.11716955
1119.80278638
1119.3306151
1118.64834621
1117.65763727
1116.17087827
1114.44313939
1112.80795065
1113.24245901
1114.59106529
1115.45133172
1115.99712527
1116.34617781
1116.55343215
1116.68442588
1116.76326301
1116.82177556
1116.86438345
1116.89340951
1116.93855696
1116.98975806
1117.03407462
1117.06682008
1117.08038387
1117.14400489
1117.36629849
1117.40643586
1117.40342481
1117.41015239
1117.40195711
1117.4035153
1117.39545513
1117.39242259
1117.38521701
1117.38034047
1117.36748632
1117.34073795
1117.30606038
1117.26466836
1117.2330901
1117.21514165
1117.20470884
1117.20052101
1117.20723832
1117.22739051
1117.25116459
1117.27914469
1117.29760677
1117.30199141
1117.28306748
1117.26597678
1117.18448275
1117.05487116
1116.76645833
1116.28258085
1115.45804228
1114.19210287
1116.51331801
1116.44589902
1116.30411752
1116.0738699
1115.73591866
1115.26603362
1114.63573848
1113.81385402
1112.79107738
1112.23869869
1111.71818186
)
;
        kappaMethod     solidThermo;
        Tnbr            T.liquid;
        region          solid;
        otherPhase      gas;
    }
}


// ************************************************************************* //
