/*--------------------------------*- C++ -*----------------------------------*\
| =========                 |                                                 |
| \\      /  F ield         | OpenFOAM: The Open Source CFD Toolbox           |
|  \\    /   O peration     | Version:  2206                                  |
|   \\  /    A nd           | Website:  www.openfoam.com                      |
|    \\/     M anipulation  |                                                 |
\*---------------------------------------------------------------------------*/
FoamFile
{
    version     2.0;
    format      ascii;
    arch        "LSB;label=64;scalar=64";
    class       volScalarField;
    location    "3.3/solid";
    object      T;
}
// * * * * * * * * * * * * * * * * * * * * * * * * * * * * * * * * * * * * * //

dimensions      [0 0 0 1 0 0 0];

internalField   nonuniform List<scalar> 
500
(
1083.15628518
1082.98561398
1082.64311003
1082.12573418
1081.42828675
1080.54462019
1079.46782121
1078.18869316
1076.72235792
1075.23053267
1084.03626553
1083.87135063
1083.54111989
1083.04485439
1082.38194697
1081.55317351
1080.56300406
1079.42272426
1078.1542601
1076.79782686
1084.96883261
1084.8107606
1084.49488169
1084.02190027
1083.39333665
1082.61222374
1081.68409033
1080.61773492
1079.42432503
1078.1160508
1085.92467949
1085.77270177
1085.46923149
1085.01534345
1084.41288421
1083.66473453
1082.77505428
1081.74908389
1080.59133093
1079.30383776
1086.88334457
1086.73616269
1086.44225169
1086.00256028
1085.41858642
1084.69243922
1083.82684833
1082.824774
1081.68738404
1080.41161888
1087.82979747
1087.68622644
1087.39942333
1086.97007948
1086.39923696
1085.68828608
1084.83894405
1083.85290921
1082.72967422
1081.46256036
1088.7539145
1088.61309504
1088.33168113
1087.9101266
1087.34909745
1086.64946115
1085.81229981
1084.83867729
1083.72727315
1082.46833013
1089.64922095
1089.51061401
1089.23353673
1088.81826524
1088.26519868
1087.5748564
1086.74793897
1085.78523996
1084.68513717
1083.43487191
1090.51178523
1090.37509733
1090.10179707
1089.6920402
1089.14604976
1088.4641213
1087.64672873
1086.69461348
1085.60623868
1084.36589705
1091.33938956
1091.20449413
1090.93473973
1090.53020579
1089.99100487
1089.31729176
1088.50940807
1087.56819279
1086.49258807
1085.26389781
1092.13093474
1091.99780948
1091.73157232
1091.33225809
1090.79991495
1090.13461195
1089.3366084
1088.4069128
1087.34531907
1086.13029289
1092.88602392
1092.75470537
1092.49206973
1092.09812918
1091.57289946
1090.91640161
1090.1288429
1089.21145582
1088.1653798
1086.96746378
1093.6046766
1093.47522877
1093.21633002
1092.82798431
1092.31019571
1091.66296052
1090.88644128
1089.98208638
1088.95279692
1087.77643759
1094.28713481
1094.15962835
1093.90461236
1093.52209153
1093.01207128
1092.37453754
1091.60960093
1090.71885428
1089.70720616
1088.55600578
1094.93373199
1094.80823145
1094.55722985
1094.18073737
1093.67876774
1093.0513046
1092.29839537
1091.42167599
1090.42819059
1089.30502194
1095.54480218
1095.42135917
1095.17447648
1094.80417222
1094.31047236
1093.6933644
1092.95282329
1092.09039263
1091.11515181
1090.02232332
1096.1206127
1095.9992626
1095.75657012
1095.39256238
1094.90727967
1094.30071849
1093.57277804
1092.72477133
1091.76754471
1090.7080503
1096.66131012
1096.54207081
1096.30360438
1095.94594689
1095.46915324
1094.87323273
1094.15801309
1093.32445118
1092.38461897
1091.36299804
1097.16687376
1097.04974568
1096.81550593
1096.46419895
1095.99589396
1095.4106168
1094.70813422
1093.88893447
1092.96517572
1091.98718746
1097.63707416
1097.5220412
1097.29199547
1096.94698886
1096.48710372
1095.91238487
1095.22255531
1094.41760605
1093.50825228
1092.56116742
1098.0714346
1097.95846554
1097.73255101
1097.39374959
1096.94215613
1096.37783805
1095.70049682
1094.9096692
1094.01415196
1093.07788862
1098.46919524
1098.35824523
1098.13637173
1097.80363906
1097.36015332
1096.80600624
1096.1408954
1095.36394783
1094.48199807
1093.55496113
1098.82928041
1098.72029284
1098.50234667
1098.17551094
1097.73990144
1097.19563469
1096.54242177
1095.77903931
1094.9104107
1093.99253241
1099.15026857
1099.04317699
1098.82902479
1098.50788476
1098.07988085
1097.54515461
1096.90344499
1096.15322621
1095.29754033
1094.3877593
1099.43036569
1099.32509567
1099.11458816
1098.7989188
1098.37821816
1097.8526526
1097.22200492
1096.48450966
1095.64137846
1094.73969619
1099.66738271
1099.56385356
1099.35682905
1099.04638698
1098.63266307
1098.11584768
1097.49578089
1096.77051883
1095.93951423
1095.04470815
1099.85871813
1099.75684419
1099.55313116
1099.24765844
1098.84056572
1098.3320662
1097.72206847
1097.00850396
1096.18911316
1095.30115579
1100.00134696
1099.90103867
1099.7004579
1099.39968544
1098.99886405
1098.49822901
1097.897771
1097.19537127
1096.38717755
1095.50498295
1100.0918171
1099.99298163
1099.79534752
1099.49899706
1099.10407592
1098.61084137
1098.01937845
1097.32758375
1096.53009769
1095.65367779
1100.12625445
1100.02879585
1099.83391646
1099.54170005
1099.15229477
1098.66597892
1098.08294236
1097.40116474
1096.61385664
1095.74201204
1100.10037823
1100.00419736
1099.81187398
1099.5234924
1099.13920111
1098.65929514
1098.08407417
1097.41167146
1096.63399312
1095.76653842
1100.00952735
1099.91452226
1099.72454997
1099.43969306
1099.06009624
1098.5860644
1098.01800975
1097.35429537
1096.58564141
1095.72121239
1099.8486973
1099.75476495
1099.5669361
1099.28528823
1098.90995579
1098.44124134
1097.87965945
1097.22386191
1096.4634935
1095.6013316
1099.61258445
1099.51962362
1099.33373429
1099.05498561
1098.68349572
1098.21955257
1097.66375905
1097.0151139
1096.26234621
1095.40081181
1099.29563467
1099.20354896
1099.01940538
1098.74326268
1098.37521874
1097.91553715
1097.36489469
1096.72269501
1095.97694128
1095.11495912
1098.89209565
1098.80079552
1098.61821832
1098.34441177
1097.9794517
1097.52356999
1096.97750139
1096.34111378
1095.60193894
1094.73767872
1098.39607437
1098.30547766
1098.12430294
1097.85258782
1097.49038695
1097.0378967
1096.49589446
1095.86477343
1095.13198741
1094.26430111
1097.80160295
1097.71163373
1097.53171076
1097.26186384
1096.90212967
1096.4526688
1095.91428546
1095.28795093
1094.56156555
1093.68882673
1097.10271571
1097.01330173
1096.83448763
1096.56629871
1096.20875853
1095.76199326
1095.22681446
1094.60479984
1093.88497675
1093.00581802
1096.29354011
1096.20460885
1096.02676076
1095.76002106
1095.40440686
1094.96001471
1094.42764435
1093.80948262
1093.09658997
1092.20940908
1095.36840301
1095.27987646
1095.10284113
1094.83732793
1094.48335634
1094.04100149
1093.51103209
1092.89619704
1092.19069283
1091.29977343
1094.32195355
1094.2337413
1094.05734149
1093.79279799
1093.44014413
1092.99944661
1092.4714293
1091.85930614
1091.16123542
1090.2830395
1093.14930395
1093.06129437
1092.88531109
1092.62141991
1092.26968257
1091.83017604
1091.30357444
1090.69342651
1090.00204047
1089.14609758
1091.84619036
1091.75823987
1091.58239054
1091.31874002
1090.96739564
1090.52846968
1090.00259413
1089.39351277
1088.7075288
1087.87609904
1090.40915576
1090.32107775
1090.14499254
1089.88103764
1089.52938226
1089.09020348
1088.56411679
1087.95494131
1087.27269481
1086.46703457
1088.83575494
1088.74731289
1088.57051865
1088.30554942
1087.95263987
1087.51204831
1086.98439691
1086.37347116
1085.69258691
1084.91484742
1087.12478262
1087.03569524
1086.85762808
1086.59078473
1086.2354359
1085.7918804
1085.26069722
1084.64546827
1083.96202942
1083.21405385
1085.2765505
1085.18650456
1085.00656854
1084.7369623
1084.37791261
1083.92958364
1083.39221603
1082.76872445
1082.07596848
1081.34767245
1083.29324777
1083.2018285
1083.01944804
1082.74640244
1082.38275922
1081.92817927
1081.38179393
1080.74460818
1080.03221378
1079.28797905
1081.17867229
1081.08471307
1080.89917071
1080.62247412
1080.25445904
1079.79399287
1079.23830884
1078.58563097
1077.85223943
1077.08403203
)
;

boundaryField
{
    symmetric
    {
        type            symmetry;
    }
    emptyPatch
    {
        type            empty;
    }
    solid_to_water
    {
        type            compressible::turbulentTemperatureTwoPhaseRadCoupledMixed;
        refValue        nonuniform List<scalar> 
70
(
411.300503235
409.639823904
407.974946616
406.332275227
403.39571269
397.885423832
385.802966831
361.66022806
342.716184487
337.613238966
341.958621948
342.933298282
343.477250837
343.202142843
343.35180284
343.054847851
343.195091079
342.971445335
343.013381372
342.804564476
342.338703436
340.707637183
338.982113558
337.569479665
336.431336548
335.680628162
335.572812551
336.579934922
341.869112929
377.576453407
395.098722404
395.101394478
408.629623294
401.863772686
413.554367136
404.854572739
415.184082946
406.034035579
414.823140245
406.326896961
413.989697115
405.971498068
411.949786529
406.146410531
410.843623377
406.351558078
409.484546138
405.626115323
405.051159366
394.826371604
361.602473282
345.144043439
340.144900701
338.052295025
337.438091791
337.938070846
341.342616897
357.013804853
376.963725907
334.453137339
334.566577177
334.641242656
334.71074191
334.773655347
334.819650229
334.873310809
335.054429205
335.806227136
371.241063941
339.578136902
)
;
        refGradient     uniform 0;
        valueFraction   nonuniform List<scalar> 
70
(
0.000557450965795
0.000556904347806
0.000557818826029
0.000559503000921
0.000567999416221
0.000590378247273
0.00065652058137
0.000891140318059
0.00132278185049
0.00149691756626
0.000937980849415
0.000942842569949
0.000937691705005
0.000944582321183
0.000941167679346
0.000946886074762
0.000943595963906
0.000948275974412
0.000947432768264
0.000950819271193
0.000954205990383
0.000971774216445
0.000979368220207
0.000972047410635
0.000958102111943
0.000945821004386
0.000945128598868
0.000961280414479
0.000964542416378
0.000577457005328
0.000537721148148
0.000575872402721
0.000531854486036
0.000576077497243
0.00053213663237
0.000575287810285
0.000533959973191
0.000575392827814
0.000538821457071
0.000576388702678
0.00054347494071
0.000578232773763
0.000551925540908
0.000578148397938
0.000557914711293
0.000578759437038
0.000565115578163
0.000581690432055
0.000576982671195
0.000596737474578
0.000787042761668
0.000954749039289
0.000979983003266
0.000969581549061
0.000966147553237
0.0009712035449
0.000968428645113
0.000787219157084
0.00066536710551
0.00150352874732
0.00150952526409
0.00151283030931
0.00151565119411
0.00151784677704
0.00151901215272
0.00152028426876
0.00152497586064
0.00151899521709
0.000736776471612
0.00132246265006
)
;
        source          uniform 0;
        value           nonuniform List<scalar> 
70
(
1082.78286762
1082.61172822
1082.26786645
1081.74871313
1081.04423924
1080.14266653
1079.01363322
1077.552005
1075.75336053
1074.12746709
1074.54382497
1076.10698785
1077.42825059
1078.60973018
1079.71912276
1080.76471199
1081.77211945
1082.73422211
1083.66511477
1084.55971788
1085.42251158
1086.24464844
1087.0458198
1087.82890987
1088.58669152
1089.31198259
1089.99778526
1090.64143242
1091.26808252
1092.14738634
1092.70102095
1093.15176213
1093.62644934
1093.98794265
1094.37576806
1094.64690006
1094.93671158
1095.10764621
1095.28574004
1095.34415546
1095.39509782
1095.32202062
1095.22330202
1095.00202058
1094.73260736
1094.33897863
1093.87681313
1093.28829163
1092.60848609
1091.79313543
1090.72816225
1089.57695286
1088.41807668
1087.15518672
1085.74965152
1084.195974
1082.50239655
1080.78184164
1078.82288201
1080.05723615
1079.95911005
1079.77149346
1079.49321633
1079.12421984
1078.66366029
1078.10794014
1077.45285731
1076.72563827
1076.56560072
1076.11032426
)
;
        kappaMethod     solidThermo;
        Tnbr            T.liquid;
        region          solid;
        otherPhase      gas;
    }
}


// ************************************************************************* //
