/*--------------------------------*- C++ -*----------------------------------*\
| =========                 |                                                 |
| \\      /  F ield         | OpenFOAM: The Open Source CFD Toolbox           |
|  \\    /   O peration     | Version:  2206                                  |
|   \\  /    A nd           | Website:  www.openfoam.com                      |
|    \\/     M anipulation  |                                                 |
\*---------------------------------------------------------------------------*/
FoamFile
{
    version     2.0;
    format      ascii;
    arch        "LSB;label=64;scalar=64";
    class       volScalarField;
    location    "0.9/solid";
    object      T;
}
// * * * * * * * * * * * * * * * * * * * * * * * * * * * * * * * * * * * * * //

dimensions      [0 0 0 1 0 0 0];

internalField   nonuniform List<scalar> 
500
(
1111.4871344
1111.31142159
1110.95817926
1110.42514319
1109.7092921
1108.80760976
1107.71879231
1106.44125502
1104.9702996
1103.40445052
1112.42529774
1112.25417439
1111.91146809
1111.39691386
1110.71071212
1109.85445626
1108.83313378
1107.65761124
1106.34565923
1104.92462476
1113.22072671
1113.05629766
1112.72778627
1112.23613742
1111.58319291
1110.77224408
1109.80886698
1108.70154906
1107.45986607
1106.0878665
1113.90098263
1113.74316334
1113.42808286
1112.95695542
1112.33178381
1111.55554839
1110.63241972
1109.56761708
1108.36475834
1107.01757876
1114.48447038
1114.33221893
1114.02822513
1113.57353543
1112.96974401
1112.2189949
1111.32399562
1110.28781087
1109.1110865
1107.78163196
1114.98215547
1114.83434815
1114.53912069
1114.0972454
1113.50983518
1112.77827626
1111.90421552
1110.88951934
1109.73357849
1108.41999622
1115.40320278
1115.25895259
1114.97072402
1114.53904888
1113.96465807
1113.24839557
1112.39123029
1111.39445939
1110.25729227
1108.95998671
1115.75664941
1115.61535072
1115.33294012
1114.9097789
1114.34634133
1113.64312474
1112.80068463
1111.82010497
1110.70115091
1109.42155705
1116.05162583
1115.9129028
1115.63558911
1115.21993993
1114.66627633
1113.97489264
1113.14609805
1112.18095679
1111.08040024
1109.82150082
1116.29711308
1116.16075064
1115.88812728
1115.47944
1114.93493008
1114.25478565
1113.43916626
1112.48918243
1111.40735731
1110.17251679
1116.50160452
1116.36748928
1116.09934548
1115.69734404
1115.16169508
1114.49254463
1113.68996062
1112.75510131
1111.69242387
1110.48488113
1116.67281763
1116.54089413
1116.27712861
1115.88168482
1115.35477009
1114.69652645
1113.9069594
1112.9872124
1111.9438651
1110.7666554
1116.81750453
1116.68774626
1116.42831119
1116.03936585
1115.52112962
1114.87376185
1114.09721811
1113.19250455
1112.16822075
1111.02448284
1116.94136424
1116.81375566
1116.55862233
1116.17613799
1115.66654073
1115.03001936
1114.2664909
1113.37669075
1112.370807
1111.2651273
1117.04904165
1116.92356732
1116.67270565
1116.29663891
1115.79562606
1115.16989288
1114.41933311
1113.54428481
1112.55543309
1111.49354544
1117.14419285
1117.02083112
1116.77419777
1116.40448314
1115.91196615
1115.29691238
1114.55921033
1113.69875032
1112.72508688
1111.70070557
1117.22959541
1117.10831508
1116.86584719
1116.50238883
1116.01823673
1115.41369765
1114.68867906
1113.84267878
1112.88342906
1111.87169325
1117.30728385
1117.18804283
1116.94965556
1116.59232428
1116.11636084
1115.52211283
1114.80952365
1113.97774256
1113.03258243
1112.03063173
1117.37869326
1117.26143884
1117.02702596
1116.67566009
1116.20766431
1115.62342374
1114.92293229
1114.10505718
1113.17376253
1112.18172258
1117.44479736
1117.32946759
1117.09890453
1116.75331507
1116.29302989
1115.71846779
1115.02968349
1114.22531296
1113.30751252
1112.32414826
1117.5062313
1117.39275715
1117.16590541
1116.82588294
1116.37302455
1115.80777781
1115.13026508
1114.33893743
1113.43416463
1112.45930707
1117.56339336
1117.45170105
1117.22841297
1116.89373546
1116.44800516
1115.89169453
1115.22500288
1114.44626354
1113.5541794
1112.58699603
1117.61652336
1117.50653621
1117.28665893
1116.95709786
1116.51819124
1115.97043542
1115.31411662
1114.54749734
1113.66761251
1112.70795514
1117.66575813
1117.55739802
1117.34077612
1117.0161001
1116.58371037
1116.04412623
1115.39773144
1114.64278911
1113.77478524
1112.8216799
1117.71116547
1117.60435363
1117.39083072
1117.07080778
1116.64462907
1116.11283688
1115.475923
1114.732223
1113.87578262
1112.92931398
1117.75275806
1117.64741558
1117.43683519
1117.12123358
1116.70096066
1116.17658081
1115.54869989
1114.81578599
1113.97049688
1113.02925583
1117.79048732
1117.68653545
1117.47874167
1117.16733129
1116.75266255
1116.2353212
1115.61603218
1114.89347375
1114.05909931
1113.12334889
1117.82421569
1117.72157519
1117.51641138
1117.20896149
1116.7995958
1116.28892172
1115.67778635
1114.96514621
1114.14138156
1113.21020912
1117.85366628
1117.7522564
1117.54956286
1117.24583846
1116.84146986
1116.33708777
1115.73366525
1115.03051157
1114.21707089
1113.29004373
1117.87834634
1117.7780836
1117.57769498
1117.27745217
1116.87776237
1116.37928047
1115.7831055
1115.08898059
1114.28565314
1113.36183318
1117.89743914
1117.79823659
1117.59998008
1117.30296253
1116.90761488
1116.41461536
1115.82518064
1115.13954717
1114.34598747
1113.42477991
1117.90965719
1117.81142488
1117.61512094
1117.32106071
1116.92970054
1116.44173947
1115.85849764
1115.18075373
1114.39655761
1113.47593552
1117.91304855
1117.81569525
1117.62116115
1117.3297837
1116.94204427
1116.45865722
1115.8810224
1115.21049091
1114.43525413
1113.5137855
1117.9047499
1117.80818589
1117.61524134
1117.3262746
1116.94179075
1116.46251415
1115.88990039
1115.22590081
1114.45935649
1113.53503223
1117.88068625
1117.78482611
1117.59329936
1117.3064839
1116.92490742
1116.44930023
1115.88114819
1115.22301403
1114.46509584
1113.53580315
1117.83522514
1117.73998973
1117.54972174
1117.26481766
1116.88582769
1116.41348651
1115.8492861
1115.19638557
1114.44731717
1113.51225718
1117.76080499
1117.66612199
1117.47696755
1117.19375621
1116.81706141
1116.34762286
1115.78691547
1115.13862926
1114.39865984
1113.46726002
1117.64756817
1117.55337123
1117.36519729
1117.08347866
1116.70881303
1116.24194678
1115.68431463
1115.04001669
1114.30885035
1113.3946699
1117.48304029
1117.38926712
1117.20194889
1116.92153584
1116.54865168
1116.08405372
1115.52912167
1114.88823021
1114.16512463
1113.27470102
1117.25190667
1117.15849592
1116.97191083
1116.69262003
1116.32127538
1115.85865044
1115.30606003
1114.66801043
1113.9519902
1113.08725735
1116.93594306
1116.8428301
1116.65684933
1116.37848897
1116.00843173
1115.54747328
1114.99685638
1114.36106744
1113.65097834
1112.81287509
1116.51415882
1116.42126986
1116.23574696
1115.95810017
1115.58904749
1115.1294161
1114.58038077
1113.94627332
1113.24083132
1112.43099946
1115.96320353
1115.87044794
1115.68520327
1115.40800493
1115.03961269
1114.58089851
1114.03298434
1113.39993491
1112.69760724
1111.91871553
1115.25807227
1115.16533301
1114.98013411
1114.70303989
1114.33485924
1113.87652463
1113.32912907
1112.69638674
1111.99517484
1111.24972722
1114.37311815
1114.28024179
1114.09478154
1113.81733095
1113.44875209
1112.99005462
1112.44234182
1111.8089732
1111.10664062
1110.38083748
1113.28334329
1113.19013311
1113.00401269
1112.72559393
1112.35577987
1111.89565715
1111.34637362
1110.71098945
1110.00554941
1109.28055395
1111.96588843
1111.87210706
1111.68484009
1111.40468654
1111.03253817
1110.56949798
1110.01672191
1109.37698873
1108.6657182
1107.93578753
1110.40157567
1110.30695773
1110.11801694
1109.83529666
1109.45957031
1108.99177646
1108.4328359
1107.78500772
1107.06310284
1106.32312179
1108.57631482
1108.48053413
1108.289422
1108.00347328
1107.62324194
1107.14922134
1106.5815128
1105.92096678
1105.18084304
1104.41726913
1106.48227882
1106.38453052
1106.19072786
1105.90130427
1105.5167291
1105.03705991
1104.46108794
1103.7886202
1103.04047637
1102.29103199
)
;

boundaryField
{
    symmetric
    {
        type            symmetry;
    }
    emptyPatch
    {
        type            empty;
    }
    solid_to_water
    {
        type            compressible::turbulentTemperatureTwoPhaseRadCoupledMixed;
        refValue        nonuniform List<scalar> 
70
(
383.852043109
382.757768664
381.500008171
380.35907844
379.306633574
378.401765909
376.250387269
367.437297448
347.861218852
339.351027102
340.94208766
341.872403118
341.922473902
341.974043678
341.835285589
341.768753524
341.530106984
340.805769919
339.411117814
338.031324177
336.835619778
335.94594506
335.667051351
336.316637152
340.091232261
368.04552464
385.694378552
386.114088779
398.870031948
392.247678022
403.198816336
394.910612935
404.030743256
396.952626912
405.008411409
397.816015724
403.680002487
397.338150131
402.365294873
397.617376105
401.598137312
398.14311633
400.183561309
397.375735475
395.005898095
376.841720678
352.847269277
343.156096974
339.365872629
337.413303832
336.564044161
336.623805245
338.331851052
346.252034826
385.343670098
414.618703678
427.200465861
432.804476724
426.30170762
334.26310864
334.347376693
334.409619395
334.483707649
334.560858281
334.623539965
334.707900596
334.986220219
336.272074755
397.389529516
349.12139709
)
;
        refGradient     uniform 0;
        valueFraction   nonuniform List<scalar> 
70
(
0.00068643689924
0.00068253228225
0.000682379240167
0.000681865692657
0.00068197320507
0.000681830433467
0.000694323390646
0.000780920797364
0.00115350571367
0.00145862839242
0.000975792884045
0.000975038794962
0.000977709966097
0.00097703578342
0.000978852382463
0.000978916725236
0.000980679821191
0.00098590096957
0.000993805167654
0.000991036429908
0.000979472324609
0.000966379032684
0.000962642557292
0.000973303380601
0.000991810758994
0.000638311699802
0.000575742786835
0.00061534261924
0.000564754510756
0.000615434508297
0.000565469658976
0.000614474426927
0.000571312457988
0.000611143613737
0.00057283669734
0.000611194026461
0.000582211677703
0.000615662451308
0.000590268592582
0.000615692573752
0.000596372907852
0.000615710141787
0.000605536099729
0.000618350744003
0.00061648692967
0.000687556636218
0.000876853004647
0.000980890518351
0.000995657739113
0.000983141851946
0.000974478092035
0.000976605894614
0.000992599985164
0.000924613168485
0.000584446033154
0.000511470474446
0.000502614990398
0.000502788317134
0.000528549243728
0.00153090349095
0.00153526649197
0.00153796534487
0.00154100392708
0.00154373745542
0.00154539745912
0.00154767611234
0.00155401815189
0.00151964486008
0.000633240837519
0.00102871097248
)
;
        source          uniform 0;
        value           nonuniform List<scalar> 
70
(
1110.98949464
1110.81598198
1110.46222238
1109.92911156
1109.21288121
1108.3111572
1107.21232856
1105.86573121
1104.09911644
1102.2916788
1102.66214429
1104.18245844
1105.34266435
1106.27203833
1107.03388786
1107.67158026
1108.20957731
1108.66617421
1109.05855312
1109.4101669
1109.73007057
1110.02093404
1110.28138284
1110.51464074
1110.73287075
1111.22545019
1111.45201616
1111.58296498
1111.77717923
1111.88011387
1112.05666657
1112.14523572
1112.30171451
1112.38347807
1112.52256217
1112.59152109
1112.70931115
1112.76903697
1112.8696214
1112.92079131
1112.99963714
1113.03517493
1113.08136144
1113.09190633
1113.09252001
1113.00654993
1112.80413121
1112.64484086
1112.51041041
1112.33107476
1112.06305535
1111.68032206
1111.15839905
1110.54928236
1109.95901049
1108.92595668
1107.59413201
1105.98490492
1104.05917137
1105.30191338
1105.20107401
1105.00557986
1104.7143673
1104.32839039
1103.84827448
1103.27154758
1102.59546538
1101.8759214
1101.84401771
1101.51559652
)
;
        kappaMethod     solidThermo;
        Tnbr            T.liquid;
        region          solid;
        otherPhase      gas;
    }
}


// ************************************************************************* //
