-0.11 	0.00997161 	-0.000399602 	0.0126154
-0.109559 	0.0104417 	-0.000508281 	0.0128239
-0.109118 	0.0109118 	-0.000616961 	0.0130325
-0.108677 	0.0113819 	-0.00072564 	0.013241
-0.108236 	0.011852 	-0.000834319 	0.0134496
-0.107796 	0.0123455 	-0.00091305 	0.0136721
-0.107355 	0.0128452 	-0.000983795 	0.0138984
-0.106914 	0.0131967 	-0.00104923 	0.0139789
-0.106473 	0.013394 	-0.00110857 	0.0139065
-0.106032 	0.0135913 	-0.0011679 	0.0138342
-0.105591 	0.0137794 	-0.00125598 	0.0137785
-0.10515 	0.0139656 	-0.00135032 	0.0137264
-0.104709 	0.0141517 	-0.00144465 	0.0136743
-0.104269 	0.0143379 	-0.00153899 	0.0136222
-0.103828 	0.014524 	-0.00163333 	0.0135702
-0.103387 	0.0147066 	-0.00171884 	0.0134615
-0.102946 	0.014885 	-0.00179403 	0.0132858
-0.102505 	0.0150635 	-0.00186922 	0.0131102
-0.102064 	0.0152419 	-0.00194442 	0.0129346
-0.101623 	0.0154204 	-0.00201961 	0.0127589
-0.101182 	0.0155991 	-0.00209005 	0.0125791
-0.100741 	0.0157791 	-0.0021323 	0.0123748
-0.100301 	0.0159592 	-0.00217455 	0.0121706
-0.0998597 	0.016144 	-0.00220501 	0.0119207
-0.0994188 	0.0163335 	-0.00222343 	0.0116244
-0.098978 	0.0165231 	-0.00224185 	0.0113281
-0.0985371 	0.0166919 	-0.00227931 	0.0110938
-0.0980962 	0.0168577 	-0.00231953 	0.0108684
-0.0976553 	0.0170235 	-0.00235974 	0.010643
-0.0972144 	0.0171893 	-0.00239996 	0.0104176
-0.0967735 	0.0173552 	-0.00244017 	0.0101922
-0.0963327 	0.0175482 	-0.0024907 	0.00985603
-0.0958918 	0.0177578 	-0.00254766 	0.00945247
-0.0954509 	0.0179674 	-0.00260461 	0.0090489
-0.09501 	0.0181771 	-0.00266157 	0.00864534
-0.0945691 	0.0183867 	-0.00271853 	0.00824178
-0.0941283 	0.0185822 	-0.00275464 	0.00785646
-0.0936874 	0.0187523 	-0.00275346 	0.0075038
-0.0932465 	0.0189225 	-0.00275227 	0.00715115
-0.0928056 	0.0190927 	-0.00275109 	0.00679849
-0.0923647 	0.0192628 	-0.0027499 	0.00644583
-0.0919238 	0.019433 	-0.00274871 	0.00609317
-0.091483 	0.0196031 	-0.00274753 	0.00574052
-0.0531263 	0.0256325 	-0.00123714 	-0.0113183
-0.0526854 	0.024798 	-0.000582015 	-0.0107113
-0.0522445 	0.0238559 	0.000937872 	-0.00972561
-0.0518036 	0.0243113 	0.00168794 	-0.00856825
-0.0509218 	0.0342901 	-0.000698589 	-0.00532922
-0.050481 	0.0462016 	-0.000772659 	-0.00287407
-0.0500401 	0.0600981 	-0.000553888 	-0.000332854
-0.0376954 	0.0402221 	0.000579128 	-0.00298665
-0.0372545 	0.0288448 	0.00522 	-0.00536564
-0.0368136 	0.0220707 	0.00717038 	-0.00593153
-0.0363727 	0.0156771 	0.00898434 	-0.00649017
-0.0359319 	0.0131012 	0.00909574 	-0.00679783
-0.035491 	0.0110579 	0.00886038 	-0.00700607
-0.0350501 	0.0106153 	0.0082875 	-0.00684631
-0.0346092 	0.0101268 	0.00794279 	-0.00676411
-0.0341683 	0.0103708 	0.00748305 	-0.00655738
-0.0337275 	0.0106389 	0.0070956 	-0.0064153
-0.0332866 	0.0109863 	0.00674796 	-0.00611095
-0.0328457 	0.0113764 	0.00635848 	-0.00580469
0.00507014 	-0.00481564 	4.41651e-05 	0.000464345
0.00551102 	-0.00293105 	-5.14345e-05 	0.00214479
0.0059519 	-0.00104646 	-0.000147034 	0.00382523
0.00639279 	0.000747473 	-0.000276347 	0.00546987
0.00683367 	0.00244753 	-0.000440569 	0.00707744
0.00727455 	0.00414759 	-0.000604791 	0.00868501
0.00771543 	0.00584765 	-0.000769012 	0.0102926
0.00815631 	0.00754771 	-0.000933234 	0.0119001
0.00859719 	0.00908277 	-0.00110089 	0.0133577
0.00903808 	0.00932087 	-0.00132613 	0.0136213
0.00947896 	0.0095466 	-0.00155852 	0.0138748
0.00991984 	0.00977234 	-0.0017909 	0.0141282
0.0103607 	0.00999807 	-0.00202328 	0.0143817
0.0108016 	0.0102238 	-0.00225566 	0.0146351
0.0112425 	0.0104882 	-0.00240678 	0.0148485
0.0116834 	0.0107629 	-0.0025363 	0.0150512
0.0121242 	0.0109664 	-0.00267651 	0.0151823
0.0125651 	0.0109172 	-0.00276092 	0.0149535
0.013006 	0.0108681 	-0.00284534 	0.0147247
0.0134469 	0.0108268 	-0.002955 	0.0145378
0.0138878 	0.0107942 	-0.00309283 	0.0143976
0.0143287 	0.0107617 	-0.00323067 	0.0142575
0.0147695 	0.0107292 	-0.00336851 	0.0141173
0.0152104 	0.0106966 	-0.00350635 	0.0139772
0.0156513 	0.0106612 	-0.0036278 	0.0138124
0.0160922 	0.0106119 	-0.00359071 	0.0134237
0.0165331 	0.0105627 	-0.00355361 	0.0130349
0.0169739 	0.0105134 	-0.00351651 	0.0126462
0.0174148 	0.0104642 	-0.00347942 	0.0122574
0.0178557 	0.0104149 	-0.00344232 	0.0118687
0.0182966 	0.0103227 	-0.00339531 	0.011431
0.0187375 	0.0102058 	-0.00334257 	0.0109653
0.0191784 	0.0100889 	-0.00328984 	0.0104995
0.0196192 	0.00988292 	-0.00317833 	0.00984733
0.0200601 	0.00966141 	-0.00306256 	0.00917574
0.020501 	0.0094504 	-0.00294317 	0.00850596
0.0209419 	0.0092983 	-0.00280346 	0.00784628
0.0213828 	0.00914619 	-0.00266374 	0.0071866
0.0218236 	0.00899409 	-0.00252403 	0.00652692
0.0222645 	0.00884198 	-0.00238431 	0.00586723
0.0227054 	0.00868987 	-0.0022446 	0.00520755
0.0231463 	0.0084041 	-0.00209455 	0.00445978
0.0235872 	0.00804536 	-0.00193901 	0.00366921
0.0240281 	0.00768663 	-0.00178346 	0.00287863
0.0244689 	0.0073279 	-0.00162791 	0.00208806
0.0249098 	0.00696917 	-0.00147237 	0.00129748
0.0253507 	0.00660865 	-0.00132142 	0.000512573
0.0257916 	0.00623077 	-0.00121516 	-0.000217261
0.0262325 	0.00585288 	-0.0011089 	-0.000947095
0.0266733 	0.00543565 	-0.0010218 	-0.00163328
0.0271142 	0.00493823 	-0.00097881 	-0.00220998
0.0275551 	0.00444082 	-0.000935824 	-0.00278667
0.027996 	0.00391823 	-0.000870361 	-0.00339792
0.0284369 	0.00337301 	-0.000784696 	-0.00404021
0.0288778 	0.00282779 	-0.000699031 	-0.0046825
0.0293186 	0.00228258 	-0.000613365 	-0.00532479
0.0297595 	0.00173736 	-0.0005277 	-0.00596708
0.0302004 	0.00119214 	-0.000442034 	-0.00660937
0.0306413 	0.000547846 	-0.000427641 	-0.00707022
0.0310822 	-0.00010327 	-0.00041556 	-0.00752273
0.031523 	-0.000754386 	-0.000403479 	-0.00797524
0.0319639 	-0.0014055 	-0.000391398 	-0.00842775
0.0324048 	-0.00205662 	-0.000379318 	-0.00888026
0.0328457 	-0.0026901 	-0.000377452 	-0.00932317
0.0332866 	-0.00329019 	-0.000394921 	-0.00974791
0.0337275 	-0.00389028 	-0.00041239 	-0.0101727
0.0341683 	-0.00462053 	-0.000467455 	-0.0105938
0.0346092 	-0.00546108 	-0.000553958 	-0.0110119
0.0350501 	-0.00630162 	-0.000640462 	-0.0114299
0.035491 	-0.00709875 	-0.000712272 	-0.0118595
0.0359319 	-0.00788283 	-0.000779663 	-0.0122926
0.0363727 	-0.0086669 	-0.000847055 	-0.0127257
0.0368136 	-0.00945098 	-0.000914446 	-0.0131588
0.0372545 	-0.0102351 	-0.000981837 	-0.0135919
0.0376954 	-0.0110622 	-0.00105676 	-0.0140187
0.0381363 	-0.0120367 	-0.00114453 	-0.0144162
0.0385772 	-0.0130113 	-0.00123229 	-0.0148138
0.039018 	-0.0139858 	-0.00132006 	-0.0152113
0.0394589 	-0.0149604 	-0.00140782 	-0.0156089
0.0398998 	-0.0159349 	-0.00149559 	-0.0160065
0.0403407 	-0.017016 	-0.00156065 	-0.0164092
0.0407816 	-0.0181251 	-0.00161974 	-0.0168133
0.0412224 	-0.019237 	-0.00167274 	-0.0172071
0.0416633 	-0.0203815 	-0.00162762 	-0.0174848
0.0421042 	-0.021526 	-0.00158251 	-0.0177624
0.0425451 	-0.0226325 	-0.00155742 	-0.0180148
0.042986 	-0.0236997 	-0.00155303 	-0.018241
0.0434269 	-0.0247668 	-0.00154864 	-0.0184673
0.0438677 	-0.025834 	-0.00154424 	-0.0186936
0.0443086 	-0.0269012 	-0.00153985 	-0.0189199
0.0447495 	-0.0279067 	-0.00152261 	-0.0190966
0.0451904 	-0.0287642 	-0.00147246 	-0.0191749
0.0456313 	-0.0296218 	-0.00142231 	-0.0192532
0.0460721 	-0.0304793 	-0.00137216 	-0.0193315
0.046513 	-0.0313369 	-0.00132201 	-0.0194098
0.0469539 	-0.0322071 	-0.00126043 	-0.01951
0.0473948 	-0.0330904 	-0.00118714 	-0.0196327
0.0478357 	-0.0339228 	-0.00111369 	-0.0197448
0.0482766 	-0.0340167 	-0.00095249 	-0.0197759
0.0487174 	-0.0341106 	-0.000791291 	-0.0198071
0.0491583 	-0.0342269 	-0.00061129 	-0.0198446
0.0495992 	-0.0343544 	-0.00042186 	-0.0198854
0.0500401 	-0.0344818 	-0.000232431 	-0.0199262
0.050481 	-0.0346093 	-4.30008e-05 	-0.0199669
0.0509218 	-0.0347368 	0.000146429 	-0.0200077
0.0513627 	-0.0343607 	0.000285188 	-0.0199469
0.0518036 	-0.033901 	0.000387619 	-0.0198575
0.0522445 	-0.0334413 	0.00049005 	-0.0197682
0.0526854 	-0.0329816 	0.000592481 	-0.0196789
0.0531263 	-0.032522 	0.000694912 	-0.0195895
0.0535671 	-0.0320623 	0.000797343 	-0.0195002
0.054008 	-0.0315365 	0.00085155 	-0.0193868
0.0544489 	-0.0309999 	0.000897878 	-0.0192694
0.0548898 	-0.0304633 	0.000944205 	-0.0191521
0.0553307 	-0.0298879 	0.000908046 	-0.018894
0.0557715 	-0.0293137 	0.000868356 	-0.01862
0.0562124 	-0.0287395 	0.000828666 	-0.0183459
0.0566533 	-0.0281913 	0.000809178 	-0.0180948
0.0570942 	-0.0276462 	0.000792147 	-0.0178464
0.0575351 	-0.0271011 	0.000775115 	-0.0175981
0.057976 	-0.026556 	0.000758084 	-0.0173497
0.0584168 	-0.0260109 	0.000741052 	-0.0171014
0.0588577 	-0.0254659 	0.000724021 	-0.016853
0.0592986 	-0.0250725 	0.000754449 	-0.0165415
0.0597395 	-0.0246973 	0.000786977 	-0.0162226
0.0601804 	-0.0243222 	0.000819505 	-0.0159037
0.0606212 	-0.0239471 	0.000852033 	-0.0155848
0.0610621 	-0.0235719 	0.000884561 	-0.0152659
0.061503 	-0.0231968 	0.000917089 	-0.014947
0.0619439 	-0.022832 	0.000928859 	-0.0146062
0.0623848 	-0.0224679 	0.000939255 	-0.014264
0.0628257 	-0.0221038 	0.000949651 	-0.0139217
0.0632665 	-0.0219646 	0.000913481 	-0.0135286
0.0637074 	-0.0218358 	0.00087517 	-0.0131331
0.0641483 	-0.021707 	0.000836859 	-0.0127377
0.0645892 	-0.0215618 	0.000828364 	-0.0124157
0.0650301 	-0.0214164 	0.00082023 	-0.0120946
0.0654709 	-0.021271 	0.000812096 	-0.0117736
0.0659118 	-0.0211257 	0.000803961 	-0.0114525
0.0663527 	-0.0209803 	0.000795827 	-0.0111314
0.0667936 	-0.0208489 	0.000787487 	-0.0107981
0.0672345 	-0.0208255 	0.000777657 	-0.0103698
0.0681162 	-0.0207785 	0.000757983 	-0.00951329
0.0685571 	-0.020755 	0.000748138 	-0.00908502
0.068998 	-0.0207315 	0.000738294 	-0.00865675
0.0694389 	-0.0207106 	0.000727552 	-0.00823287
0.0698798 	-0.0207295 	0.000703108 	-0.0078759
0.0703206 	-0.0207484 	0.000678663 	-0.00751892
0.0707615 	-0.0207673 	0.000654219 	-0.00716195
0.0712024 	-0.0207862 	0.000629775 	-0.00680498
0.0716433 	-0.0208051 	0.00060533 	-0.00644801
0.0720842 	-0.020824 	0.000580886 	-0.00609104
0.0725251 	-0.0208429 	0.000556442 	-0.00573407
0.0729659 	-0.0208618 	0.000531998 	-0.0053771
0.0734068 	-0.0208807 	0.000507553 	-0.00502013
0.0738477 	-0.0208996 	0.000483109 	-0.00466315
0.0742886 	-0.0209185 	0.000458665 	-0.00430618
0.0747295 	-0.0209354 	0.000437096 	-0.00395454
0.0751703 	-0.0209306 	0.000443267 	-0.00365438
0.0756112 	-0.0209259 	0.000449439 	-0.00335421
0.0760521 	-0.0209211 	0.000455611 	-0.00305405
0.076493 	-0.0209164 	0.000461782 	-0.00275388
0.0778156 	-0.0209022 	0.000480311 	-0.00185332
0.0782565 	-0.0208975 	0.000486488 	-0.00155313
0.0786974 	-0.0208928 	0.000492666 	-0.00125294
0.0791383 	-0.0208881 	0.000498844 	-0.00095275
0.0795792 	-0.0208818 	0.00050533 	-0.000652353
0.08002 	-0.0208547 	0.000515684 	-0.000349391
0.0804609 	-0.0208276 	0.000526037 	-4.64278e-05
0.0809018 	-0.0208005 	0.000536391 	0.000256535
0.0813427 	-0.0207734 	0.000546744 	0.000559498
0.0817836 	-0.0207463 	0.000557098 	0.00086246
0.0822244 	-0.0206842 	0.000571348 	0.00114591
0.0826653 	-0.0205962 	0.000588253 	0.00141517
0.0831062 	-0.0205082 	0.000605159 	0.00168443
0.0835471 	-0.0204203 	0.000622064 	0.0019537
0.083988 	-0.0203323 	0.00063897 	0.00222296
0.0844289 	-0.0202443 	0.000655875 	0.00249222
0.0848697 	-0.0201482 	0.000668448 	0.00276947
0.0853106 	-0.020052 	0.000680963 	0.00304683
0.0857515 	-0.0199558 	0.000693479 	0.00332419
0.0861924 	-0.0198596 	0.000705995 	0.00360155
0.0866333 	-0.0197633 	0.000718511 	0.00387891
0.0870741 	-0.0196671 	0.000731027 	0.00415627
0.100301 	-0.0164489 	0.000748074 	0.0124282
0.108677 	-0.0122212 	5.10012e-05 	0.0150141
0.109118 	-0.0116797 	4.68023e-06 	0.0147174
0.109559 	-0.0111382 	-4.16407e-05 	0.0144208
0.11 	-0.0105967 	-8.79616e-05 	0.0141241
