/*--------------------------------*- C++ -*----------------------------------*\
| =========                 |                                                 |
| \\      /  F ield         | OpenFOAM: The Open Source CFD Toolbox           |
|  \\    /   O peration     | Version:  2206                                  |
|   \\  /    A nd           | Website:  www.openfoam.com                      |
|    \\/     M anipulation  |                                                 |
\*---------------------------------------------------------------------------*/
FoamFile
{
    version     2.0;
    format      ascii;
    arch        "LSB;label=64;scalar=64";
    class       volScalarField;
    location    "3/solid";
    object      T;
}
// * * * * * * * * * * * * * * * * * * * * * * * * * * * * * * * * * * * * * //

dimensions      [0 0 0 1 0 0 0];

internalField   nonuniform List<scalar> 
500
(
1086.1002024
1085.93023183
1085.58858375
1085.07330394
1084.37792518
1083.49423977
1082.41492741
1081.14326759
1079.71160316
1078.23215746
1087.04323714
1086.87899786
1086.55013236
1086.05617913
1085.39654419
1084.57161191
1083.5847182
1082.44677045
1081.18313725
1079.83102521
1088.01271132
1087.85494025
1087.53966574
1087.06759545
1086.44018692
1085.66024709
1084.73277913
1083.66621729
1082.47364085
1081.16882541
1088.99143415
1088.83939586
1088.53578425
1088.08162473
1087.47866325
1086.72958424
1085.83821612
1084.80982137
1083.65168125
1082.36989561
1089.95987021
1089.81235415
1089.51775543
1089.07698078
1088.49145409
1087.76314545
1086.89453202
1085.88870698
1084.75043294
1083.48343814
1090.90472116
1090.76063464
1090.47278907
1090.04185291
1089.46883056
1088.75502757
1087.90193922
1086.91134456
1085.78713648
1084.53419895
1091.81759571
1091.67615186
1091.39348544
1090.97004451
1090.40648752
1089.70363893
1088.86235675
1087.88357961
1086.77092746
1085.53509417
1092.69357906
1092.55428828
1092.27584525
1091.85853268
1091.30276442
1090.60905012
1089.77785155
1088.80950122
1087.70710476
1086.49313009
1093.53011125
1093.39271144
1093.11799284
1092.70612562
1092.15736372
1091.47202337
1090.65033087
1089.69216164
1088.59950166
1087.39758723
1094.32616098
1094.19054499
1093.91935673
1093.51269443
1092.97071312
1092.29361824
1091.48150787
1090.5339068
1089.45149987
1088.25728685
1095.08165831
1094.94781614
1094.68015299
1094.27872419
1093.7436282
1093.0750162
1092.2729361
1091.33665645
1090.26551549
1089.07917235
1095.79711872
1095.66509539
1095.40105776
1095.00503826
1094.47710732
1093.81739943
1093.025969
1092.10191405
1091.04322327
1089.86595647
1096.47339598
1096.34326192
1096.08299764
1095.69262612
1095.17220837
1094.52188653
1093.74176328
1092.83084193
1091.78573235
1090.61759933
1097.11151889
1096.98334964
1096.72701407
1096.34253359
1095.82996981
1095.18948385
1094.42125116
1093.52425432
1092.49379072
1091.33625772
1097.71258054
1097.58644434
1097.33417616
1096.95579967
1096.45138094
1095.82110257
1095.06522645
1094.18278897
1093.16787922
1092.02122892
1098.27765783
1098.15360912
1097.90551826
1097.53341283
1097.03736388
1096.41757222
1095.67438714
1094.80695888
1093.80830084
1092.67369081
1098.80774562
1098.6858221
1098.44198437
1098.07626441
1097.58873739
1096.97961691
1096.24933724
1095.39722776
1094.4154201
1093.29307648
1099.30369812
1099.18391983
1098.94437558
1098.58510207
1098.10617814
1097.50782663
1096.7905671
1095.95397974
1094.98953034
1093.88027363
1099.76617396
1099.64854338
1099.41329766
1099.06047838
1098.59016739
1098.00259159
1097.29834772
1096.47732451
1095.53059662
1094.43472959
1100.19558464
1100.08008727
1099.84911111
1099.50270265
1099.0409461
1098.46406698
1097.77272681
1096.967167
1096.03833084
1094.95647143
1100.5920468
1100.47865232
1100.25188505
1099.91179651
1099.45847319
1098.89213529
1098.21349615
1097.42318712
1096.51231908
1095.4445189
1100.95533889
1100.84400256
1100.6213546
1100.28745151
1099.84238187
1099.28635642
1098.62012456
1097.84473883
1096.95182296
1095.89873694
1101.28486256
1101.17552706
1100.95688358
1100.6289935
1100.19194746
1099.64594357
1098.99174984
1098.23085483
1097.35571971
1096.31679495
1101.57960851
1101.47220592
1101.25743099
1100.93534997
1100.50605594
1099.96973188
1099.32714492
1098.58022365
1097.72268906
1096.69835255
1101.83812642
1101.73258005
1101.52152016
1101.20501783
1100.78316907
1100.25614035
1099.62467838
1098.89114158
1098.05099089
1097.04081095
1102.05849992
1101.95472609
1101.74721378
1101.43603893
1101.02130124
1100.50315015
1099.88228969
1099.16146551
1098.33845527
1097.34226019
1102.23832673
1102.13623624
1101.9320931
1101.62597836
1101.21799664
1100.70828137
1100.09747392
1099.38863622
1098.5825014
1097.6055909
1102.37470507
1102.27420422
1102.07324289
1101.77190757
1101.37030913
1100.86856691
1100.26724027
1099.56959501
1098.77966023
1097.83000884
1102.46422756
1102.36521882
1102.16724442
1101.87039681
1101.47479516
1100.98054906
1100.38812278
1099.70085313
1098.92606169
1098.00734763
1102.50298355
1102.40536581
1102.21017612
1101.91751331
1101.52750671
1101.0402617
1100.45614156
1099.77841975
1099.01753855
1098.13135749
1102.48657133
1102.39023996
1102.19762537
1101.9088324
1101.52400158
1101.04323922
1100.46680487
1099.79776002
1099.04926833
1098.19717014
1102.41012125
1102.31496872
1102.12471322
1101.83946392
1101.45937125
1100.98454505
1100.41514122
1099.75386803
1099.01595829
1098.20078436
1102.26832945
1102.17424721
1101.98613211
1101.7040945
1101.32829084
1100.85883356
1100.29577837
1099.64136694
1098.91182954
1098.1378485
1102.0554999
1101.96238144
1101.77619184
1101.49703879
1101.12507933
1100.66042437
1100.10303054
1099.45459622
1098.73076555
1097.99001528
1101.76559269
1101.67333682
1101.48886879
1101.21229052
1100.84375539
1100.38337132
1099.83100584
1099.18781331
1098.46805622
1097.73117836
1101.39227823
1101.30079131
1101.11785675
1100.84356894
1100.47807572
1100.0214843
1099.4735911
1098.8350388
1098.11865347
1097.38368693
1100.92899984
1100.83819631
1100.6566239
1100.38436903
1100.02157369
1099.568348
1099.02443484
1098.38998964
1097.67633788
1096.941744
1100.36904841
1100.27884969
1100.09848272
1099.82802675
1099.46761912
1099.01737819
1098.47701454
1097.84622962
1097.13479012
1096.40001905
1099.7056518
1099.61598381
1099.43667532
1099.16780054
1098.80949537
1098.3618943
1097.82470237
1097.19721709
1096.48762512
1095.75171873
1098.93208102
1098.84287018
1098.66447484
1098.39696749
1098.04048697
1097.59519188
1097.06080589
1096.43626351
1095.72810965
1094.99073545
1098.04177465
1097.95294252
1097.77530595
1097.50894025
1097.15399288
1096.71065501
1096.17869365
1095.55672554
1094.84958312
1094.10964802
1097.0284823
1096.93993883
1096.76288437
1096.49740346
1096.14366063
1095.70189188
1095.1719393
1094.55216836
1093.84566846
1093.10291454
1095.88642781
1095.79806277
1095.62137427
1095.35646452
1095.00352681
1094.56285799
1094.03441099
1093.41637087
1092.71001509
1091.96324916
1094.61049459
1094.52216731
1094.34556825
1094.08082685
1093.72817927
1093.2880035
1092.76040716
1092.1434858
1091.43664506
1090.68496675
1093.19643595
1093.10796522
1092.93109697
1092.66599581
1092.31295376
1091.87245213
1091.34480832
1090.72815542
1090.02000363
1089.26186381
1091.64111163
1091.55226989
1091.37467784
1091.10853541
1090.75419136
1090.31224011
1089.78326246
1089.16558802
1088.45481046
1087.68811619
1089.94274116
1089.85325912
1089.67440378
1089.40639792
1089.04961823
1088.60473401
1088.07258162
1087.45179492
1086.73598266
1085.95677231
1088.10115571
1088.01073049
1087.83003542
1087.55931045
1087.19889629
1086.74940089
1086.21170154
1085.58448668
1084.85891788
1084.05991306
1086.11817425
1086.02639225
1085.84327485
1085.56915944
1085.20429709
1084.74898173
1084.20348841
1083.56524155
1082.82045962
1081.98340583
1083.99886933
1083.90454939
1083.71824291
1083.44041795
1083.07125223
1082.61046233
1082.05682264
1081.40438791
1080.6271635
1079.69476136
)
;

boundaryField
{
    symmetric
    {
        type            symmetry;
    }
    emptyPatch
    {
        type            empty;
    }
    solid_to_water
    {
        type            compressible::turbulentTemperatureTwoPhaseRadCoupledMixed;
        refValue        nonuniform List<scalar> 
70
(
385.291578314
383.582432728
382.076129259
380.779634816
379.305811414
376.776100059
372.918335441
365.641350113
348.156413656
338.463105443
337.558907502
337.258151953
336.691536993
336.158984622
335.886500594
336.112966549
337.754827709
343.39031129
351.102847743
354.70382225
354.678706608
358.219228774
356.094006346
359.299267061
356.927833222
359.879533869
357.894083902
360.578622926
358.26068314
360.419066099
358.317064629
359.857881913
358.053527999
358.584861722
357.270303571
353.100289381
344.883134015
340.280799944
337.905227919
336.528994552
336.127583024
336.754833995
341.017509947
392.593900863
415.000467273
434.859290708
433.05398961
446.864652883
439.535610495
449.804981455
442.099862129
449.745490556
443.436934314
448.740136347
444.363102261
447.306250662
445.067424373
445.853176083
445.295254574
334.255935453
334.360033984
334.423736541
334.49235365
334.564197324
334.646753894
334.765581149
334.983765471
335.62055203
406.063084528
337.602127718
)
;
        refGradient     uniform 0;
        valueFraction   nonuniform List<scalar> 
70
(
0.000667687543816
0.000668110309924
0.000668538986654
0.000669005705951
0.000670610120245
0.000680375230725
0.000701654731248
0.000762527295077
0.00107758897815
0.00145217540929
0.000966578803452
0.000962094322998
0.000956178978461
0.000949612479486
0.000946549462253
0.000951654893284
0.000974003986099
0.000917959224487
0.000809004667029
0.000784447824646
0.000806465233072
0.000767157819233
0.000806426894139
0.000767417029969
0.000805259043777
0.000769279071835
0.000800391472296
0.000767698046966
0.00080090817492
0.000774043582884
0.00080295738501
0.000783065295389
0.000807219728264
0.000798613039292
0.000808552856048
0.000839526112115
0.000940853244839
0.000985152013854
0.000978167643112
0.000962421761413
0.00095823469362
0.000966736575416
0.000983281385001
0.000516785131891
0.000496837014476
0.000469780493443
0.00049673532998
0.000469070601637
0.000496557373787
0.00047255433131
0.000496305532728
0.000477377781648
0.000495975917093
0.000482673980766
0.000495563108029
0.000488301933054
0.000495061908497
0.000493225494857
0.000494465659941
0.00149766914462
0.00150402895898
0.00150715006808
0.00151029218486
0.00151319113389
0.00151617124991
0.0015202461717
0.00152665288217
0.00152652865684
0.000605135232115
0.00143698368677
)
;
        source          uniform 0;
        value           nonuniform List<scalar> 
70
(
1085.6338075
1085.46251748
1085.11977181
1084.60363402
1083.90656903
1083.01480164
1081.91827469
1080.59842334
1078.92407624
1077.15929595
1077.517652
1079.11817742
1080.45851568
1081.66281371
1082.77736391
1083.82369216
1084.80891121
1085.8125428
1086.80197528
1087.68158419
1088.48700541
1089.30428725
1090.02552152
1090.77428338
1091.42973714
1092.11001343
1092.70507804
1093.3175813
1093.84599192
1094.38852481
1094.85380834
1095.32339932
1095.72237202
1096.11042695
1096.44450265
1096.71988908
1096.90152825
1097.08881715
1097.26920199
1097.40385763
1097.47268575
1097.47088233
1097.40019119
1097.62574385
1097.39173719
1097.07173725
1096.61161843
1096.09455526
1095.42548045
1094.68508982
1093.78562835
1092.7950646
1091.64111798
1090.37439959
1088.94169701
1087.37465736
1085.63872929
1083.74419142
1081.66740645
1082.87728687
1082.77849737
1082.59022649
1082.3105686
1081.93989728
1081.47770277
1080.92207792
1080.26639713
1079.49157689
1079.28553037
1078.62679495
)
;
        kappaMethod     solidThermo;
        Tnbr            T.liquid;
        region          solid;
        otherPhase      gas;
    }
}


// ************************************************************************* //
