/*--------------------------------*- C++ -*----------------------------------*\
| =========                 |                                                 |
| \\      /  F ield         | OpenFOAM: The Open Source CFD Toolbox           |
|  \\    /   O peration     | Version:  2206                                  |
|   \\  /    A nd           | Website:  www.openfoam.com                      |
|    \\/     M anipulation  |                                                 |
\*---------------------------------------------------------------------------*/
FoamFile
{
    version     2.0;
    format      ascii;
    arch        "LSB;label=64;scalar=64";
    class       volScalarField;
    location    "3.6/solid";
    object      T;
}
// * * * * * * * * * * * * * * * * * * * * * * * * * * * * * * * * * * * * * //

dimensions      [0 0 0 1 0 0 0];

internalField   nonuniform List<scalar> 
500
(
1080.23616161
1080.06560191
1079.72280372
1079.20389852
1078.50120291
1077.60529634
1076.50671066
1075.21013335
1073.77055027
1072.30691795
1081.09805953
1080.93311527
1080.60274643
1080.10616608
1079.4427011
1078.61300086
1077.62105956
1076.47902707
1075.21555152
1073.87286459
1082.00478381
1081.84677848
1081.53103096
1081.0582625
1080.43006682
1079.6496122
1078.72255611
1077.65819148
1076.47083627
1075.17718854
1082.94142996
1082.7896901
1082.48670959
1082.03359628
1081.4322583
1080.68565541
1079.79799767
1078.77489975
1077.62421607
1076.35459431
1083.88856059
1083.74176795
1083.44864844
1083.01017652
1082.42788656
1081.70390791
1080.84089371
1079.84194236
1078.71196696
1077.45957379
1084.83162726
1084.68855635
1084.4027596
1083.97493828
1083.40614302
1082.69773758
1081.85125406
1080.86822719
1079.75192833
1078.51748348
1085.76033455
1085.62008766
1085.33981771
1084.91997323
1084.36120569
1083.66432354
1082.83013733
1081.85919651
1080.75329064
1079.52939465
1086.66761511
1086.52962264
1086.25376734
1085.84030837
1085.28961445
1084.60212898
1083.77822184
1082.81780602
1081.72133805
1080.50384249
1087.54873126
1087.41267725
1087.1406338
1086.7327317
1086.18915419
1085.51011815
1084.69573814
1083.74550723
1082.65864319
1081.44719512
1088.40057047
1088.26631254
1087.99781962
1087.59514101
1087.05834441
1086.38751266
1085.58262401
1084.64289261
1083.56632792
1082.36184824
1089.22112
1089.08862493
1088.82363328
1088.42614662
1087.89616575
1087.23370202
1086.43868049
1085.51014995
1084.44494674
1083.24807306
1090.0090857
1089.87838248
1089.61696213
1089.22480198
1088.70186945
1088.04814722
1087.26356923
1086.34712385
1085.29451902
1084.10652322
1090.76362189
1090.6347692
1090.37704562
1089.99042006
1089.47484893
1088.83031455
1088.0568066
1087.15335975
1086.1146435
1084.93630071
1091.48414344
1091.35720809
1091.10332011
1090.72244999
1090.21455672
1089.57963802
1088.81776863
1087.92812951
1086.90451533
1085.73738741
1092.17019572
1092.04523947
1091.79531355
1091.42039564
1090.9204542
1090.29550763
1089.54572633
1088.67051705
1087.66299201
1086.50758573
1092.82136304
1092.6984353
1092.45257176
1092.08376006
1091.59198103
1090.97727265
1090.2398978
1089.37954925
1088.38890369
1087.24661273
1093.43720066
1093.31633509
1093.0746019
1092.71200001
1092.22852404
1091.62422989
1090.89946966
1090.0542875
1089.08122275
1087.95271991
1094.01718123
1093.89839446
1093.66082508
1093.30448386
1092.82937975
1092.23558354
1091.5235257
1090.69364577
1089.73865898
1088.62511515
1094.56065043
1094.44394194
1094.21053514
1093.86045243
1093.39371673
1092.81040936
1092.11102252
1091.29641833
1090.35983811
1089.26185518
1095.06678906
1094.95214207
1094.72286376
1094.37898731
1093.92054846
1093.34763444
1092.66078204
1091.86129972
1090.94334914
1089.86194212
1095.53457895
1095.42196203
1095.19674874
1094.85898202
1094.40870928
1093.84601892
1093.17146671
1092.38678482
1091.48740706
1090.42297141
1095.96277122
1095.85214004
1095.63090241
1095.29910991
1094.85682053
1094.30412059
1093.64156411
1092.87129309
1091.99046263
1090.94373258
1096.34985704
1096.2411561
1096.02378244
1095.69779506
1095.26326127
1094.72026183
1094.06932311
1093.31294307
1092.45046036
1091.4216992
1096.6940413
1096.5872057
1096.37356553
1096.05318598
1095.62614276
1095.09250949
1094.45276241
1093.70967472
1092.8652344
1091.85792081
1096.99321965
1096.8881767
1096.67812387
1096.36313134
1095.94328203
1095.41864153
1094.78961702
1094.05916034
1093.23223109
1092.25283317
1097.24495963
1097.1416304
1096.93500648
1096.62516194
1096.21218629
1095.6961371
1095.07733241
1094.35875564
1093.54828257
1092.59982297
1097.44648645
1097.34478712
1097.14142404
1096.83647441
1096.43003426
1095.92215625
1095.31306344
1094.60564582
1093.81051263
1092.89436971
1097.59467474
1097.4945176
1097.29423963
1096.99392075
1096.59366357
1096.09351832
1095.49360636
1094.79657768
1094.01537928
1093.13285452
1097.68604762
1097.58734161
1097.38996658
1097.09400507
1096.69956711
1096.20670524
1095.61544252
1094.92805817
1094.15918453
1093.31255101
1097.71678456
1097.6194355
1097.42477497
1097.13288827
1096.74389393
1096.25785356
1095.67470857
1094.99628624
1094.23797223
1093.43153586
1097.68273938
1097.58665008
1097.39450954
1097.10640544
1096.72246526
1096.24276441
1095.66717702
1094.99701877
1094.2469566
1093.47616819
1097.5794685
1097.48453946
1097.29471935
1097.01009718
1096.63080826
1096.15694471
1095.58833
1094.92578028
1094.1824361
1093.41791332
1097.40226814
1097.30839911
1097.12069807
1096.83925337
1096.46420527
1095.99566273
1095.43341513
1094.77782225
1094.04047815
1093.27997508
1097.14621719
1097.05330985
1096.86753027
1096.5889639
1096.21775217
1095.75401809
1095.19752446
1094.54819162
1093.81602187
1093.05779475
1096.80622256
1096.71418341
1096.53013761
1096.254166
1095.88640794
1095.42699789
1094.87568103
1094.23196524
1093.50424701
1092.74777283
1096.37706581
1096.2858082
1096.10332281
1095.82968532
1095.46503152
1095.00950733
1094.46285492
1093.82421231
1093.10037392
1092.34443579
1095.85345278
1095.76289743
1095.58181442
1095.31027505
1094.94841208
1094.49638464
1093.95394555
1093.31989163
1092.59936646
1091.84357372
1095.23006943
1095.14014331
1094.96031769
1094.69066135
1094.33130606
1093.88242803
1093.34380938
1092.71395224
1091.99632234
1091.23956615
1094.50164727
1094.41228096
1094.23357547
1093.96560001
1093.60848886
1093.16244048
1092.62728702
1092.00129174
1091.28622908
1090.52842635
1093.66304084
1093.57416443
1093.39644132
1093.12994504
1092.77481731
1092.33128529
1091.79925211
1091.17679649
1090.46395127
1089.70400933
1092.70932003
1092.62085771
1092.443968
1092.1787337
1091.82531058
1091.38396279
1090.85468859
1090.23545036
1089.52450829
1088.76200918
1091.63587862
1091.54774172
1091.37151134
1091.10728623
1090.75524524
1090.31570076
1089.78877412
1089.1723938
1088.4630281
1087.69691141
1090.43856127
1090.35063895
1090.1748503
1089.91131816
1089.56025633
1089.12204005
1088.59694493
1087.98295843
1087.27473741
1086.50414395
1089.11381164
1089.0259596
1088.85032832
1088.58707387
1088.23645911
1087.79894105
1087.27498781
1086.66276321
1085.95512998
1085.17837226
1087.65884242
1087.57087091
1087.39502065
1087.13148821
1086.78059876
1086.34291197
1085.81913642
1085.20776938
1084.49996522
1083.71546269
1086.07182327
1085.98348897
1085.80693264
1085.54239033
1085.19024982
1084.75118078
1084.22617673
1083.61427802
1082.90515157
1082.11005035
1084.35207869
1084.26308866
1084.08523701
1083.81878182
1083.46413674
1083.02202912
1082.49370845
1081.87894095
1081.16628063
1080.35627856
1082.50028768
1082.41031537
1082.23053655
1081.96120644
1081.60266551
1081.15550808
1080.6209686
1079.99939503
1079.27847206
1078.44496467
1080.51864882
1080.42728922
1080.24499491
1079.97204877
1079.60857642
1079.15467295
1078.61083427
1077.97690114
1077.23868835
1076.36098888
1078.4108434
1078.31704637
1078.13166338
1077.85500069
1077.48689702
1077.02670924
1076.4732509
1075.82365498
1075.05878735
1074.09833608
)
;

boundaryField
{
    symmetric
    {
        type            symmetry;
    }
    emptyPatch
    {
        type            empty;
    }
    solid_to_water
    {
        type            compressible::turbulentTemperatureTwoPhaseRadCoupledMixed;
        refValue        nonuniform List<scalar> 
70
(
390.902440864
389.229398171
387.780365966
386.417984661
383.299462484
377.007871909
368.567217234
358.144522594
344.631879379
337.854979468
336.631299338
336.280396858
336.033279359
336.208496927
337.627199231
341.818523218
347.267424905
349.788005184
349.351460138
351.1967291
350.383041007
352.134169728
350.848429296
352.786074616
351.323099528
352.814128993
351.496455847
352.705517111
351.477865294
352.254666733
351.380487299
351.186757818
349.076670934
343.656919642
339.871184207
337.708550495
336.381570175
335.943764656
336.461701431
340.111914078
383.770551525
406.893116867
426.795780539
424.06425007
438.649675601
430.429974082
442.326095335
432.860702457
442.288048246
433.857566977
441.080901382
434.188358537
439.912890559
434.540761642
438.383953304
434.753594868
436.360767538
434.935283743
427.998426953
334.38565107
334.491822582
334.552372357
334.611962301
334.672619797
334.734311668
334.826787317
334.991198253
335.369567471
370.110327345
336.12695091
)
;
        refGradient     uniform 0;
        valueFraction   nonuniform List<scalar> 
70
(
0.000639820941001
0.000640225963558
0.000640597365345
0.000640910036197
0.000651877771389
0.000687107616651
0.000748383830577
0.000860739662691
0.00117216733685
0.00146335512096
0.000951686454626
0.000944796586778
0.000942032242797
0.00094636635022
0.000966786036782
0.000942427649093
0.000858203878322
0.000834108924647
0.000858273886841
0.000833651663089
0.000855508616946
0.000829214788998
0.000856365110702
0.000826631628723
0.00085473422082
0.000831328913992
0.00085546252919
0.00083592289897
0.00085810298384
0.000845791018618
0.000860854919902
0.000859788148633
0.000876941966668
0.000947892287014
0.000982118351686
0.000973214160637
0.000956684330837
0.000951201892179
0.000958966753475
0.000982867418298
0.000545437330977
0.000508604968821
0.000476293771462
0.000508566212674
0.000475489344814
0.000508453410044
0.000477339558307
0.000508270823756
0.00048185459316
0.000508015961966
0.000487095982729
0.000508228041337
0.000491498199158
0.000507812424089
0.00049622411684
0.000507310435435
0.000502476262068
0.000506717581051
0.00052180246703
0.00149712750558
0.00150311088667
0.00150588280389
0.00150843820685
0.00151072009461
0.00151266533156
0.00151547632969
0.00152024983911
0.00152443085781
0.000777554041926
0.00150984086736
)
;
        source          uniform 0;
        value           nonuniform List<scalar> 
70
(
1079.79670459
1079.62490842
1079.28114499
1078.76148295
1078.04962962
1077.1255761
1075.97849141
1074.59409237
1072.91696446
1071.23351096
1071.60814314
1073.17730943
1074.48219499
1075.65555833
1076.74606307
1077.82472867
1078.90138308
1079.89446182
1080.8193558
1081.75253554
1082.62170295
1083.49988747
1084.30845451
1085.1320079
1085.8802082
1086.63687159
1087.32399714
1088.01110581
1088.63038648
1089.23969749
1089.78875681
1090.30985571
1090.77328808
1091.15252132
1091.51852294
1091.86998527
1092.17556458
1092.41780073
1092.59236895
1092.69740136
1093.08943824
1093.06841389
1092.96168631
1092.71716092
1092.43586063
1092.00746346
1091.53265886
1090.90450175
1090.2152512
1089.37037917
1088.44575508
1087.36428956
1086.18557596
1084.84738495
1083.39441444
1081.7808914
1080.03174849
1078.11783337
1076.02146147
1077.29817707
1077.20022838
1077.01315214
1076.7350949
1076.36594036
1075.90509127
1075.35052648
1074.69876243
1073.93317944
1073.55203653
1072.9852051
)
;
        kappaMethod     solidThermo;
        Tnbr            T.liquid;
        region          solid;
        otherPhase      gas;
    }
}


// ************************************************************************* //
