/*--------------------------------*- C++ -*----------------------------------*\
| =========                 |                                                 |
| \\      /  F ield         | OpenFOAM: The Open Source CFD Toolbox           |
|  \\    /   O peration     | Version:  2206                                  |
|   \\  /    A nd           | Website:  www.openfoam.com                      |
|    \\/     M anipulation  |                                                 |
\*---------------------------------------------------------------------------*/
FoamFile
{
    version     2.0;
    format      ascii;
    arch        "LSB;label=64;scalar=64";
    class       volScalarField;
    location    "2.9/solid";
    object      T;
}
// * * * * * * * * * * * * * * * * * * * * * * * * * * * * * * * * * * * * * //

dimensions      [0 0 0 1 0 0 0];

internalField   nonuniform List<scalar> 
500
(
1087.11550186
1086.94583999
1086.6055697
1086.09227226
1085.40150438
1084.52813091
1083.46552868
1082.20237142
1080.75201589
1079.2627383
1088.06957214
1087.90536282
1087.57663377
1087.08284654
1086.4235974
1085.59975367
1084.61535649
1083.48010142
1082.21335201
1080.85320563
1089.0533954
1088.89556077
1088.5801516
1088.10784454
1087.48006393
1086.69960783
1085.7715186
1084.70374125
1083.50635613
1082.19130354
1090.0380865
1089.88591006
1089.5820041
1089.12735548
1088.52365173
1087.77351984
1086.88075545
1085.85013054
1084.68568978
1083.38982209
1091.00697437
1090.85927206
1090.56427789
1090.12285076
1089.53634327
1088.80665924
1087.93627043
1086.92784695
1085.78232535
1084.49727448
1091.94839286
1091.8040961
1091.51580407
1091.08413099
1090.50999946
1089.79463948
1088.93957776
1087.94630569
1086.81416171
1085.53719405
1092.85492882
1092.71326846
1092.43014083
1092.00593466
1091.44121637
1090.73672173
1089.89337843
1088.91207613
1087.79134178
1086.52218588
1093.72229662
1093.58279504
1093.30390043
1092.88583168
1092.32890006
1091.6335079
1090.80021606
1089.82964467
1088.71996801
1087.45915627
1094.54834213
1094.41074489
1094.13560007
1093.7230103
1093.17311668
1092.48610485
1091.66231533
1090.70230557
1089.60424602
1088.35307333
1095.33231766
1095.19652226
1094.92494287
1094.51760742
1093.97454852
1093.29581254
1092.48160548
1091.53255333
1090.44715887
1089.20723223
1096.0743836
1095.94038251
1095.6723688
1095.27032596
1094.73422188
1094.06401579
1093.25982795
1092.32243114
1091.25101249
1090.02433422
1096.77527217
1096.64311129
1096.37876609
1095.98219721
1095.45333919
1094.79210124
1093.99855051
1093.0736753
1092.01782757
1090.80713804
1097.43606084
1097.30581034
1097.04528158
1096.65442749
1096.13317163
1095.48139955
1094.69914001
1093.78761427
1092.74881652
1091.55852423
1098.05801726
1097.92975193
1097.6731941
1097.28829866
1096.77499253
1096.13315394
1095.36276973
1094.46524096
1093.44451694
1092.27887079
1098.64248809
1098.51627521
1098.26382567
1097.8851016
1097.38004086
1096.74852243
1095.99047906
1095.10740223
1094.10538256
1092.96760782
1099.19081311
1099.06670579
1098.81847225
1098.44608465
1097.94949623
1097.32859304
1096.58324348
1095.71490789
1094.7318264
1093.62447776
1099.70425286
1099.58228699
1099.33834191
1098.97240124
1098.4844362
1097.87434575
1097.14192831
1096.28846834
1095.32411471
1094.24949628
1100.18392314
1100.06411646
1099.82449556
1099.46505587
1098.98578777
1098.38660826
1097.66725008
1096.8286971
1095.88258735
1094.84426025
1100.63073403
1100.5130865
1100.27778961
1099.9248505
1099.4542792
1098.86601536
1098.15973441
1097.33599792
1096.40711464
1095.41053676
1101.04533304
1100.92982772
1100.69882078
1100.35233051
1099.89038621
1099.31295419
1098.61967013
1097.81061085
1096.8973343
1095.94497645
1101.42805291
1101.31465726
1101.08787489
1100.74773472
1100.29428511
1099.7275234
1099.0470681
1098.25253038
1097.35359311
1096.41646459
1101.77886527
1101.66753234
1101.44488011
1101.11094705
1100.6657989
1100.10946495
1099.44156337
1098.66128319
1097.77632821
1096.84914709
1102.09734067
1101.98801088
1101.769369
1101.44146157
1101.00436945
1100.45815335
1099.80244641
1099.03606687
1098.16475533
1097.24704353
1102.38261401
1102.2752172
1102.06044473
1101.7383499
1101.30902658
1100.77256649
1100.12863347
1099.37573364
1098.51770404
1097.60843071
1102.6333546
1102.52781201
1102.31675079
1102.00022978
1101.57835358
1101.05124369
1100.41860866
1099.67870076
1098.83350746
1097.9326928
1102.84774104
1102.74396708
1102.53644555
1102.22523989
1101.81046395
1101.29226861
1100.6704215
1099.94298064
1099.11013464
1098.21643535
1103.02344094
1102.92134467
1102.71718058
1102.411016
1102.00297262
1101.49322939
1100.88162568
1100.16608965
1099.34510416
1098.4585563
1103.15759703
1103.05708318
1102.8560858
1102.55467568
1102.15298141
1101.65120946
1101.04928346
1100.34506452
1099.53540799
1098.6548119
1103.24682046
1103.14779029
1102.94976201
1102.65280974
1102.25706823
1101.76277022
1101.16993316
1100.47641126
1099.67750654
1098.80263627
1103.28719271
1103.1895446
1102.99428213
1102.70148263
1102.31128645
1101.823951
1101.23959544
1100.55612669
1099.76738295
1098.89719958
1103.27427678
1103.17790686
1102.98520226
1102.69624316
1102.31117468
1101.83027753
1101.25378332
1100.57972641
1099.80058354
1098.93483165
1103.20313826
1103.10794124
1102.91758334
1102.63214626
1102.25177706
1101.77677357
1101.20747954
1100.54211436
1099.77184647
1098.90883242
1103.06837601
1102.97424672
1102.78602409
1102.50378899
1102.12768525
1101.65801685
1101.09522856
1100.43777295
1099.67560895
1098.81469566
1102.86416156
1102.77099724
1102.58470325
1102.30535696
1101.93309375
1101.4682124
1100.91124586
1100.260932
1099.50612674
1098.64554605
1102.58428627
1102.49198906
1102.30742717
1102.03067267
1101.66184844
1101.20123747
1100.64944459
1100.00554171
1099.25740205
1098.39565728
1102.2222162
1102.1306949
1101.94768257
1101.6732456
1101.30749302
1100.8506857
1100.30348841
1099.66537581
1098.92350085
1098.0591101
1101.77115675
1101.68032722
1101.49869668
1101.22632695
1100.86331453
1100.40989585
1099.86678559
1099.23393293
1098.49811895
1097.62976068
1101.22413029
1101.13391438
1100.95351045
1100.68297806
1100.32240449
1099.8720017
1099.33252144
1098.70445144
1097.97468861
1097.10051051
1100.57407002
1100.4843932
1100.30506843
1100.03615645
1099.67774059
1099.2300114
1098.6937446
1098.07001697
1097.3465123
1096.46531526
1099.81393205
1099.72471959
1099.54632661
1099.27881944
1098.92228431
1098.47689597
1097.94343889
1097.32359981
1096.60671618
1095.71676964
1098.93682732
1098.84799906
1098.67038022
1098.40404818
1098.04910074
1097.60570516
1097.07463858
1096.4581752
1095.74840882
1094.85129974
1097.93617405
1097.84763752
1097.67061127
1097.40519075
1097.05149664
1096.60970238
1096.08056792
1095.46688495
1094.76449136
1093.8751574
1096.80587083
1096.71751239
1096.54085543
1096.27602201
1095.92317004
1095.48249823
1094.95474736
1094.3431184
1093.64756305
1092.7783577
1095.54049109
1095.45216497
1095.27559002
1095.01092427
1094.65837948
1094.21820486
1093.69113239
1093.08065293
1092.39078938
1091.54528639
1094.13549843
1094.04701526
1093.87014673
1093.60509437
1093.25213935
1092.81161036
1092.28425762
1091.67376054
1090.9880388
1090.16745746
1092.58748043
1092.49859945
1092.32095559
1092.05479339
1091.70046638
1091.25839846
1090.72938317
1090.11719776
1089.43338558
1088.63946403
1090.89439234
1090.80482456
1090.62582549
1090.35766754
1090.00074356
1089.55552866
1089.02281481
1088.40633672
1087.72071034
1086.95496207
1089.05578671
1088.96520778
1088.78423167
1088.51314243
1088.15228181
1087.70199229
1087.16278314
1086.53793686
1085.84386361
1085.10056554
1087.07297286
1086.98096716
1086.79742399
1086.52269663
1086.15696054
1085.70006833
1085.15152846
1084.51304933
1083.80029805
1083.04692392
1084.9489021
1084.85435753
1084.66758106
1084.38909216
1084.01889784
1083.55615182
1082.99862304
1082.34559013
1081.61292892
1080.83358929
)
;

boundaryField
{
    symmetric
    {
        type            symmetry;
    }
    emptyPatch
    {
        type            empty;
    }
    solid_to_water
    {
        type            compressible::turbulentTemperatureTwoPhaseRadCoupledMixed;
        refValue        nonuniform List<scalar> 
70
(
398.65073316
397.078796682
395.418794592
393.899516684
391.177650989
386.228592694
376.091512873
356.928544334
342.323609964
337.547987933
342.099119572
343.14458571
343.737114152
343.423145724
343.621040823
343.278759748
343.496941793
343.184237165
343.33234391
343.070547893
342.97417759
341.781853226
339.87391854
338.247177082
336.943444757
335.972269355
335.5502333
335.863964831
338.427470359
357.950003961
390.69506984
394.812370524
408.852646831
403.554114985
415.197534806
407.428589566
417.385590007
408.802277956
417.106987111
408.971015698
416.331581769
408.85845355
414.740698464
408.562842943
412.932174848
408.811670336
411.957506492
408.816202997
408.634254883
402.157745338
370.467278233
347.854681283
341.128780406
338.469695694
337.415591849
337.439137801
339.258392771
347.218218968
364.555075652
334.396296224
334.506228855
334.579373653
334.647793958
334.708033103
334.745933027
334.782599113
334.926083092
335.545291389
363.872925132
338.275029547
)
;
        refGradient     uniform 0;
        valueFraction   nonuniform List<scalar> 
70
(
0.000606811015155
0.000606125442859
0.000607942093266
0.000609978610075
0.000620239088904
0.00064649036425
0.000719382185456
0.000957579315747
0.00133169707067
0.00150178072444
0.000937221604014
0.000941733162868
0.000935995146623
0.000943911426135
0.000939440050843
0.000946150718604
0.000941057500564
0.000947664732048
0.000944606144853
0.000950041470519
0.000949204687035
0.000962762780638
0.000980048966497
0.000979967288292
0.000968161628833
0.000953954495686
0.000947330915913
0.000953308379057
0.000982355811362
0.000736222462499
0.000541891525699
0.000569650098843
0.000529508507088
0.000569837345213
0.00052915943749
0.000568245913683
0.000530421231575
0.000568343854285
0.000535276974679
0.0005701288407
0.000539870144946
0.000571252849113
0.000546249181054
0.000573007172779
0.000554811814273
0.000573621036995
0.000560782322216
0.000574167197143
0.000570167608477
0.000576430577959
0.000720251623436
0.000927730607737
0.000981954856473
0.000975325840452
0.000967577843464
0.000969131760996
0.000978789000534
0.000900865513323
0.000739617350844
0.00150664903637
0.001512568088
0.00151588623155
0.0015187438538
0.00152089916431
0.00152178921583
0.00152252565203
0.00152681314377
0.00152853575678
0.000782151306018
0.00138366886921
)
;
        source          uniform 0;
        value           nonuniform List<scalar> 
70
(
1086.69885408
1086.52880722
1086.18647852
1085.67114864
1084.97201592
1084.07781657
1082.95800676
1081.509893
1079.77065432
1078.14997751
1078.57298539
1080.15956844
1081.50116991
1082.69255587
1083.80243788
1084.83622009
1085.82426322
1086.75530623
1087.65084218
1088.5000734
1089.31704573
1090.08816596
1090.82445469
1091.54282334
1092.23865785
1092.90482277
1093.53408192
1094.1244451
1094.67137627
1095.40304846
1096.03263518
1096.44821323
1096.88097437
1097.21200246
1097.56996446
1097.82306837
1098.0959922
1098.26203945
1098.4366246
1098.50329688
1098.56537835
1098.51419883
1098.44025671
1098.24976817
1098.01473863
1097.6633924
1097.24469185
1096.70492227
1096.07264659
1095.31656058
1094.33122517
1093.18784623
1092.04611394
1090.8168092
1089.44525833
1087.91785067
1086.2298859
1084.44169694
1082.51878979
1083.81937329
1083.72069364
1083.53181994
1083.25171264
1082.88055626
1082.41790522
1081.86070432
1081.20550391
1080.47325843
1080.27534099
1079.80865603
)
;
        kappaMethod     solidThermo;
        Tnbr            T.liquid;
        region          solid;
        otherPhase      gas;
    }
}


// ************************************************************************* //
