/*--------------------------------*- C++ -*----------------------------------*\
| =========                 |                                                 |
| \\      /  F ield         | OpenFOAM: The Open Source CFD Toolbox           |
|  \\    /   O peration     | Version:  2206                                  |
|   \\  /    A nd           | Website:  www.openfoam.com                      |
|    \\/     M anipulation  |                                                 |
\*---------------------------------------------------------------------------*/
FoamFile
{
    version     2.0;
    format      ascii;
    arch        "LSB;label=64;scalar=64";
    class       volScalarField;
    location    "4.1/solid";
    object      T;
}
// * * * * * * * * * * * * * * * * * * * * * * * * * * * * * * * * * * * * * //

dimensions      [0 0 0 1 0 0 0];

internalField   nonuniform List<scalar> 
500
(
1075.40621531
1075.23674303
1074.89631958
1074.38108026
1073.68443881
1072.79805026
1071.71616486
1070.44520918
1069.00812529
1067.52550451
1076.24885395
1076.08497348
1075.75672264
1075.2632379
1074.6037136
1073.77864904
1072.79260547
1071.65905312
1070.40457466
1069.06500201
1077.14041306
1076.98340765
1076.66966535
1076.19991747
1075.57576438
1074.80038151
1073.87955945
1072.8229574
1071.64407295
1070.35325895
1078.06541913
1077.91465127
1077.61362679
1077.16347787
1076.56614625
1075.82464061
1074.94331247
1073.92807099
1072.78569067
1071.51746563
1079.00655794
1078.86072335
1078.56953278
1078.13398493
1077.55564503
1076.83668519
1075.97990921
1074.98883461
1073.86725007
1072.61299244
1079.95030791
1079.80817815
1079.52427543
1079.09932229
1078.53439321
1077.83087935
1076.99045935
1076.01527447
1074.90790993
1073.66510012
1080.88698651
1080.74765544
1080.46922725
1080.05216833
1079.49714707
1078.80498206
1077.97661262
1077.01340309
1075.91765464
1074.68623439
1081.80976902
1081.67265822
1081.39857492
1080.98779335
1080.44069372
1079.75771168
1078.93931044
1077.98639779
1076.90152664
1075.68253152
1082.71383024
1082.57861641
1082.30826089
1081.90290771
1081.36274811
1080.68797386
1079.87873718
1078.93564378
1077.86187289
1076.65720866
1083.59568332
1083.46221871
1083.19531928
1082.79504682
1082.261476
1081.59465004
1080.79451144
1079.86140759
1078.79939823
1077.6123916
1084.45270085
1084.32094891
1084.05744977
1083.66221722
1083.13525968
1082.4765373
1081.68584919
1080.76324823
1079.7135973
1078.54909515
1085.28278597
1085.15277447
1084.8927434
1084.50268256
1083.98256989
1083.33233124
1082.55167818
1081.64031649
1080.60339532
1079.46947336
1086.08415471
1085.95594299
1085.6995069
1085.31482849
1084.80187937
1084.16058564
1083.39061878
1082.49130808
1081.46689354
1080.36098438
1086.85519621
1086.72885307
1086.47615467
1086.09708506
1085.59162355
1084.95971704
1084.20103252
1083.31454393
1082.30285474
1081.20756938
1087.59438438
1087.46997447
1087.22114588
1086.84788993
1086.35020092
1085.72805824
1084.98115427
1084.10816822
1083.11002281
1082.02445457
1088.30022038
1088.17779664
1087.93294514
1087.56566693
1087.07597402
1086.46388351
1085.72913518
1084.87017395
1083.88622113
1082.81083559
1088.97119174
1088.85079175
1088.60999318
1088.24880787
1087.76726668
1087.16542692
1086.44309387
1085.59853926
1084.62931924
1083.56381003
1089.6057398
1089.48738413
1089.25067976
1088.89564952
1088.42234291
1087.83085859
1087.12108702
1086.29121306
1085.33726607
1084.28292769
1090.20223188
1090.08592392
1089.85332024
1089.50445385
1089.03939079
1088.45826761
1087.76106801
1086.94595091
1086.00746065
1084.96336178
1090.75893596
1090.64466295
1090.41613394
1090.07339101
1089.61651424
1089.04567378
1088.36095331
1087.56055928
1086.63771478
1085.60492392
1091.27399635
1091.16173083
1090.93722096
1090.60051656
1090.15170875
1089.59099514
1088.91856011
1088.13272124
1087.2255256
1086.20307832
1091.74541022
1091.63511166
1091.41453932
1091.08374961
1090.6428424
1090.0920381
1089.43162349
1088.66008965
1087.76846163
1086.75710919
1092.17100546
1092.0626218
1091.84588228
1091.52084859
1091.08762668
1090.54645332
1089.89771454
1089.14013969
1088.26394248
1087.26284142
1092.54842093
1092.44189037
1092.22885944
1091.90939406
1091.48360412
1090.95173721
1090.31427311
1089.57022888
1088.70916542
1087.71856838
1092.8750894
1092.77034197
1092.56087912
1092.24676993
1091.82812639
1091.30520163
1090.67856275
1089.94756844
1089.10135567
1088.12053567
1093.14822382
1093.04518301
1092.83913466
1092.53015001
1092.1183412
1091.60396077
1090.98765175
1090.26915997
1089.43743766
1088.46650781
1093.36480782
1093.26339202
1093.06059459
1092.75648832
1092.35118455
1091.84493097
1091.2384359
1090.53187435
1089.71424209
1088.75222956
1093.52159098
1093.42171453
1093.22199646
1092.92251087
1092.52336795
1092.02480674
1091.4275873
1090.73235303
1089.9284609
1088.97520161
1093.61509049
1093.51666437
1093.31984764
1093.02471597
1092.63137909
1092.14006538
1091.55157138
1090.86703476
1090.07651271
1089.13063069
1093.64160001
1093.5445322
1093.35043288
1093.05937981
1092.6714838
1092.18696288
1091.60663826
1090.93217462
1090.15481978
1089.21591511
1093.59720689
1093.50140239
1093.30983037
1093.02257068
1092.63973557
1092.16153085
1091.58878157
1090.92367967
1090.15926523
1089.225836
1093.47781819
1093.38317949
1093.19393931
1092.91017871
1092.53201055
1092.05962544
1091.49382802
1090.8373075
1090.08570204
1089.15780406
1093.279194
1093.18562261
1092.99851645
1092.71795615
1092.344053
1091.87697829
1091.31748907
1090.66868991
1089.92958146
1089.01595227
1092.99698469
1092.90438359
1092.71921655
1092.44156177
1092.07152607
1091.60925598
1091.0554297
1090.41343113
1089.68592463
1088.79596599
1092.6267688
1092.53504529
1092.35163137
1092.07660173
1091.71005728
1091.2521181
1090.70336133
1090.06730118
1089.35018154
1088.4873024
1092.16409029
1092.07315794
1091.89132427
1091.61866034
1091.25526162
1090.80122372
1090.25700963
1089.62611298
1088.91806656
1088.08311713
1091.60449641
1091.51427566
1091.33386361
1091.06332856
1090.70276242
1090.25224053
1089.71210434
1089.0856734
1088.38531469
1087.57934974
1090.94357958
1090.85399685
1090.6748602
1090.40623722
1090.04821995
1089.60087132
1089.06441522
1088.44186066
1087.74772563
1086.97283627
1090.17702658
1090.08801179
1089.91001193
1089.64309693
1089.28736443
1088.84287593
1088.30975237
1087.69058927
1087.00107253
1086.26083048
1089.30067798
1089.21216057
1089.03515836
1088.76974761
1088.41603811
1087.97410219
1087.44397733
1086.82778168
1086.14098641
1085.43087211
1088.31060096
1088.22250436
1088.04634916
1087.78222309
1087.43025625
1086.9905464
1086.46307319
1085.84947364
1085.16412653
1084.45802031
1087.20317793
1087.11541227
1086.93992763
1086.67682967
1086.3262794
1085.88841821
1085.36320075
1084.75181099
1084.067397
1083.36132844
1085.9752137
1085.88766662
1085.71263168
1085.45024057
1085.10069829
1084.66421197
1084.1407496
1083.53107637
1082.8470232
1082.13971986
1084.62406355
1084.53658906
1084.361716
1084.09961103
1083.75053875
1083.31479954
1082.79242403
1082.18381009
1081.49940572
1080.78999332
1083.14778112
1083.0601879
1082.88509704
1082.62271716
1082.27338673
1081.83752943
1081.31530005
1080.70680599
1080.0210664
1079.30826277
1081.54527937
1081.45732298
1081.28152455
1081.01813296
1080.66756147
1080.23037365
1079.70690846
1079.09708144
1078.4084583
1077.69071545
1079.81649359
1079.72788106
1079.55078524
1079.28547706
1078.93240835
1078.49223991
1077.96548489
1077.35191805
1076.65764592
1075.93207389
1077.96256754
1077.87297403
1077.69395275
1077.4257725
1077.06882722
1076.62369394
1076.090811
1075.46954664
1074.76433444
1074.02533479
1075.98621166
1075.89522901
1075.71369784
1075.44191607
1075.08008454
1074.62833189
1074.08629806
1073.45169559
1072.72553224
1071.95944109
1073.89240041
1073.7989069
1073.61425845
1073.33872813
1072.9722392
1072.51415689
1071.96235781
1071.31041755
1070.55049915
1069.72498034
)
;

boundaryField
{
    symmetric
    {
        type            symmetry;
    }
    emptyPatch
    {
        type            empty;
    }
    solid_to_water
    {
        type            compressible::turbulentTemperatureTwoPhaseRadCoupledMixed;
        refValue        nonuniform List<scalar> 
70
(
409.766881481
407.933419709
406.370207661
405.048365349
403.748394794
402.261986973
397.804588606
384.048287186
351.693227768
338.775429735
339.022385911
339.419882934
339.383357635
339.231804786
338.785698341
337.993860654
337.128038252
336.318135603
335.729752454
335.639784719
336.455374069
340.117191136
357.846184741
367.720028145
367.027910088
375.421965071
370.802488828
377.860815294
372.352217206
379.203601052
373.458777429
379.445070061
373.865390504
378.595265346
373.828048632
377.358183753
373.865798266
376.41632442
373.446444765
374.258989871
371.146430637
359.623439237
346.380397751
340.795531946
338.199219714
336.807105917
336.458683361
337.160482017
341.33437212
376.642298092
412.03779907
426.276640969
429.498438779
436.132303297
435.167694191
438.245709537
437.353905001
438.266977824
437.239748482
334.407281415
334.517711674
334.581078204
334.644889065
334.71116413
334.781218689
334.87230008
335.072443174
335.820764046
409.039621727
339.525264982
)
;
        refGradient     uniform 0;
        valueFraction   nonuniform List<scalar> 
70
(
0.000550248648273
0.000550855931576
0.000551277505909
0.000551356172617
0.000551788625459
0.000552277853744
0.00056412526874
0.000630075533122
0.00102103408597
0.00144230798484
0.0009664704674
0.000967443611421
0.000968217287993
0.00096890715296
0.000968905878193
0.000965464029657
0.000957659887806
0.000947012546023
0.000937501311506
0.000937300051609
0.000951969352132
0.000969092925626
0.000711107510023
0.000659578169574
0.000703424173422
0.000645810253188
0.000700180964572
0.000647692733405
0.000700678318089
0.000648382312074
0.000699065771671
0.000652302234086
0.000699435131051
0.000661402644986
0.000701784555122
0.000672689228454
0.000702655320298
0.000681353632794
0.000706238402649
0.000696013292852
0.000708258998661
0.00078386590788
0.000927453011764
0.000978936628551
0.000972439616975
0.00095765603584
0.000954624403632
0.000963077944966
0.000973812616163
0.000613369029317
0.000503983944365
0.000493252212485
0.00050363471961
0.000493994668793
0.000503192576654
0.000497644328206
0.000502664067623
0.00050138704811
0.000504565494216
0.00149152500317
0.00149779876855
0.00150070880853
0.00150343162075
0.00150594365879
0.00150828881128
0.00151113873224
0.00151661395092
0.00151310268898
0.000586517912178
0.00132176716701
)
;
        source          uniform 0;
        value           nonuniform List<scalar> 
70
(
1075.0411212
1074.8703316
1074.52895348
1074.01320714
1073.31589892
1072.42870225
1071.33665456
1070.01306872
1068.27636578
1066.47563132
1066.8226372
1068.36061094
1069.64707135
1070.8095511
1071.90365466
1072.95655665
1073.9816366
1074.98406679
1075.9643328
1076.91885759
1077.84495926
1078.75578999
1079.84663649
1080.73566595
1081.52088595
1082.35263702
1083.06424845
1083.82424571
1084.46376712
1085.14598885
1085.70473512
1086.29508374
1086.76400521
1087.24925429
1087.61964185
1087.98822556
1088.25050914
1088.49008508
1088.62601383
1088.71906099
1088.7182733
1088.58815827
1088.33167513
1088.06924511
1087.76343809
1087.36948187
1086.86837055
1086.25715195
1085.54227192
1084.99805303
1084.11928896
1083.0371125
1081.81100254
1080.47131887
1078.98400415
1077.37223256
1075.61081961
1073.70618411
1071.63860601
1072.79066572
1072.69283766
1072.50640906
1072.22937487
1071.86168026
1071.40266756
1070.84977074
1070.19511857
1069.43953637
1069.33599644
1068.75834732
)
;
        kappaMethod     solidThermo;
        Tnbr            T.liquid;
        region          solid;
        otherPhase      gas;
    }
}


// ************************************************************************* //
