-0.11 	0.00743672 	0.00123324 	-0.000527269
-0.109559 	0.00782287 	0.00142738 	-0.000794661
-0.109118 	0.00820902 	0.00162152 	-0.00106205
-0.108677 	0.00859517 	0.00181566 	-0.00132944
-0.108236 	0.00898132 	0.0020098 	-0.00159684
-0.107796 	0.00951283 	0.00219187 	-0.00176964
-0.107355 	0.0100831 	0.00237073 	-0.00191723
-0.106914 	0.0104887 	0.00251861 	-0.00196454
-0.106473 	0.0107198 	0.00263227 	-0.00190424
-0.106032 	0.010951 	0.00274592 	-0.00184395
-0.105591 	0.0111648 	0.00291294 	-0.00186367
-0.10515 	0.0113749 	0.00309159 	-0.00190083
-0.104709 	0.011585 	0.00327024 	-0.00193799
-0.104269 	0.0117951 	0.00344889 	-0.00197516
-0.103828 	0.0120051 	0.00362755 	-0.00201232
-0.103387 	0.0121591 	0.00379172 	-0.0019702
-0.102946 	0.0122464 	0.00393873 	-0.00183447
-0.102505 	0.0123336 	0.00408574 	-0.00169874
-0.102064 	0.0124208 	0.00423276 	-0.00156301
-0.101623 	0.0125081 	0.00437977 	-0.00142729
-0.101182 	0.0125834 	0.0045136 	-0.00128559
-0.100741 	0.0125878 	0.00456916 	-0.00110848
-0.100301 	0.0125923 	0.00462475 	-0.000931397
-0.0998597 	0.0125179 	0.00466698 	-0.000788369
-0.0994188 	0.0123629 	0.00469555 	-0.000680085
-0.098978 	0.0122079 	0.00472412 	-0.000571801
-0.0985371 	0.0121981 	0.00482621 	-0.000459396
-0.0980962 	0.0122094 	0.00493895 	-0.000346394
-0.0976553 	0.0122206 	0.00505168 	-0.000233392
-0.0972144 	0.0122318 	0.00516442 	-0.00012039
-0.0967735 	0.012243 	0.00527715 	-7.38756e-06
-0.0963327 	0.012284 	0.00537528 	0.000110757
-0.0958918 	0.0123446 	0.00546495 	0.000232283
-0.0954509 	0.0124052 	0.00555462 	0.00035381
-0.09501 	0.0124658 	0.0056443 	0.000475336
-0.0945691 	0.0125264 	0.00573397 	0.000596863
-0.0941283 	0.0125067 	0.00579838 	0.000673631
-0.0936874 	0.0123434 	0.00581759 	0.000670278
-0.0932465 	0.01218 	0.00583679 	0.000666926
-0.0928056 	0.0120167 	0.005856 	0.000663573
-0.0923647 	0.0118533 	0.0058752 	0.000660221
-0.0919238 	0.01169 	0.0058944 	0.000656868
-0.091483 	0.0115267 	0.00591361 	0.000653516
-0.0531263 	0.00903258 	0.00256183 	0.00313366
-0.0526854 	0.00911127 	0.00335696 	0.00330469
-0.0522445 	0.00953104 	0.0050104 	0.00358873
-0.0518036 	0.0110583 	0.00604113 	0.00375215
-0.0509218 	0.0265455 	0.000121388 	0.00164726
-0.050481 	0.041562 	-0.000508459 	0.000801904
-0.0500401 	0.0594153 	-0.000754394 	4.81051e-05
-0.0376954 	0.0312007 	0.00237688 	-0.0027368
-0.0372545 	0.0151883 	0.00631075 	-0.00566023
-0.0368136 	0.0090849 	0.00575706 	-0.00711372
-0.0363727 	0.00480542 	0.00496803 	-0.00862493
-0.0359319 	0.00452601 	0.00430922 	-0.00925957
-0.035491 	0.00415768 	0.00336458 	-0.00975875
-0.0350501 	0.00443854 	0.00312754 	-0.00952391
-0.0346092 	0.00477731 	0.00316195 	-0.00931293
-0.0341683 	0.00502569 	0.00304731 	-0.0091256
-0.0337275 	0.0052587 	0.0029958 	-0.00897739
-0.0332866 	0.00530601 	0.00300641 	-0.00863834
-0.0328457 	0.00534308 	0.00301209 	-0.00827778
0.00507014 	-0.00550293 	0.000175038 	0.000377668
0.00551102 	-0.00611938 	0.000310097 	0.00189481
0.0059519 	-0.00673583 	0.000445156 	0.00341194
0.00639279 	-0.0074362 	0.000561114 	0.00478634
0.00683367 	-0.00822348 	0.000657293 	0.00601294
0.00727455 	-0.00901075 	0.000753473 	0.00723953
0.00771543 	-0.00979802 	0.000849652 	0.00846613
0.00815631 	-0.0105853 	0.000945832 	0.00969272
0.00859719 	-0.0113178 	0.000909761 	0.0108037
0.00903808 	-0.0109964 	0.00010192 	0.0108979
0.00947896 	-0.010656 	-0.000714003 	0.010985
0.00991984 	-0.0103156 	-0.00152993 	0.0110721
0.0103607 	-0.00997526 	-0.00234585 	0.0111592
0.0108016 	-0.00963487 	-0.00316177 	0.0112463
0.0112425 	-0.00926489 	-0.0039048 	0.0113262
0.0116834 	-0.00888703 	-0.00462845 	0.0114043
0.0121242 	-0.0084427 	-0.00528262 	0.0114588
0.0125651 	-0.00787646 	-0.00553591 	0.0113805
0.013006 	-0.00731021 	-0.0057892 	0.0113023
0.0134469 	-0.00678361 	-0.00606751 	0.0112708
0.0138878 	-0.00630128 	-0.00637373 	0.0112916
0.0143287 	-0.00581894 	-0.00667995 	0.0113124
0.0147695 	-0.00533661 	-0.00698618 	0.0113332
0.0152104 	-0.00485427 	-0.0072924 	0.0113539
0.0156513 	-0.00438288 	-0.00756085 	0.0113685
0.0160922 	-0.00409162 	-0.00762315 	0.0113023
0.0165331 	-0.00380036 	-0.00768545 	0.0112362
0.0169739 	-0.0035091 	-0.00774775 	0.01117
0.0174148 	-0.00321784 	-0.00781004 	0.0111039
0.0178557 	-0.00292658 	-0.00787234 	0.0110378
0.0182966 	-0.00260883 	-0.00789341 	0.0109163
0.0187375 	-0.00227584 	-0.00789074 	0.0107631
0.0191784 	-0.00194284 	-0.00788807 	0.0106098
0.0196192 	-0.00176621 	-0.00778474 	0.0103157
0.0200601 	-0.00161333 	-0.00766401 	0.00999744
0.020501 	-0.00146806 	-0.0075515 	0.00968785
0.0209419 	-0.00136548 	-0.0074851 	0.00942706
0.0213828 	-0.0012629 	-0.00741869 	0.00916627
0.0218236 	-0.00116031 	-0.00735229 	0.00890547
0.0222645 	-0.00105773 	-0.00728589 	0.00864468
0.0227054 	-0.000955145 	-0.00721948 	0.00838388
0.0231463 	-0.00102544 	-0.00706983 	0.00797734
0.0235872 	-0.00120349 	-0.00687872 	0.0074926
0.0240281 	-0.00138154 	-0.0066876 	0.00700785
0.0244689 	-0.00155959 	-0.00649649 	0.0065231
0.0249098 	-0.00173764 	-0.00630537 	0.00603836
0.0253507 	-0.0019013 	-0.00611102 	0.00554828
0.0257916 	-0.00192523 	-0.0058852 	0.00500641
0.0262325 	-0.00194917 	-0.00565939 	0.00446454
0.0266733 	-0.00201872 	-0.00541767 	0.00386537
0.0271142 	-0.00217408 	-0.00513942 	0.00314219
0.0275551 	-0.00232945 	-0.00486118 	0.002419
0.027996 	-0.00255332 	-0.00462399 	0.00176631
0.0284369 	-0.00283878 	-0.00442369 	0.00117699
0.0288778 	-0.00312423 	-0.00422339 	0.000587666
0.0293186 	-0.00340969 	-0.0040231 	-1.65803e-06
0.0297595 	-0.00369514 	-0.0038228 	-0.000590982
0.0302004 	-0.00398059 	-0.0036225 	-0.00118031
0.0306413 	-0.00425373 	-0.00335352 	-0.00173248
0.0310822 	-0.00452701 	-0.00307967 	-0.00227636
0.031523 	-0.00480029 	-0.00280581 	-0.00282023
0.0319639 	-0.00507357 	-0.00253195 	-0.00336411
0.0324048 	-0.00534685 	-0.00225809 	-0.00390799
0.0328457 	-0.0056206 	-0.00195383 	-0.00452715
0.0332866 	-0.00589522 	-0.00159201 	-0.00528883
0.0337275 	-0.00616984 	-0.0012302 	-0.0060505
0.0341683 	-0.00647952 	-0.000840825 	-0.00670061
0.0346092 	-0.00681923 	-0.00042634 	-0.00725656
0.0350501 	-0.00715893 	-1.18552e-05 	-0.00781252
0.035491 	-0.00750467 	0.000415081 	-0.00820292
0.0359319 	-0.00785222 	0.000845763 	-0.00854353
0.0363727 	-0.00819977 	0.00127644 	-0.00888414
0.0368136 	-0.00854731 	0.00170713 	-0.00922474
0.0372545 	-0.00889486 	0.00213781 	-0.00956535
0.0376954 	-0.00926554 	0.00258697 	-0.00984088
0.0381363 	-0.00973084 	0.00311467 	-0.00985552
0.0385772 	-0.0101961 	0.00364236 	-0.00987016
0.039018 	-0.0106614 	0.00417005 	-0.0098848
0.0394589 	-0.0111267 	0.00469774 	-0.00989944
0.0398998 	-0.011592 	0.00522543 	-0.00991408
0.0403407 	-0.0119287 	0.00567038 	-0.0100283
0.0407816 	-0.0122317 	0.00609361 	-0.0101687
0.0412224 	-0.012541 	0.00651749 	-0.0102782
0.0416633 	-0.012884 	0.00690363 	-0.0101229
0.0421042 	-0.0132271 	0.00728978 	-0.00996765
0.0425451 	-0.0135603 	0.00769078 	-0.00983155
0.042986 	-0.0138832 	0.00810713 	-0.00971524
0.0434269 	-0.0142062 	0.00852348 	-0.00959894
0.0438677 	-0.0145291 	0.00893983 	-0.00948264
0.0443086 	-0.0148521 	0.00935618 	-0.00936634
0.0447495 	-0.0150674 	0.00968997 	-0.00929801
0.0451904 	-0.0149623 	0.009835 	-0.00936969
0.0456313 	-0.0148571 	0.00998003 	-0.00944138
0.0460721 	-0.014752 	0.0101251 	-0.00951306
0.046513 	-0.0146468 	0.0102701 	-0.00958474
0.0469539 	-0.0147891 	0.0104682 	-0.00955982
0.0473948 	-0.0151849 	0.0107207 	-0.00943592
0.0478357 	-0.01557 	0.0109648 	-0.00933629
0.0482766 	-0.0156593 	0.0110891 	-0.00938486
0.0487174 	-0.0157485 	0.0112134 	-0.00943344
0.0491583 	-0.015608 	0.0114226 	-0.00960628
0.0495992 	-0.0153523 	0.0116743 	-0.00984144
0.0500401 	-0.0150967 	0.0119259 	-0.0100766
0.050481 	-0.014841 	0.0121776 	-0.0103117
0.0509218 	-0.0145853 	0.0124293 	-0.0105469
0.0513627 	-0.0144067 	0.0127019 	-0.0108179
0.0518036 	-0.0142599 	0.0129799 	-0.0110969
0.0522445 	-0.014113 	0.0132579 	-0.0113758
0.0526854 	-0.0139661 	0.0135359 	-0.0116548
0.0531263 	-0.0138193 	0.0138139 	-0.0119338
0.0535671 	-0.0136724 	0.0140919 	-0.0122128
0.054008 	-0.0135665 	0.0142051 	-0.012427
0.0544489 	-0.0134673 	0.0142914 	-0.0126306
0.0548898 	-0.0133681 	0.0143777 	-0.0128342
0.0553307 	-0.0133859 	0.0145056 	-0.0131159
0.0557715 	-0.0134395 	0.0146448 	-0.0134069
0.0562124 	-0.013493 	0.0147839 	-0.0136978
0.0566533 	-0.0134288 	0.0149213 	-0.0140262
0.0570942 	-0.0133503 	0.0150585 	-0.014359
0.0575351 	-0.0132718 	0.0151957 	-0.0146919
0.057976 	-0.0131933 	0.0153329 	-0.0150248
0.0584168 	-0.0131148 	0.01547 	-0.0153577
0.0588577 	-0.0130363 	0.0156072 	-0.0156905
0.0592986 	-0.0130484 	0.0157792 	-0.0159932
0.0597395 	-0.0130721 	0.0159568 	-0.0162939
0.0601804 	-0.0130958 	0.0161345 	-0.0165947
0.0606212 	-0.0131195 	0.0163122 	-0.0168954
0.0610621 	-0.0131432 	0.0164898 	-0.0171961
0.061503 	-0.0131668 	0.0166675 	-0.0174968
0.0619439 	-0.0133668 	0.016843 	-0.0177066
0.0623848 	-0.0135784 	0.0170183 	-0.0179103
0.0628257 	-0.0137901 	0.0171937 	-0.018114
0.0632665 	-0.0140781 	0.017198 	-0.0180235
0.0637074 	-0.0143708 	0.0171937 	-0.0179179
0.0641483 	-0.0146636 	0.0171893 	-0.0178122
0.0645892 	-0.014804 	0.0172997 	-0.0179003
0.0650301 	-0.0149426 	0.0174116 	-0.0179907
0.0654709 	-0.0150812 	0.0175234 	-0.0180812
0.0659118 	-0.0152198 	0.0176353 	-0.0181716
0.0663527 	-0.0153583 	0.0177471 	-0.018262
0.0667936 	-0.0155198 	0.0178361 	-0.0183142
0.0672345 	-0.0158576 	0.017748 	-0.0180713
0.0681162 	-0.0165332 	0.0175719 	-0.0175855
0.0685571 	-0.016871 	0.0174839 	-0.0173426
0.068998 	-0.0172088 	0.0173959 	-0.0170998
0.0694389 	-0.0175417 	0.0173027 	-0.0168489
0.0698798 	-0.0178003 	0.0171309 	-0.0164765
0.0703206 	-0.0180588 	0.0169592 	-0.0161041
0.0707615 	-0.0183174 	0.0167874 	-0.0157317
0.0712024 	-0.018576 	0.0166157 	-0.0153592
0.0716433 	-0.0188345 	0.0164439 	-0.0149868
0.0720842 	-0.0190931 	0.0162721 	-0.0146144
0.0725251 	-0.0193517 	0.0161004 	-0.014242
0.0729659 	-0.0196102 	0.0159286 	-0.0138696
0.0734068 	-0.0198688 	0.0157569 	-0.0134971
0.0738477 	-0.0201274 	0.0155851 	-0.0131247
0.0742886 	-0.020386 	0.0154133 	-0.0127523
0.0747295 	-0.020633 	0.0152416 	-0.0123718
0.0751703 	-0.0207605 	0.0150693 	-0.0119122
0.0756112 	-0.0208881 	0.014897 	-0.0114527
0.0760521 	-0.0210156 	0.0147246 	-0.0109931
0.076493 	-0.0211432 	0.0145523 	-0.0105336
0.0778156 	-0.0215261 	0.0140362 	-0.00915574
0.0782565 	-0.0216538 	0.0138642 	-0.00869653
0.0786974 	-0.0217814 	0.0136923 	-0.00823732
0.0791383 	-0.0219091 	0.0135203 	-0.00777812
0.0795792 	-0.0220415 	0.0133555 	-0.00732758
0.08002 	-0.0222334 	0.0132795 	-0.0069856
0.0804609 	-0.0224254 	0.0132035 	-0.00664362
0.0809018 	-0.0226173 	0.0131275 	-0.00630164
0.0813427 	-0.0228093 	0.0130516 	-0.00595966
0.0817836 	-0.0230012 	0.0129756 	-0.00561768
0.0822244 	-0.0231231 	0.0128511 	-0.00521743
0.0826653 	-0.0231936 	0.0126909 	-0.00477521
0.0831062 	-0.0232641 	0.0125307 	-0.00433298
0.0835471 	-0.0233346 	0.0123704 	-0.00389076
0.083988 	-0.0234051 	0.0122102 	-0.00344853
0.0844289 	-0.0234756 	0.01205 	-0.00300631
0.0848697 	-0.0234238 	0.011877 	-0.00255112
0.0853106 	-0.0233704 	0.0117039 	-0.00209576
0.0857515 	-0.0233171 	0.0115308 	-0.0016404
0.0861924 	-0.0232637 	0.0113577 	-0.00118504
0.0866333 	-0.0232103 	0.0111845 	-0.000729687
0.0870741 	-0.0231569 	0.0110114 	-0.000274329
0.100301 	-0.0156232 	0.00518456 	0.012389
0.108677 	-0.00390768 	0.00165744 	0.0164508
0.109118 	-0.00307087 	0.00143911 	0.0163723
0.109559 	-0.00223406 	0.00122078 	0.0162937
0.11 	-0.00139725 	0.00100245 	0.0162152
