-0.11 	0.0106418 	-0.000732657 	0.0142157
-0.109559 	0.0110782 	-0.000839019 	0.0143194
-0.109118 	0.0115146 	-0.000945381 	0.0144231
-0.108677 	0.0119511 	-0.00105174 	0.0145268
-0.108236 	0.0123875 	-0.0011581 	0.0146305
-0.107796 	0.0128389 	-0.00126011 	0.0147367
-0.107355 	0.0132942 	-0.00136094 	0.0148436
-0.106914 	0.013598 	-0.00145805 	0.0147476
-0.106473 	0.0137443 	-0.00155133 	0.01444
-0.106032 	0.0138907 	-0.00164461 	0.0141324
-0.105591 	0.0140197 	-0.00173011 	0.0138266
-0.10515 	0.014145 	-0.00181392 	0.0135212
-0.104709 	0.0142703 	-0.00189773 	0.0132158
-0.104269 	0.0143955 	-0.00198153 	0.0129104
-0.103828 	0.0145208 	-0.00206534 	0.012605
-0.103387 	0.0146449 	-0.00214481 	0.0122674
-0.102946 	0.0147678 	-0.00221901 	0.0118921
-0.102505 	0.0148907 	-0.00229321 	0.0115168
-0.102064 	0.0150136 	-0.00236742 	0.0111415
-0.101623 	0.0151365 	-0.00244162 	0.0107662
-0.101182 	0.0152632 	-0.00251907 	0.0103929
-0.100741 	0.0154132 	-0.00261575 	0.0100314
-0.100301 	0.0155632 	-0.00271244 	0.00966992
-0.0998597 	0.0157469 	-0.0028253 	0.00935369
-0.0994188 	0.0159652 	-0.00295466 	0.00908366
-0.098978 	0.0161836 	-0.00308401 	0.00881363
-0.0985371 	0.0163452 	-0.00316989 	0.00854793
-0.0980962 	0.0164987 	-0.00324947 	0.00828286
-0.0976553 	0.0166521 	-0.00332906 	0.00801779
-0.0972144 	0.0168056 	-0.00340865 	0.00775272
-0.0967735 	0.016959 	-0.00348823 	0.00748765
-0.0963327 	0.0171732 	-0.00359105 	0.00723743
-0.0958918 	0.0174243 	-0.00370788 	0.00699612
-0.0954509 	0.0176754 	-0.0038247 	0.0067548
-0.09501 	0.0179265 	-0.00394153 	0.00651348
-0.0945691 	0.0181776 	-0.00405836 	0.00627217
-0.0941283 	0.018434 	-0.00420119 	0.00603756
-0.0936874 	0.0187001 	-0.00439055 	0.00581496
-0.0932465 	0.0189661 	-0.00457991 	0.00559235
-0.0928056 	0.0192322 	-0.00476927 	0.00536975
-0.0923647 	0.0194982 	-0.00495864 	0.00514715
-0.0919238 	0.0197643 	-0.005148 	0.00492454
-0.091483 	0.0200303 	-0.00533736 	0.00470194
-0.0531263 	0.0206446 	0.00218636 	-0.00114634
-0.0526854 	0.0203041 	0.00255147 	-0.000595392
-0.0522445 	0.0197984 	0.00351835 	0.000364391
-0.0518036 	0.0205779 	0.00385492 	0.000903097
-0.0509218 	0.0310408 	0.00110398 	-0.000832114
-0.050481 	0.0439776 	0.000163414 	-0.000758655
-0.0500401 	0.0596993 	-0.000368374 	-0.000322361
-0.0376954 	0.0374993 	0.00181456 	-0.00249221
-0.0372545 	0.0247801 	0.00658613 	-0.00453805
-0.0368136 	0.0184919 	0.00736391 	-0.005182
-0.0363727 	0.0129148 	0.00797341 	-0.00587167
-0.0359319 	0.0111682 	0.00736728 	-0.00651024
-0.035491 	0.00963424 	0.00648182 	-0.00706444
-0.0350501 	0.00903006 	0.0056841 	-0.00735196
-0.0346092 	0.00862411 	0.00512407 	-0.00771488
-0.0341683 	0.00823775 	0.00482094 	-0.00776132
-0.0337275 	0.00786618 	0.00458942 	-0.0078263
-0.0332866 	0.00735458 	0.0043578 	-0.00763434
-0.0328457 	0.00682647 	0.00411494 	-0.00740776
0.00507014 	-0.0051763 	9.20195e-05 	9.13668e-05
0.00551102 	-0.00476307 	0.000585791 	0.000267705
0.0059519 	-0.00434985 	0.00107956 	0.000444043
0.00639279 	-0.0038794 	0.00148411 	0.000711357
0.00683367 	-0.00334969 	0.00179626 	0.00107287
0.00727455 	-0.00281999 	0.00210841 	0.00143438
0.00771543 	-0.00229029 	0.00242056 	0.0017959
0.00815631 	-0.00176059 	0.00273272 	0.00215741
0.00859719 	-0.00129361 	0.00308923 	0.00244589
0.00903808 	-0.00122195 	0.00350031 	0.00238952
0.00947896 	-0.00115946 	0.00391379 	0.00234451
0.00991984 	-0.00109698 	0.00432727 	0.00229949
0.0103607 	-0.00103449 	0.00474075 	0.00225448
0.0108016 	-0.000972003 	0.00515423 	0.00220947
0.0112425 	-0.00110023 	0.00542291 	0.00218351
0.0116834 	-0.00127914 	0.00565311 	0.00216263
0.0121242 	-0.00147561 	0.00586871 	0.00214774
0.0125651 	-0.00167838 	0.00585698 	0.0022946
0.013006 	-0.00188114 	0.00584524 	0.00244146
0.0134469 	-0.00205348 	0.00596571 	0.00250017
0.0138878 	-0.00219184 	0.0062338 	0.00246045
0.0143287 	-0.0023302 	0.00650188 	0.00242073
0.0147695 	-0.00246857 	0.00676996 	0.00238101
0.0152104 	-0.00260693 	0.00703804 	0.00234129
0.0156513 	-0.00276669 	0.00727669 	0.00232307
0.0160922 	-0.00302579 	0.00733147 	0.00239107
0.0165331 	-0.0032849 	0.00738624 	0.00245907
0.0169739 	-0.00354401 	0.00744101 	0.00252706
0.0174148 	-0.00380311 	0.00749579 	0.00259506
0.0178557 	-0.00406222 	0.00755056 	0.00266306
0.0182966 	-0.00429769 	0.0074659 	0.00285814
0.0187375 	-0.00451956 	0.00730095 	0.00312639
0.0191784 	-0.00474143 	0.00713601 	0.00339465
0.0196192 	-0.00499914 	0.00689868 	0.00365373
0.0200601 	-0.00525195 	0.00665675 	0.00390675
0.020501 	-0.0055207 	0.00642038 	0.00414858
0.0209419 	-0.00587868 	0.00621516 	0.00432765
0.0213828 	-0.00623667 	0.00600995 	0.00450672
0.0218236 	-0.00659466 	0.00580473 	0.00468579
0.0222645 	-0.00695265 	0.00559951 	0.00486486
0.0227054 	-0.00731063 	0.0053943 	0.00504393
0.0231463 	-0.00769541 	0.00513251 	0.00519095
0.0235872 	-0.0081051 	0.00485181 	0.00530481
0.0240281 	-0.00851479 	0.00457112 	0.00541867
0.0244689 	-0.00892448 	0.00429043 	0.00553253
0.0249098 	-0.00933417 	0.00400973 	0.00564639
0.0253507 	-0.00973756 	0.00374177 	0.00575116
0.0257916 	-0.0100797 	0.00359748 	0.00576755
0.0262325 	-0.0104218 	0.00345318 	0.00578394
0.0266733 	-0.0108369 	0.00335747 	0.00565815
0.0271142 	-0.0114192 	0.00338283 	0.00520293
0.0275551 	-0.0120015 	0.00340819 	0.00474771
0.027996 	-0.0126188 	0.0033781 	0.00436575
0.0284369 	-0.0132673 	0.00329816 	0.00404965
0.0288778 	-0.0139159 	0.00321822 	0.00373354
0.0293186 	-0.0145645 	0.00313829 	0.00341743
0.0297595 	-0.0152131 	0.00305835 	0.00310132
0.0302004 	-0.0158617 	0.00297841 	0.00278521
0.0306413 	-0.0167239 	0.00297584 	0.00200199
0.0310822 	-0.0175956 	0.00297369 	0.00119809
0.031523 	-0.0184674 	0.00297154 	0.000394191
0.0319639 	-0.0193392 	0.0029694 	-0.00040971
0.0324048 	-0.0202109 	0.00296725 	-0.00121361
0.0328457 	-0.0210136 	0.00295501 	-0.00202614
0.0332866 	-0.0216856 	0.00292367 	-0.00285498
0.0337275 	-0.0223575 	0.00289233 	-0.00368383
0.0341683 	-0.0229568 	0.00276517 	-0.00446456
0.0346092 	-0.0234849 	0.00255827 	-0.0051961
0.0350501 	-0.024013 	0.00235138 	-0.00592764
0.035491 	-0.0247105 	0.00217203 	-0.00666394
0.0359319 	-0.025459 	0.00200098 	-0.00740167
0.0363727 	-0.0262075 	0.00182992 	-0.00813941
0.0368136 	-0.026956 	0.00165886 	-0.00887714
0.0372545 	-0.0277045 	0.0014878 	-0.00961487
0.0376954 	-0.0283861 	0.00131307 	-0.0102448
0.0381363 	-0.0288334 	0.00114446 	-0.0104834
0.0385772 	-0.0292807 	0.00097586 	-0.0107219
0.039018 	-0.029728 	0.000807255 	-0.0109605
0.0394589 	-0.0301754 	0.000638651 	-0.011199
0.0398998 	-0.0306227 	0.000470047 	-0.0114376
0.0403407 	-0.0309883 	0.000328646 	-0.0117844
0.0407816 	-0.0313325 	0.000194387 	-0.0121597
0.0412224 	-0.0316642 	7.873e-05 	-0.0125059
0.0416633 	-0.0318731 	0.000190156 	-0.0126393
0.0421042 	-0.032082 	0.000301583 	-0.0127728
0.0425451 	-0.0322872 	0.000370994 	-0.0127903
0.042986 	-0.0324885 	0.000397 	-0.0126879
0.0434269 	-0.0326899 	0.000423007 	-0.0125856
0.0438677 	-0.0328913 	0.000449013 	-0.0124833
0.0443086 	-0.0330927 	0.00047502 	-0.012381
0.0447495 	-0.0332488 	0.000558393 	-0.0122663
0.0451904 	-0.0333102 	0.000752552 	-0.0121251
0.0456313 	-0.0333717 	0.000946712 	-0.0119838
0.0460721 	-0.0334332 	0.00114087 	-0.0118425
0.046513 	-0.0334946 	0.00133503 	-0.0117013
0.0469539 	-0.0335949 	0.0015869 	-0.0116557
0.0473948 	-0.0337352 	0.0018979 	-0.0117081
0.0478357 	-0.0338615 	0.00221428 	-0.0117666
0.0482766 	-0.0338182 	0.00261286 	-0.012106
0.0487174 	-0.0337749 	0.00301145 	-0.0124454
0.0491583 	-0.0336219 	0.00335569 	-0.012797
0.0495992 	-0.0334138 	0.00367268 	-0.0131547
0.0500401 	-0.0332058 	0.00398968 	-0.0135124
0.050481 	-0.0329977 	0.00430667 	-0.0138701
0.0509218 	-0.0327896 	0.00462366 	-0.0142278
0.0513627 	-0.0325615 	0.00493364 	-0.0146472
0.0518036 	-0.0323481 	0.00522941 	-0.0150248
0.0522445 	-0.0321347 	0.00552517 	-0.0154023
0.0526854 	-0.0319213 	0.00582094 	-0.0157799
0.0531263 	-0.0317079 	0.00611671 	-0.0161575
0.0535671 	-0.0314945 	0.00641248 	-0.0165351
0.054008 	-0.0313901 	0.00666373 	-0.0167361
0.0544489 	-0.0313036 	0.00690771 	-0.0169082
0.0548898 	-0.031217 	0.00715169 	-0.0170803
0.0553307 	-0.0311777 	0.00724153 	-0.0168071
0.0557715 	-0.0311425 	0.00730831 	-0.0164764
0.0562124 	-0.0311073 	0.00737509 	-0.0161457
0.0566533 	-0.0310612 	0.00752446 	-0.0159992
0.0570942 	-0.0310138 	0.00768386 	-0.0158751
0.0575351 	-0.0309664 	0.00784327 	-0.015751
0.057976 	-0.0309191 	0.00800267 	-0.0156269
0.0584168 	-0.0308717 	0.00816207 	-0.0155028
0.0588577 	-0.0308243 	0.00832148 	-0.0153787
0.0592986 	-0.0307323 	0.00830474 	-0.0150817
0.0597395 	-0.0306333 	0.0082675 	-0.0147702
0.0601804 	-0.0305343 	0.00823026 	-0.0144587
0.0606212 	-0.0304352 	0.00819302 	-0.0141472
0.0610621 	-0.0303362 	0.00815579 	-0.0138356
0.061503 	-0.0302372 	0.00811855 	-0.0135241
0.0619439 	-0.030125 	0.00808492 	-0.0131201
0.0623848 	-0.0300118 	0.00805154 	-0.0127099
0.0628257 	-0.0298987 	0.00801815 	-0.0122997
0.0632665 	-0.0296618 	0.00788811 	-0.0119226
0.0637074 	-0.0294189 	0.00775371 	-0.0115468
0.0641483 	-0.029176 	0.0076193 	-0.0111711
0.0645892 	-0.0289725 	0.00746399 	-0.0108666
0.0650301 	-0.0287695 	0.00730842 	-0.010563
0.0654709 	-0.0285664 	0.00715285 	-0.0102594
0.0659118 	-0.0283634 	0.00699728 	-0.00995579
0.0663527 	-0.0281603 	0.00684172 	-0.00965218
0.0667936 	-0.0279449 	0.00667302 	-0.00933613
0.0672345 	-0.0276344 	0.00640218 	-0.00892352
0.0681162 	-0.0270132 	0.00586048 	-0.0080983
0.0685571 	-0.0267026 	0.00558962 	-0.00768568
0.068998 	-0.026392 	0.00531877 	-0.00727306
0.0694389 	-0.0260855 	0.00505408 	-0.00686335
0.0698798 	-0.0258415 	0.00488344 	-0.00649813
0.0703206 	-0.0255974 	0.00471281 	-0.00613292
0.0707615 	-0.0253533 	0.00454218 	-0.0057677
0.0712024 	-0.0251092 	0.00437155 	-0.00540249
0.0716433 	-0.0248651 	0.00420092 	-0.00503727
0.0720842 	-0.0246211 	0.00403029 	-0.00467205
0.0725251 	-0.024377 	0.00385966 	-0.00430684
0.0729659 	-0.0241329 	0.00368903 	-0.00394162
0.0734068 	-0.0238888 	0.0035184 	-0.0035764
0.0738477 	-0.0236447 	0.00334777 	-0.00321119
0.0742886 	-0.0234007 	0.00317714 	-0.00284597
0.0747295 	-0.0231731 	0.0030117 	-0.002485
0.0751703 	-0.0231054 	0.0028987 	-0.00216787
0.0756112 	-0.0230377 	0.0027857 	-0.00185073
0.0760521 	-0.0229701 	0.0026727 	-0.0015336
0.076493 	-0.0229024 	0.0025597 	-0.00121646
0.0778156 	-0.022699 	0.00222049 	-0.000264754
0.0782565 	-0.0226311 	0.0021074 	5.25105e-05
0.0786974 	-0.0225633 	0.00199431 	0.000369775
0.0791383 	-0.0224954 	0.00188121 	0.000687039
0.0795792 	-0.0224299 	0.00176585 	0.00100437
0.08002 	-0.0223935 	0.00162211 	0.00132251
0.0804609 	-0.0223571 	0.00147837 	0.00164066
0.0809018 	-0.0223208 	0.00133462 	0.0019588
0.0813427 	-0.0222844 	0.00119088 	0.00227695
0.0817836 	-0.022248 	0.00104713 	0.00259509
0.0822244 	-0.0222196 	0.000917362 	0.00283673
0.0826653 	-0.0221949 	0.000796621 	0.00302171
0.0831062 	-0.0221702 	0.00067588 	0.00320669
0.0835471 	-0.0221455 	0.000555139 	0.00339166
0.083988 	-0.0221209 	0.000434398 	0.00357664
0.0844289 	-0.0220962 	0.000313658 	0.00376162
0.0848697 	-0.0220712 	0.000227638 	0.00394158
0.0853106 	-0.0220463 	0.000142071 	0.00412148
0.0857515 	-0.0220213 	5.65045e-05 	0.00430138
0.0861924 	-0.0219964 	-2.90622e-05 	0.00448128
0.0866333 	-0.0219714 	-0.000114629 	0.00466118
0.0870741 	-0.0219464 	-0.000200196 	0.00484108
0.100301 	-0.0164285 	-0.00220872 	0.00904076
0.108677 	-0.00991688 	-0.000964411 	0.00964546
0.109118 	-0.00929676 	-0.000852022 	0.0091539
0.109559 	-0.00867665 	-0.000739632 	0.00866235
0.11 	-0.00805654 	-0.000627243 	0.00817079
