/*--------------------------------*- C++ -*----------------------------------*\
| =========                 |                                                 |
| \\      /  F ield         | OpenFOAM: The Open Source CFD Toolbox           |
|  \\    /   O peration     | Version:  2206                                  |
|   \\  /    A nd           | Website:  www.openfoam.com                      |
|    \\/     M anipulation  |                                                 |
\*---------------------------------------------------------------------------*/
FoamFile
{
    version     2.0;
    format      ascii;
    arch        "LSB;label=64;scalar=64";
    class       volScalarField;
    location    "2.1/solid";
    object      T;
}
// * * * * * * * * * * * * * * * * * * * * * * * * * * * * * * * * * * * * * //

dimensions      [0 0 0 1 0 0 0];

internalField   nonuniform List<scalar> 
500
(
1095.72482691
1095.55327106
1095.20864464
1094.68861872
1093.98740491
1093.0981244
1092.01520833
1090.74062198
1089.29354279
1087.78098807
1096.704194
1096.53843775
1096.20650183
1095.7078235
1095.04172943
1094.20856398
1093.21169817
1092.06182459
1090.78250452
1089.40690791
1097.69048745
1097.5312948
1097.21312015
1096.73656077
1096.10291148
1095.31476089
1094.37687071
1093.29750573
1092.08927817
1090.76225183
1098.66680676
1098.51346026
1098.20716965
1097.74883601
1097.14001756
1096.38314974
1095.48180254
1094.44113412
1093.26819691
1091.96558678
1099.61334772
1099.46464754
1099.16761899
1098.72304491
1098.13215968
1097.3966801
1096.51882757
1095.50166413
1094.34993614
1093.06416487
1100.51522316
1100.37008509
1100.08007945
1099.64575867
1099.06794589
1098.34769616
1097.48624515
1096.4853987
1095.3492098
1094.07854381
1101.36260565
1101.22025129
1100.93571311
1100.5093342
1099.94160403
1099.23310218
1098.38441828
1097.39658052
1096.27374678
1095.01929562
1102.15006195
1102.01000883
1101.72999745
1101.31021812
1100.75093054
1100.05240784
1099.21482982
1098.23866525
1097.12843361
1095.89352926
1102.87571411
1102.73770377
1102.46172787
1102.04787773
1101.49626983
1100.8069953
1099.97998125
1099.01522174
1097.91734051
1096.70814722
1103.54038641
1103.40431004
1103.13217222
1102.72400613
1102.17984642
1101.49968459
1100.68329491
1099.73022562
1098.64429087
1097.46162974
1104.14682776
1104.01266727
1103.74434592
1103.34186736
1102.80522695
1102.13437386
1101.32900551
1100.38828203
1099.31452597
1098.14275603
1104.69904182
1104.5668279
1104.30239403
1103.90573339
1103.37683016
1102.71563081
1101.92181612
1100.99422901
1099.93357573
1098.77126987
1105.20173349
1105.07151738
1104.81107932
1104.42041322
1103.899508
1103.24832992
1102.4665844
1101.55286603
1100.50622341
1099.35425059
1105.65986991
1105.5317061
1105.27537615
1104.89088112
1104.37822346
1103.73740234
1102.96818134
1102.06899079
1101.03725465
1099.89531881
1106.07834783
1105.95228395
1105.70015931
1105.32198561
1104.81778341
1104.18759125
1103.4312528
1102.54710434
1101.5309984
1100.40038093
1106.46175532
1106.33782661
1106.08997854
1105.7182349
1105.22263532
1104.603258
1103.86003955
1102.99129836
1101.99143443
1100.87202545
1106.81421367
1106.6924405
1106.44890993
1106.08365801
1105.59674297
1104.9882809
1104.25831137
1103.40521138
1102.42205116
1101.31481857
1107.13928273
1107.01967
1106.78046655
1106.4217202
1105.94350643
1105.34597636
1104.62928048
1103.79193718
1102.82587211
1101.73056736
1107.43991371
1107.32245116
1107.08755378
1106.73528026
1106.2657211
1105.6790571
1104.97555005
1104.15393472
1103.20520784
1102.1226768
1107.71843498
1107.60309795
1107.37245678
1107.02657986
1106.56557059
1105.98963374
1105.29913828
1104.49309811
1103.56178945
1102.49158189
1107.97655813
1107.86330847
1107.63684638
1107.29724845
1106.84462828
1106.27920838
1105.60145997
1104.81074673
1103.89690477
1102.83969959
1108.21539439
1108.10418175
1107.88179703
1107.54832296
1107.10387955
1106.54869774
1105.88333476
1105.1075484
1104.21098644
1103.16586788
1108.43547271
1108.32623626
1108.10780624
1107.78026975
1107.34375052
1106.79848145
1106.14509367
1105.38379203
1104.50437696
1103.47227729
1108.63675303
1108.52942297
1108.31480708
1107.99299501
1107.56411152
1107.02838437
1106.38649904
1105.63913732
1104.77657867
1103.75652973
1108.81863131
1108.71313037
1108.50217308
1108.18584983
1107.76428362
1107.23768982
1106.60678483
1105.87274317
1105.02670494
1104.01846461
1108.97993499
1108.87617972
1108.66871329
1108.35762535
1107.94303543
1107.42514139
1106.80466822
1106.08329265
1105.25351459
1104.256594
1109.1189088
1109.01681049
1108.81265678
1108.50653538
1108.09856096
1107.58890988
1106.97828966
1106.26885726
1105.45504313
1104.46861514
1109.23319301
1109.13265847
1108.93163056
1108.63019405
1108.22845829
1107.72657684
1107.12521867
1106.42698503
1105.62900907
1104.65342252
1109.31979595
1109.22072821
1109.02263158
1108.72558713
1108.32969831
1107.83509446
1107.24238026
1106.55450574
1105.77202751
1104.8159695
1109.375064
1109.27736287
1109.08199676
1108.78904221
1108.39859657
1107.91076521
1107.32606748
1106.64767305
1105.87987451
1104.95270571
1109.39465204
1109.29821498
1109.10537381
1108.81619978
1108.43078366
1107.94920789
1107.37189047
1106.70206839
1105.9476652
1105.05274895
1109.37349778
1109.27822092
1109.08769656
1108.80198984
1108.42118412
1107.94533894
1107.37475433
1106.71255862
1105.96995874
1105.10883303
1109.30580269
1109.21158206
1109.02316613
1108.74061281
1108.36399626
1107.89335193
1107.32885005
1106.67333871
1105.94067305
1105.11537068
1109.18502316
1109.09175633
1108.90524357
1108.6255345
1108.25269234
1107.78672767
1107.22767645
1106.57795557
1105.85302378
1105.06620814
1109.00387473
1108.91146252
1108.72665454
1108.44949197
1108.08002687
1107.61824703
1107.06405888
1106.41934622
1105.69970151
1104.9525338
1108.75435264
1108.66270022
1108.47940775
1108.20450862
1107.83804522
1107.37998795
1106.83012973
1106.18980163
1105.47344578
1104.73682485
1108.4277742
1108.33679112
1108.15483399
1107.8819299
1107.5181142
1107.06334746
1106.51733073
1105.88086898
1105.16705344
1104.43193442
1108.01484895
1107.92444792
1107.74365275
1107.47248652
1107.11098146
1106.65909688
1106.11646363
1105.48338424
1104.77151748
1104.03628911
1107.50578248
1107.41587693
1107.23607208
1106.96639013
1106.60686519
1106.15746633
1105.61778197
1104.98765115
1104.27725041
1103.54136702
1106.89041873
1106.8009192
1106.62192757
1106.35346865
1105.99558392
1105.54826309
1105.01108106
1104.38345892
1103.67404996
1102.93642252
1106.15842376
1106.0692334
1105.89086347
1105.62334568
1105.2667352
1104.82105396
1104.2858923
1103.66029795
1102.95134578
1102.21147863
1105.29951207
1105.21052086
1105.03255534
1104.76565947
1104.40991028
1103.96537611
1103.4316976
1102.8076075
1102.09855417
1101.3553945
1104.30371542
1104.21479284
1104.03697389
1103.77032122
1103.41494369
1102.970973
1102.43814044
1101.81493679
1101.10514235
1100.35805322
1103.16169318
1103.07267941
1102.89469052
1102.62781457
1102.27220348
1101.82807256
1101.29529211
1100.67220257
1099.96087331
1099.20850096
1101.86508106
1101.77577806
1101.59722458
1101.32953783
1100.97292138
1100.52769501
1099.9939279
1099.36993761
1098.65607087
1097.89723893
1100.40686907
1100.31703557
1100.13743183
1099.86819772
1099.50958123
1099.0620103
1098.52580705
1097.89942978
1097.18154655
1096.41416204
1098.78178313
1098.6911407
1098.50992286
1098.23826771
1097.87642115
1097.42485963
1096.88413284
1096.25294877
1095.52835746
1094.7490997
1096.98662259
1096.89487141
1096.71145909
1096.43649506
1096.07012279
1095.61267768
1095.06467057
1094.42481027
1093.68823776
1092.89013396
1095.02055606
1094.92732199
1094.74119654
1094.46231473
1094.09061978
1093.62600359
1093.0682812
1092.41501765
1091.65740028
1090.82365131
1092.88584988
1092.79005972
1092.60064874
1092.31784084
1091.9414517
1091.47091658
1090.90462191
1090.23707219
1089.45106103
1088.54297934
)
;

boundaryField
{
    symmetric
    {
        type            symmetry;
    }
    emptyPatch
    {
        type            empty;
    }
    solid_to_water
    {
        type            compressible::turbulentTemperatureTwoPhaseRadCoupledMixed;
        refValue        nonuniform List<scalar> 
70
(
384.95165934
383.268404668
381.805080788
380.57668619
379.496767157
378.34822367
376.814477041
370.868070103
350.458334205
338.636646164
338.220259726
338.355688503
337.904245224
337.22600685
336.499983767
335.915813315
335.750741224
336.318651243
339.096640845
350.779469599
360.238005869
360.15934543
366.202535807
363.147460033
368.316923284
364.392991288
369.323604342
365.412005603
369.749447336
365.886187239
369.523668557
365.806984271
368.821331538
365.858167116
367.516774313
365.158103387
364.138588612
355.217594591
344.588373883
339.863334653
337.589168215
336.566741664
336.632009966
338.860766592
357.069246284
407.450975582
427.405594511
429.050175121
441.516102395
436.494226985
445.037389016
439.171258064
445.072893453
440.318775999
443.846699562
440.843438282
442.110519765
440.805297461
439.373218301
334.264666619
334.374884307
334.444871326
334.516960222
334.588928753
334.647737806
334.720920488
334.931565118
335.778425693
407.120583241
340.532769131
)
;
        refGradient     uniform 0;
        valueFraction   nonuniform List<scalar> 
70
(
0.000669639542374
0.00066995284117
0.000670787865559
0.000671363322685
0.000671331886388
0.00067174574865
0.000673841218951
0.000716412497038
0.0010348039585
0.00146243543092
0.000977689144131
0.000978007747618
0.000976184169653
0.000971172456201
0.000963130660889
0.000954956032311
0.000953630734377
0.00096381648623
0.000984526177064
0.000804118698087
0.000719778587734
0.000757444973959
0.000706474421971
0.000753910360176
0.000705596525374
0.00075413861183
0.000706774203217
0.000751620373156
0.000709538467613
0.000751929007845
0.000716151487087
0.000755254548299
0.000724582553049
0.000755816581933
0.000737554969251
0.000760044116865
0.000757035579574
0.000826872468953
0.000954006341146
0.00099078226123
0.000979216456902
0.000968625979595
0.000971148361217
0.000989439663414
0.000781275619162
0.000503329159216
0.000481456194618
0.000503240291549
0.000479970418086
0.00050306838486
0.000483141743884
0.000502812990024
0.0004877461374
0.000502465731695
0.000493063587231
0.000502016438459
0.000498277545526
0.000501454661514
0.000503651404646
0.00151220402955
0.0015184019303
0.00152161985789
0.00152468648463
0.00152733984657
0.00152905604356
0.00153125214918
0.00153718232279
0.00152688437124
0.00059718521313
0.00128816808558
)
;
        source          uniform 0;
        value           nonuniform List<scalar> 
70
(
1095.25032711
1095.07753837
1094.73155448
1094.21062952
1093.50913053
1092.6192464
1091.53423577
1090.22549106
1088.52971983
1086.686874
1087.04961255
1088.67412317
1090.02912411
1091.23443297
1092.33732897
1093.35638314
1094.29720918
1095.16371315
1095.96502117
1096.86161476
1097.61081186
1098.21157102
1098.83538645
1099.33971594
1099.8830539
1100.31663661
1100.79689951
1101.17731887
1101.60271569
1101.93811624
1102.3145452
1102.60966196
1102.94033054
1103.19975209
1103.47604151
1103.69607981
1103.90946757
1104.03619746
1104.09527034
1104.20012265
1104.30688808
1104.37025168
1104.37528672
1104.31491293
1104.37238758
1104.38584407
1104.10552527
1103.69643432
1103.2230726
1102.60094943
1101.89345851
1101.02221163
1100.03797159
1098.87715405
1097.57429279
1096.08467352
1094.42338469
1092.5625304
1090.49465438
1091.74005918
1091.63988107
1091.44842494
1091.16383363
1090.78611686
1090.31508949
1089.74813765
1089.07758251
1088.30171218
1088.13401038
1087.57738428
)
;
        kappaMethod     solidThermo;
        Tnbr            T.liquid;
        region          solid;
        otherPhase      gas;
    }
}


// ************************************************************************* //
