/*--------------------------------*- C++ -*----------------------------------*\
| =========                 |                                                 |
| \\      /  F ield         | OpenFOAM: The Open Source CFD Toolbox           |
|  \\    /   O peration     | Version:  2206                                  |
|   \\  /    A nd           | Website:  www.openfoam.com                      |
|    \\/     M anipulation  |                                                 |
\*---------------------------------------------------------------------------*/
FoamFile
{
    version     2.0;
    format      ascii;
    arch        "LSB;label=64;scalar=64";
    class       volScalarField;
    location    "1";
    object      p;
}
// * * * * * * * * * * * * * * * * * * * * * * * * * * * * * * * * * * * * * //

dimensions      [0 2 -2 0 0 0 0];

internalField   nonuniform List<scalar> 
936
(
6.5682105e-08
1.4328449e-07
1.5022796e-07
1.4662014e-07
1.5313752e-07
1.5596785e-07
1.5395732e-07
1.5467014e-07
1.5586348e-07
1.5681646e-07
1.5661336e-07
1.5682624e-07
1.5674117e-07
1.6806906e-07
1.679399e-07
1.6890799e-07
1.6940648e-07
1.6824282e-07
1.6672726e-07
1.7067114e-07
1.720078e-07
1.6831493e-07
1.6653059e-07
1.7041789e-07
1.6887282e-07
1.6680137e-07
6.475081e-08
2.6307192e-07
2.8899619e-08
-3.4466285e-06
7.5307853e-06
-2.1706505e-06
-3.1915991e-06
2.982141e-06
3.1317563e-06
-3.9025148e-06
2.8245502e-06
1.2372688e-06
-3.3400698e-06
1.7088661e-06
3.9078598e-07
-2.4980696e-06
6.4498579e-07
-1.8382684e-07
-1.5496193e-06
-3.2862067e-07
-6.4239791e-07
-4.992281e-07
-1.1995133e-06
-1.0010355e-06
6.2519547e-07
-1.9933135e-06
-1.2771738e-06
1.945681e-06
-2.5958026e-06
-1.3649669e-06
3.3086703e-06
-3.2367053e-06
-1.4161599e-06
3.6040469e-06
-4.0261284e-06
-2.5414937e-06
3.6140383e-06
-8.0317707e-06
1.9986551e-06
-3.3750108e-07
-7.3289081e-07
-3.0426628e-07
-5.5761301e-07
-5.429643e-07
-5.653292e-07
-5.6227364e-07
-5.4289293e-07
-5.2431037e-07
-5.6755548e-07
-5.670092e-07
-5.3792388e-07
-5.2153069e-07
-5.575982e-07
-5.3648176e-07
-5.2535751e-07
-4.4889711e-07
-4.4554485e-07
-4.4905587e-07
-4.5107638e-07
-4.4685748e-07
-4.4386996e-07
-4.4870563e-07
-4.5146925e-07
-4.470985e-07
-4.4711518e-07
-4.6260351e-07
-4.5331225e-07
-4.4982811e-07
-3.2550624e-07
-3.2713939e-07
-3.1989389e-07
-2.081306e-07
-2.0846378e-07
-2.0932823e-07
-1.3848951e-07
-1.3845253e-07
-1.3897435e-07
-8.6662261e-08
-8.6630576e-08
-8.7513336e-08
-5.5752881e-08
-5.5781999e-08
-5.6200776e-08
-3.7502352e-08
-3.7483367e-08
-3.7862116e-08
-2.8587141e-08
-2.8601004e-08
-2.8828465e-08
-2.6807845e-08
-2.6846299e-08
-2.6973415e-08
1.437547e-07
1.5546881e-07
1.2552539e-07
1.3388382e-07
1.4410343e-07
1.5408877e-07
1.5526719e-07
1.5556143e-07
1.567501e-07
1.5001401e-07
1.5071608e-07
1.5397869e-07
1.5659329e-07
1.5757833e-07
1.5766886e-07
1.5834063e-07
1.5550473e-07
1.5873524e-07
1.5037999e-07
1.5266876e-07
1.530808e-07
1.5648566e-07
1.5727298e-07
1.5748574e-07
1.5828095e-07
1.5067657e-07
1.5289188e-07
1.5389194e-07
1.5710648e-07
1.5789837e-07
1.5855937e-07
1.5887205e-07
1.5526839e-07
1.5521954e-07
1.5609134e-07
1.585063e-07
1.5906798e-07
1.5922098e-07
1.5962592e-07
1.5609468e-07
1.568761e-07
1.5686268e-07
1.5969225e-07
1.5965671e-07
1.5999017e-07
1.6000857e-07
1.5488681e-07
1.548219e-07
1.5589978e-07
1.5857086e-07
1.5932842e-07
1.5900014e-07
1.6003405e-07
1.5572569e-07
1.5629965e-07
1.565047e-07
1.5959419e-07
1.5977583e-07
1.6023804e-07
1.6039166e-07
1.5672187e-07
1.5681557e-07
1.5715145e-07
1.5981728e-07
1.600597e-07
1.6043406e-07
1.6048039e-07
1.5698524e-07
1.5758978e-07
1.5751344e-07
1.6033816e-07
1.6035217e-07
1.6087681e-07
1.6082921e-07
1.5619386e-07
1.5991093e-07
1.5717059e-07
1.5626696e-07
1.5671296e-07
1.6072653e-07
1.6093833e-07
1.6068024e-07
1.6095447e-07
1.5758858e-07
1.5683377e-07
1.5734477e-07
1.6087197e-07
1.6086612e-07
1.6090058e-07
1.6089281e-07
1.6091258e-07
1.6851152e-07
1.8672326e-07
1.6752406e-07
1.6797735e-07
1.6737089e-07
1.7719811e-07
1.7476988e-07
1.7652509e-07
1.7378787e-07
1.6701166e-07
1.7319406e-07
1.6938814e-07
1.7043139e-07
1.7091297e-07
1.8955292e-07
1.8757118e-07
1.9113197e-07
1.9303341e-07
1.6672056e-07
1.6669819e-07
1.6659027e-07
1.7162839e-07
1.7130951e-07
1.6770904e-07
1.6716543e-07
1.7149329e-07
1.704184e-07
1.7094103e-07
1.9035708e-07
1.9310939e-07
1.8869982e-07
1.8796209e-07
1.6782648e-07
1.6893678e-07
1.6788305e-07
1.7618533e-07
1.7384515e-07
1.7594364e-07
1.7385068e-07
1.722043e-07
2.2047662e-07
2.6975894e-07
1.9351095e-07
2.9103265e-07
7.7229505e-07
1.885068e-07
9.0915404e-09
-1.17656e-08
-6.7746834e-07
-6.9273745e-07
-1.2079609e-06
1.715578e-07
1.7790517e-07
6.5912181e-07
1.8540775e-07
2.4494877e-07
1.0061625e-08
4.319135e-08
-6.7403157e-07
-1.1569704e-06
-7.1906105e-07
-6.987874e-07
-7.8341618e-07
-6.3409173e-07
-5.9063858e-07
-5.9840809e-07
-6.1353677e-07
-5.9037147e-07
-2.9946113e-07
-2.2310634e-07
-5.2299245e-07
-5.2414781e-07
-4.9231791e-07
-4.9348914e-07
-5.9824984e-07
-6.0394551e-07
-6.0210079e-07
-5.7772179e-07
-5.8246411e-07
-5.7059056e-07
-2.4190303e-07
-3.043352e-07
-4.9007039e-07
-4.9276834e-07
-5.0596684e-07
-5.1451156e-07
-5.6047849e-07
-5.0346993e-07
-5.5449107e-07
-5.5347136e-07
-5.4996283e-07
-5.0378195e-07
-5.0067207e-07
-5.0204811e-07
-5.0181779e-07
-5.2951936e-07
-4.9379944e-07
-5.5743225e-07
-5.6782626e-07
-5.6184378e-07
-5.0411325e-07
-5.0249582e-07
-5.0728955e-07
-5.0620318e-07
-5.2309664e-07
-5.2108889e-07
-5.1736776e-07
-4.9234262e-07
-4.9219193e-07
-4.9096596e-07
-4.9050011e-07
-5.1701965e-07
-5.2073484e-07
-5.1988866e-07
-4.8871586e-07
-4.8692051e-07
-4.8772181e-07
-4.8664735e-07
-5.6254766e-07
-5.0936899e-07
-5.469467e-07
-5.5629601e-07
-5.4407402e-07
-5.0507627e-07
-5.0286038e-07
-5.0500583e-07
-5.0231059e-07
-4.5027695e-07
-4.1864345e-07
-4.5054516e-07
-4.5364423e-07
-4.5284398e-07
-4.1720306e-07
-4.1392659e-07
-4.1993044e-07
-4.1250286e-07
-4.4289017e-07
-4.4966747e-07
-4.4699674e-07
-4.1211692e-07
-4.1113372e-07
-4.0979731e-07
-4.1453253e-07
-4.4529922e-07
-4.1366698e-07
-4.529198e-07
-4.4846938e-07
-4.5121512e-07
-4.1445951e-07
-4.2173858e-07
-4.0937348e-07
-4.0837673e-07
-4.5079452e-07
-4.5042782e-07
-4.482524e-07
-4.0591331e-07
-3.9528479e-07
-3.9637626e-07
-3.8708035e-07
-4.468452e-07
-4.4645985e-07
-4.4582216e-07
-3.9518997e-07
-4.0532704e-07
-3.8786162e-07
-3.9811719e-07
-4.4371746e-07
-4.4631852e-07
-4.4597522e-07
-4.1598116e-07
-4.1426847e-07
-4.0939816e-07
-4.1437741e-07
-4.535551e-07
-4.5481968e-07
-4.5848685e-07
-4.1274644e-07
-4.1035011e-07
-4.1887571e-07
-4.2684636e-07
-4.5015881e-07
-4.5923992e-07
-4.5491435e-07
-3.9896283e-07
-3.9002078e-07
-4.1220126e-07
-4.0205736e-07
-4.4780463e-07
-4.5198394e-07
-4.5197009e-07
-3.9066129e-07
-4.0062317e-07
-4.0221138e-07
-4.1431622e-07
-4.4868068e-07
-4.5343351e-07
-4.5424792e-07
-4.1355861e-07
-4.1798234e-07
-4.264195e-07
-4.2445176e-07
-4.6202658e-07
-4.2558325e-07
-4.5824717e-07
-4.6173432e-07
-4.5738422e-07
-4.2744154e-07
-4.2127089e-07
-4.2672143e-07
-4.2358766e-07
-4.5382477e-07
-4.5344939e-07
-4.5371116e-07
-4.1473951e-07
-4.2720635e-07
-4.2149193e-07
-4.2647864e-07
-4.2753118e-07
1.6833543e-07
1.6835076e-07
1.6868918e-07
1.8417819e-07
1.837586e-07
1.8390044e-07
1.8471961e-07
1.6981226e-07
1.7161634e-07
1.7106034e-07
1.8927252e-07
1.8749279e-07
1.9576447e-07
1.8792118e-07
1.6713525e-07
1.6795441e-07
1.6673697e-07
1.7129344e-07
1.6998708e-07
1.571612e-07
1.5909723e-07
1.7122527e-07
1.7121628e-07
1.7091337e-07
1.9464811e-07
1.8577005e-07
1.8890061e-07
1.8290249e-07
1.6677024e-07
1.6861087e-07
1.6714544e-07
1.581304e-07
1.5944391e-07
1.6676128e-07
1.6694575e-07
1.6643045e-07
1.6637773e-07
1.6635843e-07
1.6478411e-07
1.6485115e-07
1.6707597e-07
1.6675168e-07
1.7073079e-07
1.8740525e-07
1.7034181e-07
1.704141e-07
1.7025436e-07
1.8453461e-07
1.8093565e-07
1.843961e-07
1.7995368e-07
2.0978804e-06
7.6050956e-06
9.6658675e-07
-3.2946804e-06
-6.8907804e-06
-6.6964424e-06
-2.2764151e-06
-9.4266216e-06
1.3655366e-06
5.0012411e-06
8.5461789e-06
9.6401e-07
2.4816938e-06
-8.2609861e-06
-6.9156068e-06
-4.0315568e-06
-8.9515377e-06
-3.1215328e-06
4.9883973e-06
9.902663e-06
1.1176849e-06
1.0219439e-06
3.4782925e-06
-5.1925315e-06
1.4163124e-06
3.9789885e-06
-4.3251883e-06
3.016022e-06
-3.965218e-06
-3.8980991e-06
1.7922309e-06
-5.617296e-06
-5.338883e-06
9.1288495e-07
3.5145015e-06
-4.4249244e-06
1.1853318e-06
-3.1926113e-06
-3.0232665e-06
1.8560602e-06
-5.187191e-06
-3.7296742e-06
8.8221301e-07
3.0468335e-06
-3.9676179e-06
7.9324414e-07
2.8052281e-06
-3.5278774e-06
1.107248e-06
-5.4840311e-06
-3.6432857e-06
6.5763403e-07
-5.2566785e-06
-4.0319389e-06
9.9904014e-07
2.5109672e-06
-3.586714e-06
6.7500673e-07
-5.127036e-06
-3.6668403e-06
7.1393255e-07
-5.0229291e-06
-3.535369e-06
2.4799139e-07
1.8454747e-06
-3.2444077e-06
1.4973138e-07
1.528138e-06
-2.7910686e-06
2.8982171e-07
-4.5777238e-06
-2.9133891e-06
1.0562645e-08
-4.053312e-06
-3.280898e-06
3.6252778e-07
1.3402882e-06
-2.829239e-06
7.2823997e-08
-4.3525081e-06
-3.1626368e-06
4.8561201e-08
-3.9102532e-06
-2.8504751e-06
-2.6368696e-07
7.2112679e-07
-2.4322446e-06
-3.8347777e-07
3.407308e-07
-1.9577249e-06
-2.4671854e-07
-3.2748153e-06
-2.0236383e-06
-4.6322517e-07
-2.6353876e-06
-2.454787e-06
-1.9294123e-07
2.489254e-07
-1.9775645e-06
-4.2764761e-07
-3.143496e-06
-2.3929655e-06
-4.4335838e-07
-2.5677734e-06
-1.9952377e-06
-6.8031591e-07
-3.1242099e-07
-1.5269174e-06
-8.1422036e-07
-7.4460787e-07
-1.0245189e-06
-6.6332146e-07
-1.8464943e-06
-1.0299986e-06
-8.3016193e-07
-1.1108454e-06
-1.5345417e-06
-6.4860642e-07
-7.4131136e-07
-1.0264829e-06
-8.2608631e-07
-1.8064919e-06
-1.5123e-06
-8.2934533e-07
-1.1184075e-06
-1.0361047e-06
-9.9296086e-07
-1.2414494e-06
-5.226857e-07
-1.1665382e-06
-1.7509547e-06
-1.1170111e-08
-9.8159421e-07
-3.210222e-07
4.0267994e-08
-1.1162375e-06
4.9370679e-07
-5.1716734e-07
-1.006028e-06
-1.6518267e-06
6.1362022e-09
-1.142478e-06
-3.7057475e-07
-5.3277814e-07
-1.1320007e-06
4.1338068e-07
5.8766091e-09
-1.2316262e-06
-2.0959572e-06
5.6428222e-07
-1.3867284e-06
-2.6263422e-06
1.1352277e-06
-1.2129915e-06
1.2898693e-06
1.2411439e-06
-1.2665087e-06
2.2329079e-06
5.8729606e-07
-1.27567e-06
-2.4311836e-06
1.1721466e-06
-1.3233586e-06
1.1470795e-06
5.2870962e-07
-1.300074e-06
2.0795342e-06
1.1806141e-06
-1.2651283e-06
-2.7543529e-06
1.8350959e-06
-1.4242994e-06
-3.3601197e-06
2.4301371e-06
-1.2598737e-06
3.0867685e-06
2.6162837e-06
-1.254831e-06
4.1577679e-06
1.8665635e-06
-1.3652597e-06
-3.0773691e-06
2.4748016e-06
-1.360095e-06
2.8589946e-06
1.7730706e-06
-1.3147591e-06
3.9375992e-06
2.5030697e-06
-1.2258315e-06
-3.4606706e-06
3.1441384e-06
-1.4471347e-06
-4.3904123e-06
3.6574058e-06
-1.2721272e-06
4.9850712e-06
3.7464862e-06
-1.4889657e-06
6.0290128e-06
3.1647028e-06
-1.4263907e-06
-4.0125026e-06
3.6576298e-06
-1.5195311e-06
4.7246263e-06
3.0425444e-06
-1.596071e-06
5.8530032e-06
3.5632243e-06
-8.2951652e-07
-4.3442526e-06
4.4577114e-06
2.3889619e-06
3.710905e-06
5.8253712e-06
-2.3659199e-06
5.8397838e-06
-1.7498978e-06
-4.9747773e-06
-4.9360203e-06
4.4001979e-06
-1.4501107e-06
5.1261484e-06
5.9559093e-06
2.6362768e-06
6.004552e-06
3.1070613e-06
-4.980543e-06
-3.7855624e-06
-1.6356701e-06
-2.6892499e-06
-8.1952564e-06
-1.3810006e-06
-9.5116504e-07
-1.4691237e-06
-7.5972601e-07
1.9860934e-06
8.6413407e-06
4.1654377e-07
3.7674563e-07
9.5800926e-07
-1.2901828e-06
-2.5594152e-06
-1.3798788e-06
-7.031377e-07
-7.699432e-07
8.9849151e-06
3.3472565e-06
4.2009827e-07
1.0207882e-06
5.0712366e-07
-5.3523548e-07
-5.3892008e-07
-5.3080707e-07
-5.0090729e-07
-4.9611544e-07
-4.9896362e-07
-4.946843e-07
-5.6086421e-07
-5.6573179e-07
-5.5833758e-07
-5.1045991e-07
-5.0869441e-07
-5.1151135e-07
-5.0866466e-07
-5.2668295e-07
-5.349344e-07
-5.2655259e-07
-4.9794087e-07
-4.9276918e-07
-4.9750009e-07
-4.9292395e-07
-4.8999045e-07
-3.2358087e-07
-3.2483373e-07
-3.1919544e-07
-2.5975018e-07
-2.59654e-07
-2.5974843e-07
-3.2158476e-07
-3.3167071e-07
-2.5921697e-07
-2.6023938e-07
-2.6064088e-07
-3.2121095e-07
-3.3002125e-07
-2.5844145e-07
-2.600526e-07
-2.6045796e-07
-3.3130624e-07
-3.319649e-07
-2.606309e-07
-2.6103461e-07
-2.6108834e-07
-2.0779839e-07
-2.078458e-07
-2.1005574e-07
-1.7242881e-07
-1.7240339e-07
-1.7254407e-07
-2.1064017e-07
-2.1062539e-07
-1.7211193e-07
-1.7253949e-07
-1.725334e-07
-2.1095314e-07
-2.1091572e-07
-1.7162752e-07
-1.7267281e-07
-1.7265723e-07
-2.0943426e-07
-2.0943015e-07
-1.7256533e-07
-1.7257361e-07
-1.7256545e-07
-1.382246e-07
-1.3823815e-07
-1.3936223e-07
-1.1193547e-07
-1.1197634e-07
-1.1199102e-07
-1.3962944e-07
-1.3960246e-07
-1.114642e-07
-1.120121e-07
-1.1200951e-07
-1.3979221e-07
-1.3976194e-07
-1.1179057e-07
-1.1215137e-07
-1.1214496e-07
-1.3901263e-07
-1.3900811e-07
-1.1221121e-07
-1.1220896e-07
-1.1220975e-07
-8.6262992e-08
-8.6265414e-08
-8.7613147e-08
-6.9385132e-08
-6.9404536e-08
-6.9947582e-08
-8.812922e-08
-8.810079e-08
-6.9278157e-08
-7.0195112e-08
-7.0193523e-08
-8.8179018e-08
-8.815513e-08
-6.9470437e-08
-7.0259181e-08
-7.0257635e-08
-8.7554245e-08
-8.7552623e-08
-7.0479486e-08
-7.0480833e-08
-7.0482612e-08
-5.5570995e-08
-5.5572522e-08
-5.6306481e-08
-4.6017376e-08
-4.6029573e-08
-4.6202748e-08
-5.6600479e-08
-5.6583708e-08
-4.591509e-08
-4.6304698e-08
-4.6303548e-08
-5.6632243e-08
-5.6618278e-08
-4.6022945e-08
-4.6334944e-08
-4.6333849e-08
-5.6226426e-08
-5.6225801e-08
-4.6429876e-08
-4.6429685e-08
-4.6430674e-08
-3.7332706e-08
-3.7332794e-08
-3.7889298e-08
-3.2109387e-08
-3.2114879e-08
-3.2397206e-08
-3.8128315e-08
-3.8116837e-08
-3.2103226e-08
-3.2526599e-08
-3.2526253e-08
-3.8138074e-08
-3.8128975e-08
-3.2177055e-08
-3.25499e-08
-3.254997e-08
-3.7879928e-08
-3.7879444e-08
-3.2670398e-08
-3.2670949e-08
-3.2672029e-08
-2.8506137e-08
-2.8506499e-08
-2.885243e-08
-2.7104817e-08
-2.7106315e-08
-2.7322759e-08
-2.9012336e-08
-2.900486e-08
-2.7122361e-08
-2.7417787e-08
-2.7415921e-08
-2.9023861e-08
-2.9017871e-08
-2.7158261e-08
-2.7431064e-08
-2.7429684e-08
-2.8840383e-08
-2.884042e-08
-2.7513555e-08
-2.7512318e-08
-2.751321e-08
-2.682386e-08
-2.6827542e-08
-2.70552e-08
-2.7142879e-08
-2.71061e-08
-2.7156639e-08
-2.71153e-08
-2.6999629e-08
-2.7002976e-08
-5.536016e-07
-5.6317669e-07
-5.5440807e-07
-5.0515851e-07
-5.0400453e-07
-5.0712251e-07
-5.05652e-07
-5.3024415e-07
-5.3450652e-07
-5.2516786e-07
-5.0076988e-07
-4.9524999e-07
-4.9992572e-07
-4.9379546e-07
-5.5204782e-07
-5.574418e-07
-5.4729077e-07
-5.0843794e-07
-5.0522647e-07
-5.0657716e-07
-5.0335841e-07
-5.2428382e-07
-5.3343993e-07
-5.238183e-07
-4.9915266e-07
-4.9244781e-07
-4.9770012e-07
-4.9153907e-07
)
;

boundaryField
{
    GeoShaft
    {
        type            zeroGradient;
    }
    GeoTank
    {
        type            zeroGradient;
    }
}


// ************************************************************************* //
