/*--------------------------------*- C++ -*----------------------------------*\
| =========                 |                                                 |
| \\      /  F ield         | OpenFOAM: The Open Source CFD Toolbox           |
|  \\    /   O peration     | Version:  2206                                  |
|   \\  /    A nd           | Website:  www.openfoam.com                      |
|    \\/     M anipulation  |                                                 |
\*---------------------------------------------------------------------------*/
FoamFile
{
    version     2.0;
    format      ascii;
    arch        "LSB;label=64;scalar=64";
    class       volVectorField;
    location    "1";
    object      U;
}
// * * * * * * * * * * * * * * * * * * * * * * * * * * * * * * * * * * * * * //

dimensions      [0 1 -1 0 0 0 0];

internalField   nonuniform List<vector> 
936
(
(-0.0085298067 -0.016252258 -0.0050100643)
(-0.018688185 -0.00012518567 -0.0045335832)
(-0.00023544806 -0.00027159205 -0.00022660517)
(0.0041479679 -0.032350566 -0.007630889)
(-0.0050864695 -0.005438333 -0.0051038959)
(-0.00084769024 -0.0024672823 -0.0030292851)
(-0.000618118 -0.00043057742 -0.00047379891)
(-0.00058889297 -0.00426955 -0.0042755933)
(-0.001161791 -0.0017189508 -0.0026968948)
(-1.1031823e-05 -0.00071327561 -0.0020260486)
(-0.0014540739 0.00017606111 -0.0026701895)
(-0.00038053066 9.3738225e-05 -0.0025946926)
(6.8642374e-05 -4.1070047e-06 -0.00044808955)
(2.3401854e-07 0.00030104556 -0.0011444301)
(0.00075185953 0.00050681904 -0.0036539703)
(0.00032487972 0.00020852917 -0.0023747328)
(-0.003661967 -0.021153496 -0.089216504)
(0.011952075 0.0010532211 -0.036263646)
(0.0073023384 0.0054243562 -0.034534284)
(0.0030484726 0.0041261493 -0.011907416)
(0.00017852197 0.005686905 -0.095996948)
(0.023850541 -0.0025313793 0.0032655275)
(0.00058869869 0.0012021734 -0.012309588)
(0.0042773942 0.0057745566 -0.068313087)
(0.014046698 -5.0508585e-05 -0.046548559)
(-0.00039670655 -0.00026575904 -0.0009302817)
(-0.095720532 0.01942529 0.075047768)
(-0.092396601 0.011515849 -0.038352792)
(0.23247928 -0.43266403 2.7404288)
(-20.88698 0.70254127 -0.60339667)
(-19.452263 1.062526 1.5863982)
(13.514737 -2.0727406 -15.696816)
(-518.22793 43.464528 -16.083609)
(-617.74423 43.523968 44.503651)
(-471.61508 25.493126 -1.8401029)
(-414.56645 35.747326 -16.716124)
(-492.36542 34.571068 44.372284)
(-366.25019 18.471824 -10.63299)
(-302.69766 26.186996 -16.805692)
(-359.44613 25.210379 44.333821)
(-266.35819 13.297448 -12.576928)
(-188.66656 16.319474 -16.818898)
(-224.04209 15.701763 44.324462)
(-165.9967 8.2543225 -13.23836)
(-74.289787 6.4163791 -16.823331)
(-88.23156 6.169675 44.31873)
(-65.37641 3.2522836 -13.628558)
(40.115687 -3.4877616 -16.826738)
(47.613645 -3.3640328 44.314715)
(35.277488 -1.752815 -13.934196)
(154.54253 -13.394989 -16.832612)
(183.48157 -12.899623 44.308224)
(135.98778 -6.7346741 -14.427685)
(269.24899 -23.329917 -16.846782)
(319.6611 -22.44847 44.313125)
(236.91898 -11.712637 -14.993453)
(385.74927 -33.528299 -16.906117)
(457.82789 -32.071743 44.446634)
(338.74082 -16.612129 -14.065697)
(506.6557 -45.015266 -17.063271)
(601.08436 -41.71323 44.89346)
(441.08418 -20.421821 -2.7767687)
(22.49317 -0.81185956 -0.60209336)
(20.052751 -0.89801187 1.4522436)
(-13.46279 1.7219395 -14.615548)
(0.084159962 0.0034320064 0.065602895)
(0.11794796 -0.018839278 -0.050839657)
(-0.86931396 0.40434098 3.3981218)
(-0.00036362753 -0.0016640997 -0.0010194124)
(-0.0016060175 -0.0019560786 -0.0020886385)
(-0.00070849418 -0.0001745314 -0.0007955363)
(0.025116236 0.0808099 -0.26551028)
(-0.13279535 -0.060131813 -0.044577278)
(-0.007219851 -0.014349598 -0.023075727)
(-0.0019468609 0.00010099094 -0.0022772867)
(0.032606436 -0.033981738 -0.29455742)
(-0.14087039 0.0032802507 0.033978112)
(-0.0071713463 -0.001700012 -0.026709618)
(-0.030276074 0.0035412466 -0.030580356)
(-0.030515247 0.001384934 -0.026252425)
(0.00037533001 0.0010984168 -0.0027667667)
(-0.00028819762 0.0016538947 -0.0094488333)
(-0.0055943328 0.0023392858 -0.026720097)
(0.00063957474 0.00037071371 -0.0037175651)
(-0.035673646 -0.087637478 -0.3183334)
(-0.038079729 -0.063997691 -0.28588218)
(-0.0071855501 -0.029499693 -0.20308628)
(0.0023851854 0.0049907958 -0.021700301)
(-0.052423424 0.078835478 -0.33584012)
(-0.030408622 0.051899031 -0.3321173)
(0.039670009 0.054835722 -0.23068144)
(-0.050933839 -0.004259495 -0.26156304)
(-0.018907158 0.032157095 -0.25136333)
(-7.5470421e-05 -0.00072025729 -0.0068921817)
(0.0020146656 -0.0045681194 -0.011786615)
(-0.0016623583 0.003729703 -0.018306673)
(0.10481041 0.14510197 -0.44512845)
(9.3987796e-05 0.00013462344 -0.0037924074)
(0.00035621588 0.00021373722 -0.0043753097)
(-0.0059566986 -0.00076184801 -0.30416083)
(5.6681327e-05 0.0001215173 -0.0028163928)
(0.00016892853 6.6564701e-05 -0.0028488685)
(-0.0030446536 -0.0019554001 -0.21658563)
(7.0465498e-05 0.00019868581 -0.0020305489)
(0.00020375038 7.7741671e-05 -0.0020086794)
(-0.0028590743 -0.0026393972 -0.15244022)
(3.3069308e-05 0.00011872665 -0.0011273931)
(0.00011443381 4.2358504e-05 -0.0011115195)
(-0.0019977393 -0.0018718871 -0.087966518)
(2.7539136e-05 9.037803e-05 -0.00065636668)
(9.0707184e-05 2.980004e-05 -0.00064741234)
(-0.0013988487 -0.00137387 -0.049815786)
(1.3044887e-05 6.155626e-05 -0.00022872597)
(5.9789819e-05 1.7147231e-05 -0.00022942434)
(-0.0010320494 -0.00098539136 -0.018298355)
(5.590234e-06 5.1653859e-05 -1.6890357e-05)
(5.0509377e-05 7.4929821e-06 -2.0222474e-05)
(-0.00013922864 -0.00011700689 -0.00038183603)
(0.0016603903 -0.0022939323 -0.0012053898)
(-0.00022607519 -0.00056298262 -0.0020522896)
(-0.044026964 -0.049691649 -0.013612782)
(-0.030189121 -0.1424323 -0.020836432)
(-0.017467873 -0.033320908 -0.0085510376)
(-0.00059330107 -0.001397222 -0.004493564)
(-6.2903531e-05 -0.0037364083 -0.010495514)
(-0.013191649 -0.027246106 -0.10590753)
(-0.012248629 -0.019190722 -0.075339841)
(-0.00032226483 -9.511628e-05 -0.00033001912)
(-0.010305455 -0.012013472 -0.0048608884)
(-0.0032546182 -0.007461479 -0.0035450816)
(-0.0017878713 -0.00020956741 -0.004261342)
(4.9347588e-05 -0.0010606415 -0.00095715863)
(-0.010824521 -0.011857497 -0.047424117)
(-0.01095219 -0.010017251 -0.035381207)
(-0.00011926533 -0.00024339975 -0.00036296017)
(0.0003510876 -0.00031488944 -0.0010372702)
(0.0076859265 -0.013969286 -0.0025618798)
(-0.0006718653 -0.00066017991 -0.00051600707)
(7.81841e-05 -0.0041278273 -0.0021690588)
(-0.00032534198 -0.00041794119 -0.00080181021)
(-0.0053655639 -0.023891731 -0.054722667)
(5.8327436e-05 0.0020697357 -0.0053075027)
(-0.0046992079 -0.0049673042 -0.045282695)
(-0.0093712949 -0.01688761 -0.0066121995)
(-0.0062751264 -0.009651271 -0.0044129024)
(-0.0025200354 -0.0057245785 -0.0018834901)
(-0.0044662379 -0.019962131 -0.066932385)
(-0.010526868 -0.015525586 -0.057391293)
(-0.0060005337 -0.013500832 -0.053730621)
(-0.0067620854 -0.013329457 -0.054080538)
(-0.0031195719 -0.0020771078 -0.0033862113)
(-0.0022448729 -0.003560346 -0.0022392095)
(-0.0016116075 -0.001955068 -0.0031371171)
(-0.0065873563 -0.0093142227 -0.044091613)
(-0.0083140637 -0.0031107101 -0.034532251)
(-0.0036825623 -0.0085493363 -0.039880992)
(-0.002789309 -0.004790764 -0.030948032)
(0.00011951761 -0.0001467322 -0.00022450292)
(-0.00097123702 -0.00084669344 -0.0015139751)
(0.00024189976 -0.00026643521 -0.00040346683)
(0.0034436927 -0.0063343327 -0.03283023)
(8.3352678e-05 -8.0844765e-05 -0.00048610442)
(-0.00078391421 -0.0033652745 -0.027997607)
(0.00026252789 -0.00038614228 -0.0020650055)
(-0.0018082753 -0.002790996 -0.0024115732)
(-0.00030976395 -0.00018769629 -0.00029484876)
(-0.0029807664 -0.0029911045 -0.0041929631)
(-0.0039448421 0.0032554307 -0.0079550851)
(-0.0089459381 -0.0034703156 -0.042576836)
(-0.00022361728 -0.0004519534 -0.0011911841)
(-0.011009353 -0.0062193298 -0.043783381)
(-0.0016369545 -0.0026829384 -0.0023773299)
(-0.00016005976 -0.0024933672 -0.0035863016)
(-0.00072813454 -0.0018299613 -0.0036986898)
(-0.0050746244 -0.0055142594 -0.049212398)
(-0.0033010076 -0.0063190036 -0.048330699)
(-0.002860884 -0.0053729516 -0.042569389)
(-0.0016885582 -0.0035249905 -0.042721679)
(-0.0014336989 -0.0011214893 -0.0031449081)
(-0.00065067973 -0.0014016424 -0.0035674511)
(-0.0010423059 -0.000942656 -0.0028204876)
(-0.00051214857 -0.0046984778 -0.039170061)
(-0.0018068356 -0.0027443302 -0.029225275)
(0.0010650657 -0.0023210164 -0.034999904)
(-0.0021433931 -0.0012307024 -0.02891115)
(4.306402e-06 -0.00016664895 -0.00049895855)
(0.00073034786 0.0016337451 -0.0032881164)
(2.8833142e-05 8.3768658e-08 -0.00024702337)
(-0.0024994814 -0.0049775863 -0.027563231)
(0.00023212005 -0.00041566042 -0.0019756182)
(-0.0061080559 -0.0025488753 -0.026182911)
(0.00011875711 -9.9177027e-05 -0.00050283495)
(-0.00011456746 -3.9393257e-05 -0.00026338493)
(-0.00022316833 5.9216833e-05 -0.0011859265)
(-7.2364847e-05 -0.00030442606 -0.0022574175)
(-8.1098599e-05 0.00014034372 -0.00020308626)
(-0.0002670208 0.00086027503 -0.0012777995)
(-0.0077261085 -0.0016554236 -0.041548165)
(0.00029290542 -0.002798595 -0.040043037)
(-6.6058696e-05 4.9244939e-05 -0.0005416423)
(4.7189331e-05 9.4326309e-05 -0.0030214117)
(0.00030884847 -0.00010160385 -0.0019456354)
(-0.00021118929 9.361364e-05 -0.0012486423)
(-6.0168673e-06 5.6150235e-05 -0.00014211691)
(0.0018912451 -0.0017021688 -0.035729187)
(0.0023781843 0.0010182016 -0.02929579)
(0.00026848539 0.00024977953 -0.0025959668)
(0.0001943364 0.00035190844 -0.00054771239)
(-0.00076626853 -0.00022198067 -0.0011614051)
(0.00029872104 -0.00021520629 -0.0027586681)
(0.00070081591 -0.00029968384 -0.001780297)
(-0.00033401786 -0.00072159664 -0.0010376095)
(0.0056210223 -0.0043802415 -0.050774324)
(-0.0069341325 0.0053205596 -0.035594108)
(0.00028015888 0.00029230998 -0.0004868658)
(-4.5291102e-05 4.8958055e-05 -0.00011787454)
(0.0093182941 0.0092221986 -0.0057228295)
(0.0042724963 0.0068784518 -0.0051259989)
(0.00066773601 0.00038133861 -0.0019210174)
(0.00030474614 0.00074552765 -0.00077046515)
(-8.8830498e-05 -0.010692482 -0.080881756)
(0.0026737104 -0.001302487 -0.0068748277)
(-0.0090750831 -0.014229834 -0.095976121)
(0.00010529902 0.0002216379 -0.0002745442)
(3.8129503e-05 -0.0059667597 -0.01263301)
(-9.5850726e-06 -0.00048245318 -0.0012276498)
(-0.011603499 -0.010427461 -0.013869501)
(-0.00010831947 2.4708565e-05 -0.00042585262)
(0.002090944 0.0011345517 -0.021671627)
(-6.0777317e-05 6.0585654e-05 -0.0013174044)
(-0.0015064004 0.0075432061 -0.0028472981)
(-0.0001100728 8.8822972e-05 -4.8307406e-05)
(-0.015357374 0.01197685 -0.0010443763)
(-0.00027155862 0.00047999081 -3.5513436e-05)
(-0.011215348 0.0062112016 -0.093949863)
(0.00042277825 -0.00024769027 -0.0011315794)
(-0.0025435735 0.00011361445 -0.079185999)
(0.00018167527 0.00039038218 -0.0012644976)
(-0.0098232895 0.0087809345 -0.014695965)
(0.00013897877 7.1317247e-06 -0.00029498746)
(-0.00032403159 0.0090733445 -0.015447994)
(0.008931673 -0.0049829715 -0.037133448)
(0.00086811568 -0.00071841483 -0.0033668166)
(0.00028930118 0.0002729312 -0.0008769141)
(0.0044942288 -0.015403864 -0.0066173509)
(0.0091789222 -0.0089600975 -0.0064636686)
(0.00046993527 -0.00013540676 -0.00064835271)
(8.3428799e-05 9.4369046e-06 -0.0002213686)
(9.3500821e-05 -0.0017299409 -0.00051264758)
(-0.11857458 0.0062690298 -0.0089529858)
(-0.12656702 -0.0065283804 -0.047551161)
(0.79643106 0.20329253 0.0027197064)
(-1.20489 0.0023207315 -0.074156824)
(-1.1466989 -0.013166608 -0.30125227)
(3.020484 0.21989554 -2.424351)
(0.33550059 0.56313045 2.8440503)
(-0.10548719 0.010714116 0.13004687)
(-1.1297109 0.026570172 0.16304301)
(2.7220666 1.114162 7.9113895)
(-1.0989865 0.044129789 0.42596829)
(0.80446043 0.2046578 0.011589871)
(-0.066447687 -0.00069206833 -0.0033009714)
(-1.0416111 0.052404953 -0.29248965)
(2.8304965 0.19108927 -2.4834904)
(-0.91866797 0.0063054246 -0.088913975)
(-0.1049177 -0.023397166 0.11689546)
(-0.085464893 -0.006303135 0.089663897)
(2.1410554 -0.28490067 7.3753592)
(-0.84910334 -0.040155572 0.41979891)
(-0.75008661 0.0019204215 0.16311731)
(0.10376988 -0.0096985904 -0.023131723)
(0.14676397 0.0070006882 -0.079514819)
(-1.7300504 -0.39201198 -0.58033905)
(0.0072676387 0.004064829 -0.0032744749)
(-0.00083474453 -0.0047747959 -0.057732101)
(0.0058857448 0.029471162 -0.084036658)
(-0.4190766 -0.044430418 -0.27649159)
(-1.0573089 -0.53017105 3.4131807)
(0.118923 -0.017870539 0.14519975)
(-0.0010052087 -0.0082497306 0.072279814)
(0.0045158894 -0.0044372853 0.00095506018)
(-0.13986042 -0.38697691 0.92885246)
(0.0031925725 -0.054694012 0.11413029)
(-1.4556758 -0.24067289 -0.40842409)
(0.094307251 0.0093911592 -0.015061109)
(-0.0012632642 -0.044268627 -0.064823443)
(-0.42308168 -0.12881785 -0.16240092)
(0.003254691 -0.0031868783 -0.0026383385)
(-0.021364174 -0.0067828043 -0.026599654)
(0.11501097 0.020843443 0.10662366)
(0.10359706 -0.0041200768 0.075190883)
(-0.10168508 0.27658372 0.84882489)
(-0.0011190803 0.052521605 0.10798394)
(0.0019897107 -0.00084782261 0.074122471)
(0.0045625675 0.0036012813 0.0011880725)
(-0.0048560606 0.00099846246 -0.0078683659)
(0.0019932511 0.0013458954 -0.01779085)
(-0.0012290143 -0.0028067887 -0.0023772198)
(-0.0062293524 0.0068368907 -0.025415733)
(-0.021167293 -0.0090130848 -0.034441634)
(-0.0015369557 -0.0058359982 -0.0051216853)
(-0.0032373303 -0.012180368 -0.018301612)
(-0.0010728867 -0.054032268 -0.26594329)
(-0.030414294 -0.041372756 -0.27949791)
(0.00016888975 -0.0017124515 -0.0031571885)
(0.00035279168 -0.00093552901 -0.0064886914)
(-0.013878949 -0.0055183807 -0.027939612)
(-0.0018578838 1.654289e-05 -0.002270509)
(-0.0091970182 0.0058001273 -0.035980136)
(-0.0013429973 0.00020906848 -0.0040778894)
(-0.00033036201 -0.008594354 -0.29111054)
(-0.006243489 0.0028331015 -0.018725424)
(-0.008674978 0.043121748 -0.28708109)
(0.00015961896 -0.00044143046 -0.00064921901)
(-0.0095652356 0.0030146538 -0.027527017)
(0.00056982878 0.00074068619 -0.0019141818)
(0.0031062052 -0.049502722 -0.2095174)
(0.00031200608 -0.0016756479 -0.0049726857)
(0.009242455 0.0088888868 -0.21358391)
(0.0020776398 0.0028267648 -0.015060741)
(0.0011782604 -0.00018967039 -0.0016219644)
(0.0015214702 0.009218058 -0.037733933)
(0.00060185662 0.00017391389 -0.00052960317)
(0.0072226396 -0.00041887268 -0.21364825)
(-0.00010466795 -0.0011744111 -0.037057763)
(0.02567935 0.054828541 -0.20373612)
(0.0031050831 0.0022409402 -0.0032031262)
(-0.0019069005 0.0026758482 -0.0040410466)
(-0.0040972099 0.0023048775 -0.0087713903)
(-0.037615141 -0.0051973642 -0.032625097)
(-0.00013456551 -0.0007908225 -0.0013420963)
(-0.0033088937 0.0015882026 -0.0035552101)
(-0.12452148 0.01352245 -0.29166618)
(-0.076283453 0.0040979101 -0.26165646)
(-0.00040360129 -0.00068774402 -0.0031731823)
(-0.005611609 0.003549509 -0.019424577)
(0.0050499572 0.0010724753 -0.0086449875)
(0.00099921977 0.0011997606 -0.0051903906)
(-0.013446243 -0.0060382705 -0.050430375)
(-0.0095158811 -0.057354383 -0.25099457)
(-0.051525867 -0.062958939 -0.25743944)
(-0.00032136838 0.0031107608 -0.0029771316)
(-0.0048804661 0.0024738578 -0.0065977582)
(-0.0101799 -0.018044503 -0.021669447)
(-0.015575362 -0.026736747 -0.043828835)
(-0.0005684441 0.00047011882 -0.0043630418)
(-0.04117314 -0.042203411 -0.25325209)
(-0.026584327 -0.00089297549 -0.22186881)
(0.0005093629 0.0015984808 -0.0074212587)
(1.8928151e-05 0.0014374206 -0.0035325582)
(0.0040406361 -0.030211581 -0.040334641)
(0.0073964286 -0.011365288 -0.02228854)
(-0.0007439791 -0.00090236031 -0.0076692914)
(-0.00030891575 0.00065179837 -0.0046721387)
(0.030124948 -0.0072630848 -0.26637142)
(0.0013957242 0.00099010226 -0.023112493)
(-0.034465193 0.0040237243 -0.28264664)
(0.00080909212 -0.00021185656 -0.0016049039)
(-0.0046099794 -0.013702907 -0.026514262)
(-0.0016152733 -1.3301442e-05 -0.01257156)
(-0.029025003 -0.017710777 -0.027568324)
(-0.034437455 -0.077624243 -0.30568758)
(-0.039635375 -0.0096043459 -0.34542106)
(-0.028835049 -0.017056443 -0.36520692)
(-0.043171773 -0.063248359 -0.042244904)
(-0.061082725 -0.21319733 -0.2917699)
(-0.12652935 -0.077677865 -0.34876417)
(-0.084370205 -0.09880098 -0.4238292)
(-0.015359627 -0.067527169 -0.25398758)
(-0.035148798 -0.0097688395 -0.33775397)
(-0.012309724 -0.0011234902 -0.28626816)
(0.072861434 -0.2045892 -0.2715185)
(0.037077645 -0.052027169 -0.040570062)
(0.097327363 -0.093043632 -0.39409817)
(0.11181071 -0.069781264 -0.29462674)
(-0.00074023297 -5.676296e-05 -0.0033880264)
(0.032972835 0.015625548 -0.2319744)
(-0.0047850506 0.0027441023 -0.018027504)
(0.007904032 -0.0085299256 -0.019122029)
(-0.00058406389 1.6892258e-05 -0.0013342153)
(0.030295441 -0.0087445051 -0.024301935)
(0.00041547922 0.0022100895 -0.0086059784)
(-0.037707738 0.068888511 -0.26850047)
(0.0011494784 0.0012708537 -0.0043375681)
(-0.0021947455 0.081645006 -0.22554684)
(-0.0032485196 0.0058133167 -0.011817941)
(-0.030081312 0.024420305 -0.029228672)
(0.00070148336 8.4858258e-05 -0.001843922)
(-6.0003946e-05 0.01380446 -0.028558868)
(-0.032116168 0.059387752 -0.35418807)
(-0.078929696 0.11159667 -0.29832576)
(-0.050235399 0.070588926 -0.29205713)
(-0.11415049 0.13588182 -0.35372494)
(-0.071530623 0.17705911 -0.41507303)
(-0.034693426 0.052061442 -0.03888369)
(-0.044427531 0.20499235 -0.28955952)
(-0.0031627564 0.055590398 -0.28107803)
(-0.019977178 0.064077435 -0.27713153)
(0.024115199 0.082507622 -0.24326185)
(0.087634187 0.16913644 -0.40541691)
(0.11612598 0.13172595 -0.30895026)
(0.080095092 0.20985998 -0.28592727)
(0.049559501 0.066372015 -0.051554872)
(-0.0034669021 0.0040973887 -0.016689337)
(0.038242476 0.061042344 -0.20242263)
(0.0058200441 0.0069101825 -0.0074967566)
(0.033703364 0.026996781 -0.025182499)
(0.001991838 0.0041628904 -0.0082122075)
(0.0054405613 0.021038833 -0.022702526)
(0.00068915758 0.00094088903 -0.0011278908)
(-0.0077348648 0.0033838979 -0.021037571)
(-0.00047293492 -0.000689858 -0.0057927369)
(-0.060290292 0.031406649 -0.25006239)
(-0.0015956944 0.0012362785 -0.0057286295)
(-0.0033651419 -0.0023942278 -0.017628798)
(-0.0034075081 0.02229362 -0.026044614)
(-0.014505633 0.034791648 -0.051687264)
(-0.00026387132 0.0001393172 -0.0039971624)
(-0.0018825566 -4.6573203e-05 -0.0070712592)
(-0.012345123 0.014378805 -0.19149202)
(-0.0010951278 -0.00082285119 -0.018234692)
(7.4552305e-06 -0.0001344497 -0.0033532141)
(0.0090621537 0.036799845 -0.026553093)
(0.01649345 0.019586338 -0.018571829)
(0.0017037122 0.0018351342 -0.0054014784)
(0.0011041593 -0.00052681363 -0.0021737594)
(-0.00089884788 0.0012133563 -0.0046439938)
(-0.00036488364 0.0014703885 -0.0057437187)
(-7.6933036e-05 -0.0092002634 -0.083890292)
(-0.0024642133 -0.013695682 -0.085987217)
(-7.9226608e-05 0.00014933072 -0.00026733479)
(0.0001609085 0.00040049135 -0.0010437397)
(0.00251281 -0.0070682981 -0.0092364004)
(0.0038783336 -0.0082189538 -0.011325017)
(0.0018997624 -0.015062119 -0.083783421)
(-0.0015698582 -0.01604315 -0.10204002)
(0.016125979 -0.0090929034 -0.083232558)
(-0.0004680374 -0.034787207 -0.041707756)
(0.048875977 -0.025122029 -0.13381164)
(0.018375851 -0.077316415 -0.26193515)
(0.13352568 -0.0042252985 -0.061295538)
(0.0048519107 0.0069003206 -0.030242799)
(0.021837422 -0.00013300382 0.0044106765)
(0.006282931 0.0026292506 0.0003218021)
(0.015177886 0.12422583 0.26873155)
(0.0082419009 0.044437945 -0.0056255186)
(-0.024478306 0.21243144 0.54309111)
(-0.056588242 0.15050133 0.47587736)
(0.017019765 0.0035374234 -0.074259367)
(-0.0016350461 0.011730632 -0.080102089)
(0.011843601 0.0079298109 -0.063967753)
(0.032169037 0.081639857 -0.24335747)
(0.15590371 0.028380023 0.012294585)
(0.014592412 0.035806866 -0.037961141)
(0.096576866 0.034004917 -0.016712059)
(0.0092052071 -0.0014697313 7.4137344e-05)
(0.02000168 -0.0014116594 -0.019391907)
(0.010826096 -0.0041789312 -0.019549761)
(-0.018457678 -0.17354367 0.46654006)
(-0.039743737 -0.13892729 0.39546821)
(-0.012771477 -0.12523704 0.31717363)
(0.012583068 -0.044296683 0.00076010225)
(0.00020522592 8.8412162e-06 -0.0008828289)
(-0.002644245 -0.0044010712 -0.018198831)
(7.4649862e-05 -9.6617146e-05 -0.00031799878)
(-0.01100826 -0.0024075507 0.00098225507)
(-0.00015069847 3.2308278e-05 0.00010166131)
(-0.0013080975 -0.014274178 -0.00070268332)
(-5.3538939e-05 -5.8574266e-05 -1.7044417e-06)
(0.00030730867 3.6515195e-05 -0.0023814693)
(0.00099057873 0.00019071679 -0.0016042073)
(0.0072155034 0.0078959577 -0.061406781)
(7.7669925e-05 -0.00028924862 -0.00088283427)
(0.00064350184 -0.0010778667 -0.0040951407)
(0.0095567618 0.0053949226 -0.007779354)
(0.008403823 0.0048984549 -0.0071112027)
(0.00012571047 -0.00014356416 -0.00022422251)
(0.00053627856 -0.00028484327 -0.0006904607)
(-21.306991 -0.81866304 0.79421319)
(-20.219049 -0.94222901 1.5265695)
(12.363877 -3.5905682 23.264079)
(-549.36102 -48.162113 17.68076)
(-656.42104 -40.654354 45.91611)
(-538.78677 7.6410884 38.885599)
(14.165204 2.3255638 -13.403747)
(-23.19262 1.2625003 -1.9235352)
(-539.78515 38.963224 -14.791407)
(-555.85883 -13.53611 -26.958002)
(-642.82651 45.070262 -39.812388)
(10.995416 0.17500829 23.746706)
(-18.606675 0.67596434 0.73681296)
(-651.9562 42.409557 46.919502)
(-539.93305 -3.41371 38.179954)
(-548.83125 47.717789 16.64568)
(-24.189582 -1.3801502 -2.1038103)
(-21.395318 -0.81205432 -0.61258499)
(-565.52163 18.378213 -25.996812)
(-632.76233 -47.79276 -40.973413)
(-536.45716 -40.960564 -15.884602)
(-524.15377 -45.937124 17.520131)
(-621.81273 -42.206766 44.256295)
(-464.70575 21.91748 8.9632065)
(-472.20485 -40.934484 17.373153)
(-559.84615 -38.719672 44.194872)
(-420.34766 19.67818 13.363517)
(-479.70137 -24.754423 -2.6828092)
(-614.85708 43.871676 -41.290835)
(-470.77857 39.651135 -16.808321)
(-419.92123 -21.147373 -8.3165784)
(-557.47901 38.984004 -43.045077)
(-471.23123 -21.431044 8.0431912)
(-519.38839 45.887242 17.260383)
(-558.93783 38.712412 44.444099)
(-416.89833 -18.948126 13.202904)
(-470.55769 40.412212 17.532095)
(-616.39703 -44.834895 -41.905422)
(-520.55874 -43.321764 -16.787784)
(-425.96192 21.125296 -8.1622789)
(-554.16254 -39.586025 -42.700255)
(-467.22552 -39.810541 -16.425233)
(-417.23825 -35.65406 17.415574)
(-494.83499 -34.119104 44.29409)
(-369.39583 16.559504 15.299933)
(-361.56543 -31.049298 17.25128)
(-428.77954 -29.889871 44.061496)
(-321.15228 14.802643 15.464378)
(-375.22546 -18.878345 -12.20753)
(-490.72863 34.883461 -43.22662)
(-361.1237 30.684866 -17.035442)
(-319.155 -15.712332 -13.02426)
(-427.37805 29.923309 -43.589882)
(-374.25565 -17.82937 14.918687)
(-413.65856 35.946869 17.687736)
(-428.40123 29.591723 44.293873)
(-318.46232 -14.708452 15.587875)
(-360.51607 30.763665 17.602726)
(-493.79193 -34.640076 -43.544763)
(-416.66843 -35.423521 -16.998651)
(-322.92291 15.718199 -12.53518)
(-425.54878 -29.949434 -43.198453)
(-358.64099 -30.856469 -16.546565)
(-304.45587 -25.917744 17.361941)
(-361.14397 -24.988041 44.241709)
(-269.35125 11.945357 15.608022)
(-247.40101 -21.222232 17.221186)
(-293.41518 -20.48904 44.034877)
(-219.7283 10.090602 15.172508)
(-273.12549 -13.706278 -14.224792)
(-358.25135 25.507336 -43.417763)
(-247.17442 21.011648 -17.075956)
(-218.22553 -10.679377 -14.141309)
(-292.50846 20.486509 -43.657408)
(-272.94727 -13.083501 15.32048)
(-301.92453 26.179354 17.704655)
(-293.20835 20.229677 44.273183)
(-217.89848 -10.082031 15.355956)
(-246.73546 21.02232 17.597296)
(-360.73772 -25.132056 -43.734217)
(-304.33869 -25.9768 -17.067723)
(-220.65013 10.717056 -13.599866)
(-291.3876 -20.44375 -43.270387)
(-245.56635 -21.157188 -16.58345)
(-189.74128 -16.154144 17.348872)
(-225.08261 -15.58998 44.228684)
(-167.92183 7.4111063 15.267993)
(-132.34251 -11.365859 17.213907)
(-156.9679 -10.977398 44.027136)
(-117.5966 5.391031 14.835972)
(-170.24786 -8.5043075 -14.886135)
(-223.29838 15.899192 -43.437223)
(-132.25625 11.231882 -17.081976)
(-116.77364 -5.7082044 -14.588516)
(-156.52468 10.955133 -43.664825)
(-170.17645 -8.1437147 14.989139)
(-188.18691 16.304765 17.69871)
(-156.89161 10.810493 44.265881)
(-116.6155 -5.4078979 15.016176)
(-132.03229 11.236304 17.590996)
(-224.89712 -15.647885 -43.755713)
(-189.73267 -16.201977 -17.082859)
(-118.02722 5.72381 -14.031335)
(-155.96896 -10.932973 -43.278637)
(-131.44879 -11.321328 -16.591063)
(-74.694331 -6.3798991 17.343438)
(-88.621938 -6.1581263 44.222769)
(-66.228901 2.8393218 14.903221)
(-17.176847 -1.5044514 17.208791)
(-20.3933 -1.456072 44.021808)
(-15.344239 0.69927739 14.473583)
(-67.109184 -3.3661432 -15.279044)
(-87.945412 6.2549837 -43.441812)
(-17.22841 1.4444535 -17.08653)
(-15.209173 -0.74318814 -14.949117)
(-20.414408 1.4132367 -43.669126)
(-67.10062 -3.2206399 14.625584)
(-74.11353 6.4116905 17.693236)
(-20.445443 1.3851167 44.260591)
(-15.204565 -0.73773719 14.660131)
(-17.220945 1.445584 17.585939)
(-88.610859 -6.1650302 -43.760573)
(-74.756265 -6.386001 -17.088081)
(-15.302537 0.74199174 -14.397988)
(-20.408816 -1.4208919 -43.28309)
(-17.211763 -1.4731497 -16.595822)
(40.381871 3.3964312 17.339603)
(47.873589 3.2758354 44.2188)
(35.543448 -1.691643 14.609393)
(97.999851 8.3573685 17.204959)
(116.19346 8.0658417 44.017878)
(86.909852 -4.0129735 14.17042)
(36.082627 1.7981092 -15.575327)
(47.440708 -3.3924594 -43.445362)
(97.810152 -8.3438796 -17.089776)
(86.368761 4.1768905 -15.26743)
(115.70822 -8.1298166 -43.672851)
(36.043991 1.7110732 14.32647)
(39.988138 -3.4828227 17.689073)
(116.01285 -8.0410638 44.256542)
(86.196544 3.9201776 14.340915)
(97.600938 -8.3456056 17.58138)
(47.712034 3.3178524 -43.76422)
(40.251008 3.4324981 -17.091937)
(87.433629 -4.2501178 -14.700314)
(115.16432 8.0914403 -43.286611)
(97.036447 8.3757922 -16.599547)
(155.47995 13.172661 17.332534)
(184.39244 12.710771 44.21212)
(137.26166 -6.3092227 14.123206)
(213.26082 18.224167 17.192974)
(252.87557 17.591945 44.00931)
(189.23439 -8.7394604 13.502973)
(139.28271 6.8827673 -16.07295)
(182.85108 -13.040783 -43.451343)
(212.93429 -18.139359 -17.100188)
(188.04226 9.0718684 -15.945327)
(251.92491 -17.677574 -43.683112)
(139.15882 6.6064193 13.838828)
(154.1121 -13.378691 17.682192)
(252.56522 -17.47138 44.248769)
(187.67946 8.5648744 13.707382)
(212.50868 -18.142806 17.572816)
(184.0601 12.802445 -43.770128)
(155.28159 13.2523 -17.097821)
(190.26578 -9.2303642 -15.390439)
(250.83791 17.607931 -43.297167)
(211.37481 18.232057 -16.608196)
(270.85375 22.969373 17.319239)
(321.23221 22.156849 44.213207)
(239.36436 -10.749923 13.598489)
(329.29168 28.153143 17.176898)
(390.46618 27.147286 44.042325)
(292.26994 -13.188062 13.404137)
(242.80136 12.068448 -16.672952)
(318.56648 -22.708092 -43.469107)
(328.85779 -28.024314 -17.128861)
(290.37662 14.156799 -16.103511)
(389.00624 -27.271528 -43.725774)
(242.66586 11.546067 13.360034)
(268.51412 -23.300227 17.679778)
(389.99763 -26.931978 44.289204)
(289.96811 13.276623 13.692123)
(328.20938 -28.016847 17.586965)
(320.73696 22.293556 -43.787039)
(270.60106 23.098499 -17.105248)
(293.57764 -14.148095 -15.533567)
(387.46805 27.142947 -43.338371)
(326.54607 28.179824 -16.616418)
(387.95578 32.90634 17.292551)
(460.15718 31.640966 44.321624)
(342.50697 -14.887227 13.909638)
(448.56187 38.406537 17.100061)
(532.1159 36.728842 44.313179)
(396.97576 -16.748404 13.369191)
(347.66093 17.338091 -15.860278)
(456.21502 -32.495667 -43.571732)
(448.2618 -38.514336 -17.278366)
(395.04816 19.364052 -12.393246)
(529.76291 -37.077917 -43.965741)
(347.47414 16.568934 13.893752)
(384.70152 -33.436834 17.737004)
(531.22273 -36.491499 44.607287)
(394.66483 18.399105 14.016954)
(447.33776 -38.377922 17.718612)
(459.57152 31.779592 -43.879418)
(387.76054 33.167671 -17.106353)
(397.89867 -18.88603 -11.693806)
(528.45062 36.622207 -43.554281)
(445.31209 38.653426 -16.598055)
(508.92432 43.44431 16.969475)
(604.9047 40.877156 44.68088)
(447.33212 -16.201527 10.178834)
(547.02983 45.937471 16.180747)
(655.8347 40.563433 46.451773)
(526.73333 -4.9026464 37.909191)
(456.26333 23.12056 -4.5290443)
(598.60636 -42.636038 -43.7741)
(547.90722 -47.435556 -17.6056)
(535.93839 6.8221726 -30.844231)
(647.34449 -43.480279 -45.969494)
(455.05303 21.689911 9.9454779)
(505.37566 -44.612193 17.909982)
(651.26651 -40.96125 46.953869)
(531.25729 7.4058731 37.697913)
(545.91324 -46.345765 18.119178)
(604.62855 40.845187 -43.986466)
(509.3146 44.142295 -16.825084)
(528.55896 -6.6235544 -30.516318)
(652.69555 41.172887 -45.273029)
(544.73691 46.624705 -15.418258)
(22.473199 0.99832735 0.79865256)
(19.979558 1.1293835 1.3817933)
(-11.569271 2.5320264 19.695849)
(1.1447878 0.018194296 -0.074446091)
(1.1204607 0.048681307 -0.32339353)
(-4.4160217 -0.81153864 -2.6519161)
(-8.3962395 0.79845167 -13.913437)
(19.207495 -1.0192652 -1.1613338)
(1.1822904 -0.0028135532 0.20271038)
(-3.8196743 -0.62573432 8.7306288)
(1.1279705 -0.042384791 0.42972062)
(-9.1011088 -3.0079841 20.013125)
(22.062937 -0.76013279 0.89313595)
(1.1895069 -0.03556717 -0.31092447)
(-4.4584246 -0.42746321 -2.3353141)
(1.1635788 0.0082098443 -0.07187614)
(20.480179 0.97313799 -1.2513533)
(23.342181 0.90836648 -0.56956894)
(-3.109366 0.1198589 8.5982623)
(0.98792936 0.022599264 0.4252255)
(1.0154827 0.0016237126 0.19665889)
(-9.6068534e-05 -0.0004492048 -0.00044849698)
(-0.035507459 -0.0059773888 -0.029088936)
(-0.011942177 -0.012476815 -0.021728406)
(-0.0056564949 -0.0096095635 -0.016916151)
(-0.0005152506 -0.0013337131 -0.0029107266)
(-0.067373475 -0.045509571 -0.24195247)
(-0.03528374 -0.034867871 -0.21508463)
(-0.0026477307 -0.0037731449 -0.035698415)
(-0.00058089307 0.00014685065 -0.00067030459)
(-0.024425827 0.018853418 -0.047247445)
(-0.0056819945 0.0037797651 -0.01858843)
(-0.023922751 0.048742238 -0.27077839)
(-0.00060659321 0.0016141082 -0.0044877974)
(-0.060464518 0.092794054 -0.26010101)
(-0.015477918 0.003693253 -0.022983566)
(-0.0010853633 0.00038710695 -0.0015111047)
(-0.00011179999 0.0002430715 -0.0004227419)
(-0.056813882 -0.0034907088 -0.23988839)
(-0.023141787 0.001611543 -0.19093273)
(-0.003134072 0.0034637195 -0.016346527)
(-0.00018334378 0.00071745905 -0.0024170139)
(0.0013992856 -0.00018672803 -0.0055189836)
(-0.00041105609 -0.0052604611 -0.015616804)
(-0.0019117793 -0.0015418498 -0.017398866)
(-0.056973323 -0.081517629 -0.44750626)
(6.7581121e-06 -0.00084873628 -0.006750473)
(-0.00029201473 -0.00053636432 -0.0084175473)
(0.0036370335 -0.013510938 -0.39296885)
(0.12411679 -0.092643642 -0.42959807)
(0.003106625 -0.0020803062 -0.015714371)
(0.00012928899 -0.00073411329 -0.0060384938)
(0.01710049 -0.0065082714 -0.38381525)
(0.00047800025 -0.00028933536 -0.0076573785)
(-0.067778646 0.15678027 -0.45935879)
(-0.00017173774 0.0053852046 -0.01594546)
(2.3621539e-05 0.00036823634 -0.0083239548)
(0.014695854 0.028607044 -0.40726663)
(6.5523587e-05 0.00096012262 -0.0071138365)
(0.0033420666 0.0020572348 -0.01638849)
(0.0020533021 0.0076434936 -0.016434949)
(0.014900325 0.022467101 -0.38328819)
(0.00052216966 0.00042191936 -0.0078693446)
(0.00037278024 0.0011659529 -0.007510214)
(6.6617051e-05 9.8225304e-05 -0.0037665524)
(0.00032743872 9.1204495e-06 -0.0045007316)
(0.021859523 0.016771052 -0.31177575)
(-2.3318721e-05 -5.5049105e-05 -0.0031011129)
(5.9059002e-06 -0.00012423804 -0.0034040945)
(0.0016229658 -0.0004539968 -0.25377853)
(0.00744626 0.0089287384 -0.30378545)
(4.7753636e-05 -0.00021580221 -0.004009594)
(-2.3500244e-05 -1.4249717e-05 -0.0031027026)
(0.0017014657 0.0013699899 -0.25070887)
(2.2214023e-05 -2.1038703e-05 -0.0032535695)
(0.013408468 0.0126591 -0.31794897)
(-0.00017309863 0.00017166429 -0.0038503723)
(0.00013320182 -5.3397754e-05 -0.0033847195)
(0.0080094425 0.0041674889 -0.25789583)
(-9.2812964e-06 6.3003445e-05 -0.0031979646)
(6.8404695e-05 -0.00011287372 -0.0041610722)
(-0.00019166141 0.00019837477 -0.0039710306)
(0.00062393589 0.0021023259 -0.24790252)
(2.4379657e-05 2.3792419e-05 -0.0032866949)
(-6.8983524e-06 6.4132611e-05 -0.0031852596)
(2.1140111e-05 0.00012081191 -0.0028129233)
(0.00014062296 -8.974308e-07 -0.0028924307)
(0.0093575259 0.0093079159 -0.21903292)
(-6.1569818e-05 -4.9660339e-06 -0.0024813202)
(-5.5153517e-06 -2.9086848e-05 -0.0024724315)
(6.3926368e-06 0.00079360305 -0.18859357)
(0.0028651826 0.0049236722 -0.2175515)
(1.2355975e-05 -9.1165468e-05 -0.0028238135)
(-4.9068195e-05 6.2637426e-05 -0.0024699887)
(0.00088973976 0.0050180896 -0.1872737)
(7.3593372e-06 2.1033333e-05 -0.002432953)
(0.0063523175 0.0045455188 -0.21976818)
(-9.914379e-05 2.7500773e-05 -0.0028263328)
(4.0951677e-05 -1.2366361e-05 -0.0024598768)
(0.0029460534 0.0016397759 -0.18830274)
(5.873452e-06 1.124798e-05 -0.0024649258)
(2.1340964e-05 -6.8911475e-05 -0.0028410627)
(-9.0172012e-05 3.6164077e-05 -0.002816221)
(0.00063838953 0.0014216786 -0.18699873)
(7.3300284e-06 3.0867588e-05 -0.0024403867)
(1.1500747e-05 1.1699064e-05 -0.0024541998)
(3.3193872e-05 0.00018264726 -0.0020516397)
(0.00017711173 2.2326619e-05 -0.002022202)
(0.012177891 0.012312995 -0.15377505)
(-2.0739371e-05 7.7668998e-05 -0.0014847175)
(7.2221284e-05 -1.229531e-06 -0.0014574748)
(0.0051178015 0.005575863 -0.11465933)
(0.0035361036 0.0087907743 -0.15287577)
(-9.8170665e-07 -7.4484302e-05 -0.0019872045)
(-2.2536739e-06 0.00012664434 -0.0014926645)
(0.0018876089 0.0089376682 -0.11547033)
(-1.381755e-07 3.780634e-05 -0.0015008346)
(0.0089310162 0.0044490868 -0.15324554)
(-7.8162556e-05 6.82485e-07 -0.0020185738)
(0.00010490768 2.3054799e-05 -0.0014644289)
(0.0073562393 0.0024046646 -0.11551966)
(2.8696859e-05 1.1057153e-07 -0.0015235346)
(8.3344711e-06 -7.1607029e-05 -0.0019861594)
(-7.606059e-05 9.4689625e-06 -0.0020080071)
(0.001100049 0.0014549646 -0.11460362)
(2.156115e-07 3.8139459e-05 -0.0014929876)
(2.8698426e-05 7.1178191e-07 -0.0015120922)
(1.4506695e-05 0.00010329854 -0.0011295329)
(9.8944356e-05 1.4871388e-05 -0.001108274)
(0.0067925033 0.0069340371 -0.086895146)
(-1.4149585e-05 2.8502873e-05 -0.00087694124)
(2.5686906e-05 -2.7653659e-06 -0.00086048517)
(0.0018596536 0.0021166584 -0.067158596)
(0.0018818333 0.005008311 -0.087434576)
(-3.4855131e-06 -4.7039765e-05 -0.0011365824)
(-9.5320665e-06 5.6735944e-05 -0.00087624789)
(0.00066347183 0.003949177 -0.067370332)
(-2.7677857e-06 1.7890965e-05 -0.00087458691)
(0.0046822515 0.0023691739 -0.087528392)
(-4.9674489e-05 -3.2363094e-06 -0.0011545205)
(4.4165396e-05 3.527337e-06 -0.00086323929)
(0.003069479 0.00087132854 -0.067421685)
(1.36165e-05 -2.9152739e-06 -0.00088761922)
(2.2062174e-06 -4.8300459e-05 -0.0011449147)
(-5.0981856e-05 2.2004682e-06 -0.0011600687)
(0.00034901018 0.00051571575 -0.066821789)
(-2.6657865e-06 1.5485452e-05 -0.0008691542)
(1.1058359e-05 -2.6767195e-06 -0.00088025153)
(1.6425875e-05 8.0856803e-05 -0.00066195901)
(7.7607606e-05 1.1634604e-05 -0.00065071572)
(0.0053744302 0.0054085981 -0.050012734)
(-2.4378091e-06 4.2993295e-05 -0.00041166705)
(4.0552951e-05 5.2567861e-06 -0.00040620798)
(0.0028586688 0.0030250224 -0.032379741)
(0.0013949313 0.00398545 -0.049907205)
(-4.9290196e-06 -2.976472e-05 -0.00064625614)
(2.4013106e-06 6.1692573e-05 -0.00041576188)
(0.00079469968 0.0044095844 -0.03266189)
(-3.0720691e-06 2.1305562e-05 -0.00042090139)
(0.0040192275 0.0017121541 -0.049910685)
(-3.0118113e-05 -4.959024e-06 -0.00065424204)
(5.2678285e-05 1.2733484e-05 -0.00040892817)
(0.0037635962 0.0010008439 -0.032635512)
(1.7608516e-05 -3.387784e-06 -0.00042372968)
(-9.5794482e-07 -3.3506842e-05 -0.00064605732)
(-3.3890859e-05 -1.2415085e-06 -0.00065339335)
(0.00043992884 0.00056871752 -0.032293876)
(-2.9252851e-06 1.7016655e-05 -0.00041786638)
(1.3427457e-05 -3.1584647e-06 -0.00042066765)
(8.3478659e-06 5.0653708e-05 -0.00022910326)
(4.9384563e-05 9.0268064e-06 -0.0002286556)
(0.0034855598 0.0035445926 -0.01805269)
(2.6992956e-06 3.4891943e-05 -7.7865113e-05)
(3.5182924e-05 6.7783853e-06 -7.9606008e-05)
(0.0021874565 0.0022639351 -0.0064824101)
(0.00092955226 0.0027466636 -0.018158243)
(-4.275173e-06 -1.9177109e-05 -0.00023404189)
(2.5527727e-06 4.6339631e-05 -8.3897173e-05)
(0.00056047009 0.0030106417 -0.0067170818)
(-6.9362363e-06 1.6356808e-05 -9.0293755e-05)
(0.0025715982 0.0011126634 -0.01819274)
(-1.9919912e-05 -4.4595404e-06 -0.00023331034)
(4.3526192e-05 7.6656924e-06 -8.3769875e-05)
(0.0027252758 0.00064890254 -0.0067376097)
(1.3901612e-05 -6.9109196e-06 -8.7839568e-05)
(-1.3849572e-06 -2.4563301e-05 -0.00023705009)
(-2.5111028e-05 -1.7480641e-06 -0.00023654834)
(0.00023272328 0.00030228849 -0.006855252)
(-9.2346324e-06 8.4149569e-06 -9.0143208e-05)
(6.3872802e-06 -9.0617367e-06 -8.7550101e-05)
(-5.933605e-06 3.4396331e-05 -1.4284563e-05)
(3.6962638e-05 -7.8187713e-07 -1.6929004e-05)
(0.00034276768 0.00035788729 -0.00023235247)
(0.00010117844 0.00032304804 -0.00020746623)
(-8.8528355e-06 -1.3038987e-05 -1.5349857e-05)
(0.0002855007 7.5539979e-05 -0.00024187028)
(-1.3702651e-05 -8.8684911e-06 -1.4757972e-05)
(-1.9341683e-06 -1.8468665e-05 -2.5501494e-05)
(-1.9544961e-05 -2.0937523e-06 -2.5927243e-05)
(-0.082215956 0.11519658 -0.32018004)
(0.066959037 0.044609969 -0.33695465)
(-0.13890368 0.0029232709 -0.28606129)
(0.015135736 -0.0034738605 -0.33170176)
(-0.029853125 -0.0061471547 -0.31320298)
(-8.5718572e-05 0.021184753 -0.340804)
(-0.044134558 0.0032175713 -0.34738525)
(-0.099451782 -0.040291767 -0.083673706)
(-0.14889725 -0.03063417 0.028049678)
(-0.015074142 -0.027575633 0.011285833)
(-0.072668955 -0.018400735 -0.28713669)
(-0.062125629 -0.034703544 -0.23764562)
(-0.085158993 -0.0097510169 -0.28858432)
(-0.06627321 -0.0034526236 -0.24871053)
(-0.14332921 -0.044961759 -0.24557953)
(-0.050181457 -0.061975148 -0.2380563)
(-0.12989703 -0.078072917 -0.2202461)
(-0.034967819 0.023675516 -0.3508771)
(-0.061138839 -0.0056002887 -0.33754936)
(-0.091835716 0.031292758 -0.30026611)
(-0.070000104 -0.0054417672 -0.29272497)
(-0.021831497 -0.0035444011 0.016957567)
(-0.12387226 0.046422024 0.0055581934)
(-0.056276234 0.015446023 -0.066880994)
(-0.084019548 -0.0057139548 -0.30240897)
(-0.060567187 0.0012626793 -0.2418885)
(-0.071120217 -0.0015388331 -0.25873817)
(-0.041484182 0.02299787 -0.22796032)
)
;

boundaryField
{
    GeoShaft
    {
        type            fixedValue;
        value           nonuniform List<vector> 
719
(
(0 0 0)
(0 0 0)
(0 0 0)
(0 0 0)
(0 0 0)
(0 0 0)
(0 0 0)
(0 0 0)
(0 0 0)
(0 0 0)
(0 0 0)
(0 0 0)
(0 0 0)
(0 0 0)
(0 0 0)
(0 0 0)
(0 0 0)
(0 0 0)
(0 0 0)
(0 0 0)
(0 0 0)
(0 0 0)
(0 0 0)
(0 0 0)
(0 0 0)
(0 0 0)
(0 0 0)
(0 0 0)
(0 0 0)
(0 0 0)
(0 0 0)
(0 0 0)
(0 0 0)
(0 0 0)
(0 0 0)
(0 0 0)
(0 0 0)
(-546.11676 0 -22.13883)
(-545.44302 0 54.202631)
(-433.96107 0 -22.637064)
(-433.84646 0 53.993401)
(-316.61063 0 -22.707199)
(-316.59608 0 53.974316)
(-197.34127 0 -22.712611)
(-197.34021 0 53.971824)
(-77.751007 0 -22.712097)
(-77.750988 0 53.971473)
(41.867481 0 -22.711839)
(41.867499 -0 53.971361)
(161.50772 0 -22.71192)
(161.50688 -0 53.971282)
(281.41052 0 -22.722704)
(281.39539 -0 53.976528)
(402.95404 0 -22.826389)
(402.82563 -0 54.02925)
(529.30698 0 -23.493988)
(528.51344 -0 54.358799)
(0 0 0)
(0 0 0)
(0 0 0)
(0 0 0)
(0 0 0)
(0 0 0)
(0 0 0)
(0 0 0)
(0 0 0)
(0 0 0)
(0 0 0)
(0 0 0)
(0 0 0)
(0 0 0)
(0 0 0)
(0 0 0)
(0 0 0)
(0 0 0)
(0 0 0)
(0 0 0)
(0 0 0)
(0 0 0)
(0 0 0)
(0 0 0)
(0 0 0)
(0 0 0)
(0 0 0)
(0 0 0)
(0 0 0)
(0 0 0)
(0 0 0)
(0 0 0)
(0 0 0)
(0 0 0)
(0 0 0)
(0 0 0)
(0 0 0)
(0 0 0)
(0 0 0)
(0 0 0)
(0 0 0)
(0 0 0)
(0 0 0)
(0 0 0)
(0 0 0)
(0 0 0)
(0 0 0)
(0 0 0)
(0 0 0)
(0 0 0)
(0 0 0)
(0 0 0)
(0 0 0)
(0 0 0)
(0 0 0)
(0 0 0)
(0 0 0)
(0 0 0)
(0 0 0)
(0 0 0)
(0 0 0)
(0 0 0)
(0 0 0)
(0 0 0)
(0 0 0)
(0 0 0)
(0 0 0)
(0 0 0)
(0 0 0)
(0 0 0)
(0 0 0)
(0 0 0)
(0 0 0)
(0 0 0)
(0 0 0)
(0 0 0)
(0 0 0)
(0 0 0)
(0 0 0)
(0 0 0)
(0 0 0)
(0 0 0)
(0 0 0)
(0 0 0)
(0 0 0)
(0 0 0)
(0 0 0)
(0 0 0)
(0 0 0)
(0 0 0)
(0 0 0)
(0 0 0)
(0 0 0)
(0 0 0)
(0 0 0)
(0 0 0)
(0 0 0)
(0 0 0)
(0 0 0)
(0 0 0)
(0 0 0)
(0 0 0)
(0 0 0)
(0 0 0)
(0 0 0)
(0 0 0)
(0 0 0)
(0 0 0)
(0 0 0)
(0 0 0)
(0 0 0)
(0 0 0)
(0 0 0)
(0 0 0)
(0 0 0)
(0 0 0)
(0 0 0)
(0 0 0)
(0 0 0)
(0 0 0)
(0 0 0)
(0 0 0)
(0 0 0)
(0 0 0)
(0 0 0)
(0 0 0)
(0 0 0)
(0 0 0)
(0 0 0)
(0 0 0)
(0 0 0)
(0 0 0)
(0 0 0)
(0 0 0)
(0 0 0)
(0 0 0)
(0 0 0)
(0 0 0)
(0 0 0)
(0 0 0)
(0 0 0)
(0 0 0)
(0 0 0)
(0 0 0)
(0 0 0)
(0 0 0)
(0 0 0)
(0 0 0)
(0 0 0)
(0 0 0)
(0 0 0)
(0 0 0)
(0 0 0)
(0 0 0)
(0 0 0)
(0 0 0)
(0 0 0)
(0 0 0)
(0 0 0)
(0 0 0)
(0 0 0)
(0 0 0)
(0 0 0)
(0 0 0)
(0 0 0)
(0 0 0)
(0 0 0)
(0 0 0)
(0 0 0)
(0 0 0)
(0 0 0)
(0 0 0)
(0 0 0)
(0 0 0)
(0 0 0)
(0 0 0)
(0 0 0)
(0 0 0)
(0 0 0)
(0 0 0)
(0 0 0)
(0 0 0)
(0 0 0)
(0 0 0)
(0 0 0)
(0 0 0)
(0 0 0)
(0 0 0)
(0 0 0)
(0 0 0)
(0 0 0)
(0 0 0)
(0 0 0)
(0 0 0)
(0 0 0)
(0 0 0)
(0 0 0)
(-600.33564 0 -20.789447)
(0 0 0)
(0 0 0)
(-599.58118 0 -52.879665)
(-600.07948 0 -22.360308)
(-490.6831 0 -53.945704)
(-490.54397 0 54.040263)
(-490.65253 0 -53.863874)
(-490.81014 0 -22.58297)
(-375.71886 0 -22.689055)
(-433.88994 0 -54.0149)
(-433.95293 0 -22.660608)
(-375.69238 0 -54.077581)
(-375.71447 0 -22.706379)
(-257.06398 0 -54.088726)
(-257.06158 0 53.972526)
(-257.06303 0 -54.108208)
(-257.06515 0 -22.735364)
(-137.55504 0 -22.712343)
(-197.34051 0 -54.110304)
(-197.34111 0 -22.73783)
(-137.55488 0 -54.110764)
(-137.55506 0 -22.738444)
(-17.942486 0 -54.087735)
(-17.942505 0 53.971427)
(-17.942512 0 -54.110783)
(-17.942554 0 -22.73855)
(101.68074 0 -22.71172)
(41.867483 0 -54.110714)
(41.867438 0 -22.738497)
(101.68064 0 -54.110614)
(101.6807 0 -22.738403)
(221.3801 0 -54.088408)
(221.38034 -0 53.972204)
(221.38071 0 -54.111684)
(221.38504 0 -22.739011)
(341.80672 0 -22.750738)
(281.39681 0 -54.116363)
(281.41298 0 -22.742159)
(341.76405 0 -54.131406)
(341.81398 0 -22.752373)
(464.98614 0 -54.214505)
(464.99996 -0 54.124185)
(465.03142 0 -54.26327)
(465.36537 0 -22.838048)
(594.68855 0 -24.881821)
(528.61343 0 -54.467276)
(529.4156 0 -22.954827)
(593.10776 0 -55.420014)
(594.851 0 -23.143601)
(0 0 0)
(0 0 0)
(0 0 0)
(0 0 0)
(0 0 0)
(0 0 0)
(0 0 0)
(0 0 0)
(0 0 0)
(0 0 0)
(0 0 0)
(0 0 0)
(0 0 0)
(0 0 0)
(0 0 0)
(0 0 0)
(0 0 0)
(0 0 0)
(0 0 0)
(0 0 0)
(0 0 0)
(0 0 0)
(0 0 0)
(0 0 0)
(0 0 0)
(0 0 0)
(0 0 0)
(0 0 0)
(0 0 0)
(0 0 0)
(0 0 0)
(0 0 0)
(0 0 0)
(0 0 0)
(0 0 0)
(0 0 0)
(0 0 0)
(0 0 0)
(0 0 0)
(0 0 0)
(0 0 0)
(0 0 0)
(0 0 0)
(0 0 0)
(0 0 0)
(0 0 0)
(0 0 0)
(0 0 0)
(0 0 0)
(0 0 0)
(0 0 0)
(0 0 0)
(0 0 0)
(0 0 0)
(0 0 0)
(0 0 0)
(0 0 0)
(0 0 0)
(0 0 0)
(0 0 0)
(0 0 0)
(0 0 0)
(0 0 0)
(0 0 0)
(0 0 0)
(0 0 0)
(0 0 0)
(0 0 0)
(0 0 0)
(-545.71315 0 -53.491916)
(-546.06355 0 -22.492241)
(-433.84938 0 54.026147)
(-316.60146 0 -54.10089)
(-316.60863 0 -22.727425)
(-197.34022 0 53.972727)
(-77.750991 0 -54.110815)
(-77.751053 0 -22.738556)
(41.867482 -0 53.972287)
(161.50694 0 -54.110658)
(161.50779 0 -22.73838)
(281.3973 -0 53.976717)
(402.83724 0 -54.171124)
(402.97226 0 -22.778695)
(528.59759 -0 54.341045)
(0 0 0)
(0 0 0)
(0 0 0)
(0 0 0)
(0 0 0)
(0 0 0)
(0 0 0)
(0 0 0)
(0 0 0)
(0 0 0)
(0 0 0)
(0 0 0)
(0 0 0)
(0 0 0)
(0 0 0)
(0 0 0)
(0 0 0)
(0 0 0)
(0 0 0)
(0 0 0)
(0 0 0)
(0 0 0)
(0 0 0)
(0 0 0)
(0 0 0)
(0 0 0)
(0 0 0)
(0 0 0)
(0 0 0)
(0 0 0)
(0 0 0)
(0 0 0)
(0 0 0)
(0 0 0)
(0 0 0)
(0 0 0)
(0 0 0)
(0 0 0)
(0 0 0)
(0 0 0)
(0 0 0)
(0 0 0)
(0 0 0)
(0 0 0)
(0 0 0)
(0 0 0)
(0 0 0)
(0 0 0)
(0 0 0)
(0 0 0)
(0 0 0)
(0 0 0)
(0 0 0)
(0 0 0)
(0 0 0)
(0 0 0)
(0 0 0)
(0 0 0)
(0 0 0)
(0 0 0)
(0 0 0)
(0 0 0)
(0 0 0)
(0 0 0)
(0 0 0)
(0 0 0)
(0 0 0)
(0 0 0)
(0 0 0)
(0 0 0)
(0 0 0)
(0 0 0)
(0 0 0)
(0 0 0)
(0 0 0)
(0 0 0)
(0 0 0)
(0 0 0)
(0 0 0)
(0 0 0)
(0 0 0)
(0 0 0)
(0 0 0)
(0 0 0)
(0 0 0)
(0 0 0)
(0 0 0)
(0 0 0)
(0 0 0)
(0 0 0)
(0 0 0)
(0 0 0)
(0 0 0)
(0 0 0)
(0 0 0)
(0 0 0)
(0 0 0)
(0 0 0)
(0 0 0)
(0 0 0)
(0 0 0)
(0 0 0)
(0 0 0)
(0 0 0)
(0 0 0)
(0 0 0)
(0 0 0)
(0 0 0)
(0 0 0)
(0 0 0)
(0 0 0)
(0 0 0)
(0 0 0)
(0 0 0)
(0 0 0)
(0 0 0)
(0 0 0)
(0 0 0)
(0 0 0)
(0 0 0)
(0 0 0)
(0 0 0)
(0 0 0)
(0 0 0)
(0 0 0)
(0 0 0)
(0 0 0)
(0 0 0)
(0 0 0)
(0 0 0)
(0 0 0)
(0 0 0)
(0 0 0)
(0 0 0)
(0 0 0)
(0 0 0)
(0 0 0)
(0 0 0)
(0 0 0)
(0 0 0)
(0 0 0)
(0 0 0)
(0 0 0)
(0 0 0)
(0 0 0)
(0 0 0)
(0 0 0)
(0 0 0)
(0 0 0)
(0 0 0)
(0 0 0)
(0 0 0)
(0 0 0)
(0 0 0)
(0 0 0)
(0 0 0)
(0 0 0)
(0 0 0)
(0 0 0)
(0 0 0)
(0 0 0)
(0 0 0)
(0 0 0)
(0 0 0)
(0 0 0)
(0 0 0)
(0 0 0)
(0 0 0)
(0 0 0)
(-600.56916 0 24.267534)
(-599.15512 0 55.160757)
(0 0 0)
(-599.91644 0 -52.953)
(-598.86691 0 55.107354)
(0 0 0)
(-600.9295 0 22.556503)
(-546.1855 0 23.174318)
(-490.82598 0 -22.504643)
(-545.51118 0 54.288596)
(-490.55898 0 54.10336)
(-490.84347 0 22.858453)
(-545.80652 0 -53.628194)
(-546.31204 0 22.597366)
(-490.8873 0 22.634731)
(-433.96397 0 22.736672)
(-375.71874 0 22.683772)
(-375.67624 0 53.99266)
(-433.90273 0 -54.046611)
(-375.69763 0 -54.079437)
(-375.67578 0 53.97909)
(-433.97873 0 22.64844)
(-375.72353 0 22.650893)
(-316.61027 0 22.662102)
(-257.06586 0 -22.712017)
(-316.59614 0 53.979091)
(-257.06159 0 53.974209)
(-257.06568 0 22.654645)
(-316.60404 0 -54.087877)
(-316.61177 0 22.650047)
(-257.06616 0 22.649065)
(-197.34122 0 22.652685)
(-137.55504 0 22.652405)
(-137.55485 0 53.97238)
(-197.34079 0 -54.088349)
(-137.55493 0 -54.087988)
(-137.55484 0 53.971564)
(-197.34138 0 22.648507)
(-137.55511 0 22.648258)
(-77.751018 0 22.652473)
(-17.942512 0 -22.711956)
(-77.750992 0 53.972334)
(-17.942513 0 53.972327)
(-17.942531 0 22.65254)
(-77.750978 0 -54.087811)
(-77.751047 0 22.648157)
(-17.942538 0 22.648094)
(41.867451 -0 22.65255)
(101.68072 -0 22.652486)
(101.68064 -0 53.972206)
(41.867518 0 -54.087678)
(101.68067 0 -54.087606)
(101.68066 -0 53.97126)
(41.867457 -0 22.648002)
(101.68072 -0 22.647867)
(161.50784 -0 22.652269)
(221.38442 0 -22.713953)
(161.50696 -0 53.972226)
(221.38085 -0 53.97301)
(221.38523 -0 22.651623)
(161.50686 0 -54.087638)
(161.50774 -0 22.647885)
(221.38469 -0 22.649033)
(281.41359 -0 22.649786)
(341.81577 -0 22.645012)
(341.76532 -0 53.98904)
(281.39443 0 -54.092007)
(341.75699 0 -54.103859)
(341.75975 -0 53.990693)
(281.41161 -0 22.654495)
(341.80988 -0 22.672566)
(402.97725 -0 22.634359)
(465.32255 0 -23.015198)
(402.83953 -0 54.023481)
(465.03239 -0 54.111785)
(465.37893 -0 22.617091)
(402.81906 0 -54.136129)
(402.96175 -0 22.722801)
(465.33979 -0 22.855512)
(529.45172 -0 22.601215)
(595.08616 -0 22.725526)
(593.14685 -0 55.362854)
(528.4859 0 -54.402291)
(592.78453 0 -55.36272)
(592.74188 -0 55.374237)
(529.34587 -0 23.223777)
(594.65937 -0 24.44001)
(0 0 0)
(0 0 0)
(0 0 0)
(0 0 0)
(0 0 0)
(0 0 0)
(0 0 0)
(0 0 0)
(0 0 0)
(0 0 0)
(0 0 0)
(0 0 0)
(0 0 0)
(0 0 0)
(0 0 0)
(0 0 0)
(0 0 0)
(0 0 0)
(0 0 0)
(0 0 0)
(0 0 0)
(0 0 0)
(0 0 0)
(0 0 0)
(0 0 0)
(0 0 0)
(0 0 0)
(0 0 0)
(0 0 0)
(0 0 0)
(0 0 0)
(0 0 0)
(0 0 0)
(0 0 0)
(0 0 0)
(0 0 0)
(0 0 0)
(0 0 0)
(0 0 0)
(0 0 0)
(0 0 0)
(0 0 0)
(0 0 0)
(0 0 0)
(0 0 0)
(0 0 0)
(0 0 0)
(0 0 0)
(0 0 0)
(0 0 0)
(0 0 0)
(0 0 0)
(0 0 0)
(0 0 0)
(0 0 0)
(0 0 0)
(0 0 0)
(0 0 0)
(0 0 0)
(0 0 0)
(0 0 0)
(0 0 0)
(0 0 0)
(0 0 0)
(0 0 0)
(0 0 0)
(0 0 0)
(0 0 0)
(0 0 0)
(0 0 0)
(0 0 0)
(0 0 0)
(0 0 0)
(0 0 0)
(0 0 0)
)
;
    }
    GeoTank
    {
        type            fixedValue;
        value           uniform (0 0 0);
    }
}


// ************************************************************************* //
