/*--------------------------------*- C++ -*----------------------------------*\
| =========                 |                                                 |
| \\      /  F ield         | OpenFOAM: The Open Source CFD Toolbox           |
|  \\    /   O peration     | Version:  2206                                  |
|   \\  /    A nd           | Website:  www.openfoam.com                      |
|    \\/     M anipulation  |                                                 |
\*---------------------------------------------------------------------------*/
FoamFile
{
    version     2.0;
    format      ascii;
    arch        "LSB;label=64;scalar=64";
    class       volScalarField;
    location    "2.2/solid";
    object      T;
}
// * * * * * * * * * * * * * * * * * * * * * * * * * * * * * * * * * * * * * //

dimensions      [0 0 0 1 0 0 0];

internalField   nonuniform List<scalar> 
500
(
1094.67369334
1094.50197618
1094.15686874
1093.63652509
1092.93550736
1092.04674416
1090.9592155
1089.66416935
1088.20756403
1086.72053174
1095.63112205
1095.46503616
1095.13253051
1094.6331052
1093.96633458
1093.13295216
1092.13642296
1090.98576341
1089.70333739
1088.33775184
1096.60687736
1096.44745794
1096.12886539
1095.65175286
1095.01750796
1094.228868
1093.29071598
1092.21069638
1090.99990618
1089.68033779
1097.57543762
1097.42194595
1097.1153947
1096.65674249
1096.0476352
1095.2906342
1094.3893734
1093.34825503
1092.17191892
1090.87262799
1098.51778666
1098.36900805
1098.07184815
1097.62714073
1097.03620081
1096.30086874
1095.42343753
1094.40608806
1093.24994371
1091.96193691
1099.41997357
1099.27481259
1098.98478193
1098.55047607
1097.97278725
1097.25289016
1096.39212744
1095.39138696
1094.24973399
1092.97025624
1100.27263997
1100.13030573
1099.84582405
1099.41957137
1098.85209448
1098.14408898
1097.29630751
1096.30893106
1095.17967678
1093.90780661
1101.07033674
1100.93033482
1100.65043803
1100.23086223
1099.67191351
1098.97397783
1098.13747317
1097.16224347
1096.04507887
1094.78152103
1101.81075029
1101.67281224
1101.39698961
1100.98339254
1100.43217346
1099.74353004
1098.91770678
1097.95444117
1096.84986457
1095.59526313
1102.49397795
1102.35798729
1102.08602675
1101.6781429
1101.13439731
1100.4548797
1099.63975975
1098.68882482
1097.59778256
1096.35355644
1103.1218869
1102.98781992
1102.71968891
1102.31750621
1101.78128481
1101.1110583
1100.30698511
1099.36903621
1098.29278696
1097.06031138
1103.69756204
1103.56544569
1103.30120809
1102.9048468
1102.37635413
1101.71574001
1100.92319017
1099.99897428
1098.93889076
1097.72004637
1104.22484028
1104.09472381
1103.8344845
1103.44411767
1102.92361254
1102.27297362
1101.4924248
1100.58259425
1099.53987023
1098.33624163
1104.70792739
1104.57986429
1104.323734
1103.93953675
1103.42726862
1102.78693658
1102.01879613
1101.12385849
1100.09951454
1098.91302011
1105.15109321
1105.0251307
1104.77320582
1104.39532758
1103.89150411
1103.26174831
1102.50633528
1101.62666919
1100.62162763
1099.45407237
1105.55843835
1105.43461156
1105.18696323
1104.8155127
1104.32028209
1103.70128889
1102.95880296
1102.09457462
1101.10944175
1099.96298351
1105.93372467
1105.81205395
1105.56872315
1105.20376249
1104.71720917
1104.10908541
1103.37963321
1102.53086675
1101.5659759
1100.44512535
1106.28026009
1106.16075017
1105.92174624
1105.56328928
1105.08543218
1104.48820297
1103.77179775
1102.93839145
1101.99374547
1100.90326644
1106.60082707
1106.48346718
1106.24876826
1105.89678141
1105.4275748
1104.84118257
1104.13773513
1103.31942349
1102.3945496
1101.33690918
1106.8976439
1106.78240856
1106.55196318
1106.20636802
1105.74570584
1105.17001875
1104.47936304
1103.67581032
1102.77003887
1101.74721208
1107.17234907
1107.05919912
1106.83292835
1106.49360485
1106.04132446
1105.4761378
1104.79802003
1104.00877305
1103.12106938
1102.13581641
1107.42599932
1107.31488329
1107.09268348
1106.75947439
1106.31536314
1105.76040973
1105.09450917
1104.31905379
1103.44792942
1102.50391492
1107.65907396
1107.54992951
1107.33167527
1107.00439062
1106.56819221
1106.02315153
1105.36909513
1104.60691492
1103.75046252
1102.85296165
1107.87147925
1107.764235
1107.54978285
1107.2282057
1106.79962801
1106.26413413
1105.62149605
1104.87207616
1104.02815068
1103.15616041
1108.06254855
1107.95712577
1107.74631773
1107.43020971
1107.00893254
1106.48258533
1105.85090431
1105.11376347
1104.28152196
1103.41802778
1108.23103616
1108.1273503
1107.92001699
1107.60912329
1107.1948057
1106.67718017
1106.05596453
1105.33058738
1104.5094651
1103.65350251
1108.37510441
1108.27306618
1108.0690289
1107.76308109
1107.35536433
1106.84601291
1106.23474265
1105.52058607
1104.71003866
1103.86019257
1108.49230513
1108.39182126
1108.19089343
1107.88961162
1107.48812248
1106.98658128
1106.38472108
1105.68123281
1104.88071139
1104.03677871
1108.57955761
1108.48053122
1108.28251913
1107.98561274
1107.58996354
1107.09574926
1106.50273628
1105.80932635
1105.01823727
1104.17881149
1108.63312545
1108.53545652
1108.34016003
1108.04732866
1107.65711826
1107.16972969
1106.58497823
1105.90103644
1105.11881426
1104.28385518
1108.64859539
1108.55218123
1108.3593947
1108.07032928
1107.68514448
1107.20406558
1106.62697479
1105.95187479
1105.17786467
1104.34587163
1108.62086066
1108.52559677
1108.33511054
1108.04949489
1107.66891046
1107.19360424
1106.62353731
1105.95660588
1105.19014719
1104.36076685
1108.54411185
1108.44989334
1108.26149669
1107.97901212
1107.60259747
1107.13251618
1106.56881807
1105.90936769
1105.14982816
1104.32197068
1108.41183775
1108.31856147
1108.13204713
1107.8523803
1107.47971215
1107.01431617
1106.45633408
1105.80365443
1105.05026928
1104.22306423
1108.21683821
1108.12440476
1107.93957338
1107.6624237
1107.29309746
1106.8318724
1106.27898457
1105.63241527
1104.88455679
1104.05654544
1107.95125244
1107.85956747
1107.67623034
1107.40131465
1107.03495196
1106.57742078
1106.02905564
1105.38801043
1104.64519175
1103.81592244
1107.60660781
1107.51558207
1107.33356122
1107.06061412
1106.69686335
1106.24258681
1105.69822054
1105.06216883
1104.32393943
1103.49170132
1107.17389485
1107.08344274
1106.90256811
1106.63133735
1106.26986678
1105.81843329
1105.27757568
1104.6460373
1103.91210959
1103.07598596
1106.64367366
1106.55371066
1106.37381487
1106.10405357
1105.74454151
1105.29555669
1104.75774198
1104.1302766
1103.40051449
1102.55922853
1106.00621573
1105.91665472
1105.73756564
1105.46902105
1105.11114035
1104.66420646
1104.12896472
1103.50512356
1102.77944653
1101.93155229
1105.25168339
1105.16242997
1104.98396143
1104.71636098
1104.35976034
1103.91445235
1103.38127824
1102.7605587
1102.0389538
1101.18246557
1104.37034774
1104.28129445
1104.10323481
1103.83626945
1103.48055267
1103.03639631
1102.50473125
1101.88656562
1101.1691445
1100.30222838
1103.35284482
1103.2638638
1103.08596126
1102.81926349
1102.46396053
1102.02039699
1101.48958761
1100.87328305
1100.16028063
1099.2801825
1102.1904694
1102.10140357
1101.92334797
1101.65646347
1101.30099125
1100.85732828
1100.32657122
1099.71122834
1099.00298598
1098.10932007
1100.87550384
1100.78615821
1100.60756211
1100.33991739
1099.98353017
1099.53887241
1099.00712918
1098.39153509
1097.68808642
1096.79771734
1099.40157443
1099.31171216
1099.13210039
1098.86297926
1098.5047196
1098.05787613
1097.52371923
1096.90612616
1096.20609377
1095.33534549
1097.76402292
1097.67337385
1097.49220231
1097.22076889
1096.85947346
1096.40890189
1095.87032863
1095.24808044
1094.54825783
1093.70001892
1095.96030944
1095.86858749
1095.68530898
1095.41073686
1095.04521105
1094.5891626
1094.04354656
1093.41257156
1092.7067011
1091.8764495
1093.99051732
1093.89735902
1093.7114842
1093.43320553
1093.06268267
1092.5998297
1092.04451099
1091.39936509
1090.67636501
1089.84682699
1091.85737116
1091.76169992
1091.57264301
1091.29059565
1090.91547799
1090.44647021
1089.88161077
1089.22014705
1088.47095219
1087.61344646
)
;

boundaryField
{
    symmetric
    {
        type            symmetry;
    }
    emptyPatch
    {
        type            empty;
    }
    solid_to_water
    {
        type            compressible::turbulentTemperatureTwoPhaseRadCoupledMixed;
        refValue        nonuniform List<scalar> 
70
(
384.165586372
382.820351335
380.514071206
378.241487883
374.360066779
367.87700445
358.106534856
347.736541346
340.890354906
336.961208508
340.731345062
344.832450418
345.126106703
346.158098832
345.470385698
346.3614831
345.602137063
346.552967036
345.663452967
346.521061648
345.76907867
346.469267796
345.839805429
346.104280061
345.515612846
343.822745036
340.613859322
338.333314524
336.789787587
335.895060104
335.815889275
337.183452307
345.130700352
394.893663489
403.410135078
420.611661972
415.80197913
429.105507384
420.64588626
431.986850458
422.240365475
431.502814767
422.370911893
430.720186129
422.190402317
428.745743452
421.922050879
426.511344057
421.696084974
424.850442815
421.171964621
422.758893181
416.593115025
382.959386467
349.874308185
341.861194782
339.097087905
338.332090549
338.888884131
334.35812793
334.46894139
334.539582116
334.60607478
334.669577015
334.717273577
334.744653546
334.8194625
335.163568323
341.065174546
336.130909127
)
;
        refGradient     uniform 0;
        valueFraction   nonuniform List<scalar> 
70
(
0.000698379061995
0.000697206902982
0.000705881520107
0.000715855150982
0.000742015089683
0.000800329071097
0.000925227054294
0.00113401760122
0.0013534052009
0.00151825984938
0.000963555710555
0.000910968656686
0.000920706134018
0.000904197001011
0.000921577722585
0.00090355922059
0.000921036702026
0.000901484120292
0.000921862180728
0.000904840138155
0.000922708162004
0.000909308398828
0.000923983711314
0.000918602909798
0.000926211328012
0.000943610364584
0.000981964485193
0.000985660585242
0.000971057552279
0.000958036969357
0.000958058404407
0.000976572424897
0.000932448200637
0.000513207811786
0.000536543738035
0.000499807047998
0.000536647015647
0.000499495291528
0.000535442575484
0.0005000795963
0.000535473189397
0.000504662444531
0.00053673416293
0.000508259709765
0.000537670600092
0.000514394434447
0.000538181767152
0.000521745123749
0.000539273261914
0.000527888760973
0.000540906056034
0.000532691935675
0.000541120676613
0.000658565008486
0.000925183779305
0.000983832883647
0.000978839396743
0.00097693074558
0.000979898818486
0.00151470070693
0.00152057934379
0.00152371749784
0.00152645944016
0.00152875604579
0.00153004901404
0.00153028798153
0.00153223488828
0.00153862511254
0.000972145544854
0.00151082642736
)
;
        source          uniform 0;
        value           nonuniform List<scalar> 
70
(
1094.17916273
1094.00745642
1093.65481617
1093.12613589
1092.40413402
1091.46921519
1090.28363854
1088.82548019
1087.19817656
1085.58395613
1086.00348444
1087.66125984
1088.99579055
1090.2000333
1091.27505395
1092.29651931
1093.21976854
1094.10797978
1094.90527511
1095.67627164
1096.36864117
1097.03840886
1097.64277309
1098.22338849
1098.75794912
1099.25211344
1099.70244372
1100.15545368
1100.59843905
1101.01759882
1101.40608352
1101.76157862
1102.15125025
1102.79149794
1103.04151281
1103.31063946
1103.49003923
1103.69823082
1103.81196842
1103.94632321
1103.97985974
1104.02001796
1103.95527656
1103.87968318
1103.68931449
1103.46772767
1103.12430461
1102.72214949
1102.19145835
1101.57332829
1100.81398646
1099.94046515
1098.90998299
1097.63925519
1096.11163553
1094.60017481
1092.96771272
1091.14679539
1089.11746412
1090.71139255
1090.61158077
1090.42054208
1090.13694945
1089.76076374
1089.29156721
1088.72740359
1088.06546526
1087.31325153
1086.89320034
1086.48359127
)
;
        kappaMethod     solidThermo;
        Tnbr            T.liquid;
        region          solid;
        otherPhase      gas;
    }
}


// ************************************************************************* //
