/*--------------------------------*- C++ -*----------------------------------*\
| =========                 |                                                 |
| \\      /  F ield         | OpenFOAM: The Open Source CFD Toolbox           |
|  \\    /   O peration     | Version:  2206                                  |
|   \\  /    A nd           | Website:  www.openfoam.com                      |
|    \\/     M anipulation  |                                                 |
\*---------------------------------------------------------------------------*/
FoamFile
{
    version     2.0;
    format      ascii;
    arch        "LSB;label=64;scalar=64";
    class       volScalarField;
    location    "4.3/solid";
    object      T;
}
// * * * * * * * * * * * * * * * * * * * * * * * * * * * * * * * * * * * * * //

dimensions      [0 0 0 1 0 0 0];

internalField   nonuniform List<scalar> 
500
(
1073.50780002
1073.33900468
1072.99950904
1072.48539715
1071.78978055
1070.90300699
1069.81821836
1068.5431308
1067.11233141
1065.64652249
1074.3430902
1074.17967202
1073.85227021
1073.36002191
1072.70214966
1071.87911969
1070.89526062
1069.76387897
1068.51317833
1067.18182755
1075.22569204
1075.06912973
1074.75626231
1074.28781529
1073.66539418
1072.89219006
1071.97398818
1070.92046523
1069.74584858
1068.46372261
1076.14513917
1075.99482247
1075.6947032
1075.24592063
1074.65043017
1073.91125804
1073.03275544
1072.0208539
1070.8830358
1069.62444165
1077.08419789
1076.93881415
1076.64853467
1076.21437664
1075.63793242
1074.9214002
1074.06757168
1073.07993772
1071.96299917
1070.7190053
1078.02882344
1077.88713659
1077.60413274
1077.18056
1076.61752927
1075.91646582
1075.07902528
1074.10725418
1073.00444325
1071.77201908
1078.96889706
1078.82999609
1078.5524434
1078.13673541
1077.58358357
1076.89384813
1076.06843701
1075.10853218
1074.01715293
1072.79626488
1079.89737227
1079.76067548
1079.48743696
1079.07796396
1078.5326846
1077.85208392
1077.03658838
1076.08679874
1075.00590766
1073.7985536
1080.80931381
1080.67449557
1080.40494891
1080.00085284
1079.4624501
1078.78998973
1077.98358847
1077.04338519
1075.97283861
1074.78373993
1081.70113751
1081.56804833
1081.30191796
1080.90284432
1080.37095636
1079.70636418
1078.9089906
1077.97854789
1076.9182516
1075.75424632
1082.57008269
1082.43868471
1082.1759118
1081.78181417
1081.25645601
1080.5998735
1079.81187701
1078.89178938
1077.8416675
1076.69226445
1083.41386804
1083.28418809
1083.02483816
1082.6358439
1082.11723871
1081.46903118
1080.69098429
1079.78209686
1078.7430233
1077.60181887
1084.23047497
1084.10257171
1083.8467699
1083.46308604
1082.9515453
1082.3121612
1081.54470256
1080.64791215
1079.6209372
1078.4886524
1085.01801591
1084.8919578
1084.63984579
1084.2616962
1083.75753871
1083.12741024
1082.37112375
1081.48724094
1080.47339154
1079.3499819
1085.77465636
1085.65050826
1085.40221837
1085.02980771
1084.53331668
1083.91281418
1083.16818232
1082.29787381
1081.29803965
1080.18465944
1086.49856765
1086.37638315
1086.13202386
1085.76551778
1085.27691829
1084.66632858
1083.93371587
1083.07749724
1082.09243443
1080.98906648
1087.18789621
1087.06771366
1086.82736223
1086.46687774
1085.98632705
1085.38584777
1084.66550522
1083.82375349
1082.85407425
1081.76195559
1087.84074114
1087.72258208
1087.48628161
1087.13188337
1086.65946701
1086.069203
1085.36126571
1084.53422892
1083.58045198
1082.49949002
1088.45513523
1088.33900426
1088.1067635
1087.75846332
1087.2941934
1086.71415043
1086.01861578
1085.20634798
1084.26877017
1083.19979493
1089.02902724
1088.91491312
1088.68670895
1088.34447052
1087.88829453
1087.31839687
1086.63516146
1085.83759306
1084.91638527
1083.85912415
1089.56026398
1089.44814137
1089.22392266
1088.88766795
1088.43947854
1087.87958247
1087.20845708
1086.42540542
1085.52062452
1084.47581459
1090.04657178
1089.93640294
1089.71609383
1089.38570816
1088.94534999
1088.39525322
1087.73597889
1086.96717797
1086.07878303
1085.04593829
1090.48553836
1090.37727458
1090.16077744
1089.83611383
1089.40338941
1088.86283856
1088.21509401
1087.46019759
1086.58810158
1085.56796341
1090.87459617
1090.76817912
1090.55537709
1090.23625976
1089.81093356
1089.27962882
1088.64303793
1087.90163249
1087.04565584
1086.03751812
1091.21100829
1091.10637141
1090.89713111
1090.58335942
1090.16516235
1089.64276022
1089.01688537
1088.28845754
1087.44831553
1086.45252935
1091.49185741
1091.38892737
1091.183102
1090.87445554
1090.46309334
1089.94922201
1089.33359534
1088.6175947
1087.79299925
1086.80894542
1091.71403823
1091.6127362
1091.41016807
1091.10641028
1090.70156764
1090.19582982
1089.58995069
1088.88576911
1088.07639211
1087.10357489
1091.87425406
1091.77449671
1091.57501916
1091.27590026
1090.87724485
1090.37922404
1089.78257097
1089.08956846
1088.29516904
1087.33297017
1091.96901868
1091.87071871
1091.67415723
1091.37941576
1090.98660025
1090.49586305
1089.90789595
1089.22538252
1088.44574802
1087.49429997
1091.99466476
1091.89773108
1091.70390353
1091.41326664
1091.02592866
1090.54202375
1089.96217981
1089.28939303
1088.52415532
1087.5903965
1091.94736054
1091.85169829
1091.66041485
1091.37359799
1090.99135991
1090.51381997
1089.94152795
1089.27769284
1088.52619991
1087.61836376
1091.82313486
1091.72864598
1091.53971002
1091.25641726
1090.87888415
1090.40721791
1089.84187768
1089.18615424
1088.44725238
1087.56834967
1091.61790882
1091.52449376
1091.33770517
1091.05763396
1090.68439874
1090.2180934
1089.65906993
1089.01054758
1088.28274902
1087.43340235
1091.32753037
1091.23509085
1091.0502519
1090.77310278
1090.40376165
1089.94230807
1089.38897708
1088.74677085
1088.0284641
1087.20933321
1090.94780908
1090.85625101
1090.67317261
1090.39865962
1090.03282763
1089.57574222
1089.02751958
1088.39081746
1087.68029832
1086.8931082
1090.47454962
1090.38378526
1090.2022915
1089.93014975
1089.5674722
1089.11431266
1088.57067266
1087.9387628
1087.23417567
1086.48212971
1089.90358568
1089.81353429
1089.63346395
1089.36345219
1089.00360925
1088.55398278
1088.0144734
1087.38678863
1086.68611518
1085.96419152
1089.23081709
1089.14140407
1088.96260876
1088.69450643
1088.33720836
1087.89076393
1087.35499268
1086.73110179
1086.03308663
1085.31508842
1088.45225324
1088.36340766
1088.18574694
1087.91934688
1087.56432417
1087.1207393
1086.58835305
1085.96789918
1085.27209567
1084.55493835
1087.56406575
1087.4757164
1087.29904989
1087.03414648
1086.68113442
1086.24009662
1085.71075949
1085.09340769
1084.39940233
1083.68235222
1086.56265355
1086.4747235
1086.29889997
1086.03527278
1085.68398944
1085.24516874
1084.71853154
1084.10394902
1083.41135843
1082.69336954
1085.44472326
1085.3571228
1085.18196613
1084.91935909
1084.56947801
1084.13249315
1083.60815279
1082.99596236
1082.30440733
1081.58519426
1084.20738816
1084.12000609
1083.94529777
1083.6833929
1083.33450848
1082.89888513
1082.3763351
1081.76604473
1081.07497704
1080.35350048
1082.84829069
1082.7609839
1082.58644178
1082.32482625
1081.97640866
1081.54152284
1081.02009154
1080.41104961
1079.71978057
1078.99530987
1081.36575345
1081.27833613
1081.10359117
1080.84171867
1080.49305558
1080.05805268
1079.53680077
1078.92808558
1078.2357054
1077.50704663
1079.758964
1079.67119992
1079.49577828
1079.23293383
1078.88306589
1078.4467508
1077.92430218
1077.31448464
1076.61951155
1075.88504202
1078.02818757
1077.93979153
1077.76311792
1077.49841516
1077.14610281
1076.70683066
1076.18112161
1075.56781323
1074.86757064
1074.12419722
1076.17495277
1076.08559742
1075.90703753
1075.63950799
1075.28334544
1074.83908465
1074.30721236
1073.68643125
1072.97569153
1072.21748319
1074.20205433
1074.11130661
1073.93022306
1073.65906648
1073.29796345
1072.84698674
1072.30590299
1071.67215404
1070.94121838
1070.15314206
1072.11344598
1072.02014029
1071.83579393
1071.56074354
1071.19491244
1070.73771529
1070.18726056
1069.53753375
1068.7764307
1067.92860449
)
;

boundaryField
{
    symmetric
    {
        type            symmetry;
    }
    emptyPatch
    {
        type            empty;
    }
    solid_to_water
    {
        type            compressible::turbulentTemperatureTwoPhaseRadCoupledMixed;
        refValue        nonuniform List<scalar> 
70
(
402.92489828
401.235027016
399.674947138
398.355600558
396.974993336
394.596467386
387.962053881
375.532314983
350.361829755
338.575137684
338.254898529
338.382657018
337.979031979
337.374744656
336.690660075
336.064817053
335.725437637
335.90355948
337.487335783
343.158409676
355.424128039
357.127028183
362.388319736
359.978871713
364.598478349
361.353547047
365.698300743
362.3135041
366.32672988
362.868139835
366.290125074
363.188253354
366.057591105
363.050444307
365.069693124
363.056161066
363.513349662
361.501500355
354.355213448
344.778416473
340.215826728
337.881966927
336.549312924
336.193041676
336.850298112
340.926804787
379.13882067
413.126929734
419.860612313
432.245126449
429.850770072
437.577753274
433.46041901
438.222179244
434.981715435
437.473336824
435.687085931
436.113926088
434.336728006
334.426404542
334.539728415
334.612910177
334.687299049
334.760030643
334.824543702
334.911140198
335.144462148
336.125329742
407.202158166
343.029469675
)
;
        refGradient     uniform 0;
        valueFraction   nonuniform List<scalar> 
70
(
0.000575369240865
0.000575518465521
0.000576208700416
0.000576447119226
0.000577022494296
0.000580271643287
0.000606315507731
0.000679483299731
0.00102872203658
0.00144239863609
0.000962756805321
0.000962780363879
0.000960898863726
0.000956360117522
0.000948867871562
0.00094003345773
0.000935076688013
0.00093951019434
0.000963712413018
0.000921213844521
0.000745377515375
0.000764508733911
0.000719931903226
0.000765246392504
0.000719080640062
0.000764169573033
0.000718982171821
0.000762262428567
0.000720521069883
0.000762418202167
0.000726425883922
0.000762903135988
0.000732115761147
0.00076625222563
0.000743832119135
0.000766948047935
0.000758966250916
0.000769923577235
0.000825575559918
0.000940429601483
0.000979122774276
0.000969756538087
0.000953865110334
0.000950134488783
0.000958720862378
0.000976292279254
0.000586578314589
0.000489763113544
0.000505306703157
0.000485344403667
0.00050501896902
0.000488000193944
0.000504648277636
0.000492742407789
0.000504196878924
0.000497739784709
0.000503663307305
0.000502205878987
0.00050598808724
0.00148940118108
0.00149584310485
0.00149923794955
0.00150240335979
0.00150508233352
0.00150705250597
0.00150971364984
0.00151588202337
0.00150148834301
0.000585941514587
0.00120974496136
)
;
        source          uniform 0;
        value           nonuniform List<scalar> 
70
(
1073.12327007
1072.95350496
1072.61284495
1072.09810199
1071.40166924
1070.51170854
1069.4056774
1068.07271542
1066.37555185
1064.59906756
1064.94749371
1066.48163611
1067.76329154
1068.92563805
1070.02398168
1071.08187553
1072.10853134
1073.10695561
1074.07532536
1075.08114063
1076.15407668
1077.05072986
1077.97228617
1078.79937286
1079.66944014
1080.43921545
1081.24667569
1081.95079443
1082.68308608
1083.30994591
1083.95424724
1084.49600419
1085.0416711
1085.48460262
1085.91682875
1086.25519889
1086.55573494
1086.77575356
1086.89157543
1086.89621113
1086.89180217
1086.84677017
1086.72267971
1086.50151907
1086.18017243
1085.76090851
1085.55097822
1084.98570836
1084.21902832
1083.36580606
1082.36354024
1081.27051391
1080.0268503
1078.67916989
1077.18280549
1075.56685091
1073.8022231
1071.89747965
1069.83065921
1071.01592884
1070.91818071
1070.73171699
1070.45485776
1070.08771097
1069.62984996
1069.07842813
1068.42558122
1067.67725697
1067.53924317
1067.04944853
)
;
        kappaMethod     solidThermo;
        Tnbr            T.liquid;
        region          solid;
        otherPhase      gas;
    }
}


// ************************************************************************* //
