# Force and moment coefficients
# dragDir         : (1.0000000000e+00 0.0000000000e+00 0.0000000000e+00)
# sideDir         : (0.0000000000e+00 0.0000000000e+00 -1.0000000000e+00)
# liftDir         : (0.0000000000e+00 1.0000000000e+00 0.0000000000e+00)
# rollAxis        : (1.0000000000e+00 0.0000000000e+00 0.0000000000e+00)
# pitchAxis       : (0.0000000000e+00 0.0000000000e+00 -1.0000000000e+00)
# yawAxis         : (0.0000000000e+00 1.0000000000e+00 0.0000000000e+00)
# magUInf         : 1.5000000000e+01
# lRef            : 1.0000000000e+00
# Aref            : 1.0000000000e-04
# CofR            : (2.5000000000e-01 0.0000000000e+00 0.0000000000e+00)
#
# Time            	Cd                	Cd(f)             	Cd(r)             	Cl                	Cl(f)             	Cl(r)             	CmPitch           	CmRoll            	CmYaw             	Cs                	Cs(f)             	Cs(r)             
0.2               	5.5050070578e-03	1.1041996442e-03	4.4008074137e-03	1.6401033679e-01	4.6504746940e-02	1.1750558985e-01	-3.5500421456e-02	-1.6483038848e-03	5.5325320931e-05	-3.5499797130e-17	5.5325320931e-05	-5.5325320931e-05
0.4               	5.2574215675e-03	8.3250467843e-04	4.4249168891e-03	1.7872697566e-01	5.2067770518e-02	1.2665920514e-01	-3.7295717309e-02	-1.7962061053e-03	5.2837086754e-05	-3.6927199231e-17	5.2837086754e-05	-5.2837086754e-05
0.6               	5.2334070600e-03	7.7242251875e-04	4.4609845412e-03	1.8351054838e-01	5.3645529524e-02	1.2986501886e-01	-3.8109744667e-02	-1.8442810112e-03	5.2595740953e-05	-3.5117111443e-17	5.2595740953e-05	-5.2595740953e-05
0.8               	5.2187157049e-03	7.5223508945e-04	4.4664806154e-03	1.8478833463e-01	5.4073598984e-02	1.3071473564e-01	-3.8320568329e-02	-1.8571227630e-03	5.2448092834e-05	-3.4948533382e-17	5.2448092834e-05	-5.2448092834e-05
1                 	5.2142478536e-03	7.4646626890e-04	4.4677815847e-03	1.8514006546e-01	5.4189619966e-02	1.3095044550e-01	-3.8380412766e-02	-1.8606576579e-03	5.2403190929e-05	-3.4936885732e-17	5.2403190929e-05	-5.2403190929e-05
1.2               	5.2129656968e-03	7.4483976786e-04	4.4681259290e-03	1.8523811747e-01	5.4221484087e-02	1.3101663338e-01	-3.8397574647e-02	-1.8616430805e-03	5.2390305253e-05	-3.4933624971e-17	5.2390305253e-05	-5.2390305253e-05
1.4               	5.2126178681e-03	7.4440776925e-04	4.4682100989e-03	1.8526379749e-01	5.4229936361e-02	1.3103386113e-01	-3.8401962387e-02	-1.8619011648e-03	5.2386809575e-05	-3.4932735856e-17	5.2386809575e-05	-5.2386809575e-05
1.6               	5.2125651178e-03	7.4431072571e-04	4.4682543921e-03	1.8527082917e-01	5.4232194490e-02	1.3103863469e-01	-3.8403220098e-02	-1.8619718332e-03	5.2386279434e-05	-3.4932532785e-17	5.2386279434e-05	-5.2386279434e-05
1.8               	5.2125822237e-03	7.4429573945e-04	4.4682864842e-03	1.8527317138e-01	5.4232788023e-02	1.3104038336e-01	-3.8403797668e-02	-1.8619953724e-03	5.2386451348e-05	-3.4932448136e-17	5.2386451348e-05	-5.2386451348e-05
2                 	5.2125159194e-03	7.4426024616e-04	4.4682556732e-03	1.8527340433e-01	5.4233128514e-02	1.3104027582e-01	-3.8403573652e-02	-1.8619977135e-03	5.2385784990e-05	-3.4932409781e-17	5.2385784990e-05	-5.2385784990e-05
2.2               	5.2124969118e-03	7.4425090232e-04	4.4682460095e-03	1.8527338841e-01	5.4233101312e-02	1.3104028710e-01	-3.8403592896e-02	-1.8619975536e-03	5.2385593963e-05	-3.4932425608e-17	5.2385593963e-05	-5.2385593963e-05
2.4               	5.2125324426e-03	7.4426953405e-04	4.4682629086e-03	1.8527330222e-01	5.4233043929e-02	1.3104025829e-01	-3.8403607178e-02	-1.8619966873e-03	5.2385951049e-05	-3.4932503177e-17	5.2385951048e-05	-5.2385951049e-05
2.6               	5.2125866051e-03	7.4429015814e-04	4.4682964470e-03	1.8527394472e-01	5.4233009262e-02	1.3104093546e-01	-3.8403963097e-02	-1.8620031444e-03	5.2386495382e-05	-3.4932514018e-17	5.2386495382e-05	-5.2386495382e-05
2.8               	5.2125198808e-03	7.4426048621e-04	4.4682593946e-03	1.8527357753e-01	5.4233185449e-02	1.3104039208e-01	-3.8403603316e-02	-1.8619994542e-03	5.2385824802e-05	-3.4932478798e-17	5.2385824802e-05	-5.2385824802e-05
3                 	5.2124986167e-03	7.4425222709e-04	4.4682463896e-03	1.8527334142e-01	5.4233102964e-02	1.3104023846e-01	-3.8403567746e-02	-1.8619970813e-03	5.2385611098e-05	-3.4932466376e-17	5.2385611098e-05	-5.2385611098e-05
3.2               	5.2125347201e-03	7.4426956532e-04	4.4682651547e-03	1.8527341241e-01	5.4233047098e-02	1.3104036531e-01	-3.8403659106e-02	-1.8619977947e-03	5.2385973937e-05	-3.4932498928e-17	5.2385973937e-05	-5.2385973937e-05
3.4               	5.2125828147e-03	7.4428808199e-04	4.4682947327e-03	1.8527396272e-01	5.4233014286e-02	1.3104094844e-01	-3.8403967075e-02	-1.8620033253e-03	5.2386457287e-05	-3.4932471973e-17	5.2386457287e-05	-5.2386457287e-05
3.6               	5.2125144943e-03	7.4425861665e-04	4.4682558777e-03	1.8527349557e-01	5.4233180973e-02	1.3104031460e-01	-3.8403566813e-02	-1.8619986305e-03	5.2385770668e-05	-3.4932417589e-17	5.2385770668e-05	-5.2385770668e-05
3.8               	5.2124935324e-03	7.4424918899e-04	4.4682443434e-03	1.8527339077e-01	5.4233108146e-02	1.3104028262e-01	-3.8403587239e-02	-1.8619975772e-03	5.2385560001e-05	-3.4932388693e-17	5.2385560001e-05	-5.2385560001e-05
4                 	5.2125300180e-03	7.4426705417e-04	4.4682629639e-03	1.8527342834e-01	5.4233054003e-02	1.3104037434e-01	-3.8403660168e-02	-1.8619979549e-03	5.2385926681e-05	-3.4932435424e-17	5.2385926681e-05	-5.2385926681e-05
4.2               	5.2125764368e-03	7.4428572183e-04	4.4682907150e-03	1.8527388026e-01	5.4233023122e-02	1.3104085713e-01	-3.8403917005e-02	-1.8620024966e-03	5.2386393190e-05	-3.4932456108e-17	5.2386393190e-05	-5.2386393190e-05
4.4               	5.2125185383e-03	7.4425964169e-04	4.4682588966e-03	1.8527359477e-01	5.4233190145e-02	1.3104040463e-01	-3.8403607242e-02	-1.8619996275e-03	5.2385811310e-05	-3.4932450607e-17	5.2385811310e-05	-5.2385811310e-05
4.6               	5.2124974984e-03	7.4425068499e-04	4.4682468134e-03	1.8527343922e-01	5.4233116409e-02	1.3104032281e-01	-3.8403603203e-02	-1.8619980642e-03	5.2385599859e-05	-3.4932459030e-17	5.2385599859e-05	-5.2385599859e-05
4.8               	5.2125325351e-03	7.4426949498e-04	4.4682630401e-03	1.8527331070e-01	5.4233045144e-02	1.3104026556e-01	-3.8403610207e-02	-1.8619967726e-03	5.2385951978e-05	-3.4932513478e-17	5.2385951978e-05	-5.2385951978e-05
5                 	5.2125884361e-03	7.4429108848e-04	4.4682973476e-03	1.8527394324e-01	5.4233007604e-02	1.3104093563e-01	-3.8403964015e-02	-1.8620031295e-03	5.2386513782e-05	-3.4932516585e-17	5.2386513782e-05	-5.2386513782e-05
