/*--------------------------------*- C++ -*----------------------------------*\
| =========                 |                                                 |
| \\      /  F ield         | OpenFOAM: The Open Source CFD Toolbox           |
|  \\    /   O peration     | Version:  2206                                  |
|   \\  /    A nd           | Website:  www.openfoam.com                      |
|    \\/     M anipulation  |                                                 |
\*---------------------------------------------------------------------------*/
FoamFile
{
    version     2.0;
    format      ascii;
    arch        "LSB;label=64;scalar=64";
    class       volScalarField;
    location    "1.8/solid";
    object      T;
}
// * * * * * * * * * * * * * * * * * * * * * * * * * * * * * * * * * * * * * //

dimensions      [0 0 0 1 0 0 0];

internalField   nonuniform List<scalar> 
500
(
1098.87024334
1098.69932017
1098.35629677
1097.83864881
1097.14294189
1096.26794179
1095.21452408
1093.98081318
1092.55850607
1091.04531284
1099.92290108
1099.75869472
1099.43010163
1098.93690898
1098.27912922
1097.45813878
1096.47811713
1095.34786004
1094.08227892
1092.70412862
1100.97977453
1100.82255683
1100.50843787
1100.03813979
1099.41296397
1098.6352191
1097.70890942
1096.64049837
1095.4379159
1094.10293248
1102.01151602
1101.85991262
1101.5570842
1101.10383179
1100.50144953
1099.75186652
1098.85788493
1097.82338229
1096.65172112
1095.33662149
1102.9907879
1102.84323362
1102.54842751
1102.10699351
1101.51988763
1100.78842545
1099.91437703
1098.90012683
1097.74715728
1096.44534828
1103.89905621
1103.75437705
1103.46523673
1103.03207828
1102.45555484
1101.73651722
1100.87608539
1099.87594473
1098.73714712
1097.44744868
1104.7269997
1104.58448738
1104.29962249
1103.87272649
1103.30425786
1102.5947852
1101.745061
1100.75649595
1099.63048985
1098.35382114
1105.47248396
1105.33178465
1105.05051383
1104.62892691
1104.06737879
1103.36628909
1102.52621475
1101.54850432
1100.43539203
1099.17405974
1106.13834716
1105.99933094
1105.72141276
1105.30481995
1104.7498634
1104.0568946
1103.22636242
1102.25962974
1101.16011904
1099.9169848
1106.73051222
1106.59317534
1106.31861369
1105.90704976
1105.35878616
1104.6741537
1103.85353556
1102.89830722
1101.81333318
1100.59131492
1107.25651883
1107.12092134
1106.84984293
1106.44351455
1105.90225123
1105.22639108
1104.41627076
1103.47321194
1102.40357921
1101.20541472
1107.72445779
1107.5906863
1107.32326787
1106.9224492
1106.38856935
1105.72199104
1104.92301502
1103.99282572
1102.93938105
1101.76999427
1108.14225348
1108.01039915
1107.74682469
1107.35179593
1106.82568177
1106.16888022
1105.38166395
1104.46495416
1103.42786024
1102.29266366
1108.51722593
1108.38737181
1108.12780755
1107.73881843
1107.22080422
1106.57420321
1105.7992688
1104.89653735
1103.87519638
1102.78140484
1108.8558622
1108.72807687
1108.47265911
1108.08991174
1107.58026305
1106.94419254
1106.18194966
1105.29365684
1104.28713267
1103.22176459
1109.16373081
1109.0380663
1108.78689762
1108.41054223
1107.90945244
1107.284146
1106.53487924
1105.66138143
1104.66958524
1103.6159
1109.44548519
1109.32197703
1109.07512691
1108.70526377
1108.21285911
1107.59846456
1106.86235234
1106.00389771
1105.02710744
1103.98377439
1109.70491605
1109.58358398
1109.34109047
1108.97777316
1108.49411893
1107.89071198
1107.16785929
1106.32465663
1105.36327548
1104.33123878
1109.94502601
1109.82587456
1109.58774522
1109.23098132
1108.75608053
1108.16365511
1107.45405594
1106.62614431
1105.68022285
1104.65828018
1110.16811029
1110.05112938
1109.81734243
1109.46709517
1109.00089092
1108.41936496
1107.72292417
1106.91027226
1105.97997606
1104.96897905
1110.37583237
1110.26099835
1110.03150482
1109.68769661
1109.23007726
1108.65929798
1107.97582525
1107.17825531
1106.26345435
1105.262468
1110.56928727
1110.45656414
1110.23129041
1109.89380675
1109.44461163
1108.88436496
1108.21359613
1107.4308541
1106.53140028
1105.5406939
1110.74904838
1110.63838915
1110.41723965
1110.08593325
1109.64495826
1109.0949763
1108.43658414
1107.66835772
1106.78410349
1105.80276684
1110.91519566
1110.80654365
1110.58940356
1110.26409854
1109.83110185
1109.29106858
1108.64465925
1107.89052237
1107.02107599
1106.04900736
1111.06732526
1110.96061519
1110.74735248
1110.42784719
1110.00255259
1109.47210887
1108.83723814
1108.09673131
1107.24182074
1106.27822842
1111.20454143
1111.09970044
1110.89016824
1110.57623941
1110.15834318
1109.63709721
1109.01328156
1108.28589681
1107.4451776
1106.49015476
1111.32543162
1111.22237993
1111.01641778
1110.70782254
1110.29699639
1109.78452767
1109.17124783
1108.45642403
1107.6294516
1106.6818587
1111.42802752
1111.32667862
1111.12411275
1110.82058862
1110.41647844
1109.91233322
1109.3090226
1108.6061339
1107.79247567
1106.85213318
1111.50975506
1111.41001584
1111.21065951
1110.91192519
1110.51415353
1110.01785293
1109.4239211
1108.73232247
1107.93151862
1106.99706376
1111.56737681
1111.46914766
1111.27280125
1110.97855645
1110.5867211
1110.09775553
1109.51257011
1108.83155329
1108.04312454
1107.11375378
1111.59693122
1111.50010651
1111.30655851
1111.01648536
1110.63016116
1110.14799277
1109.57088389
1108.89969063
1108.12320913
1107.19717806
1111.59367288
1111.49814197
1111.30717105
1111.02093769
1110.63968293
1110.16375828
1109.59404327
1108.93189303
1108.16700631
1107.24283377
1111.55201856
1111.45766738
1111.26904553
1110.98631047
1110.60967135
1110.13942338
1109.57640036
1108.92246219
1108.16892442
1107.24461298
1111.46550288
1111.37221635
1111.18571365
1110.90613279
1110.53365251
1110.06851122
1109.51147042
1108.86484662
1108.12245754
1107.19710259
1111.32674763
1111.23441246
1111.04980281
1110.77303836
1110.4042698
1109.94368119
1109.39194133
1108.75174275
1108.0203486
1107.10446762
1111.1274491
1111.03595646
1110.85302294
1110.57875146
1110.21326758
1109.75670424
1109.20961727
1108.57494305
1107.85378787
1106.960334
1110.85839025
1110.7676375
1110.58617584
1110.31409353
1109.95149467
1109.49846639
1108.95543682
1108.32543267
1107.61329642
1106.7468404
1110.50948556
1110.41937655
1110.23919569
1109.96901909
1109.60893393
1109.15898984
1108.61948399
1107.99338713
1107.28895699
1106.45079323
1110.06986739
1109.9803112
1109.80123065
1109.53269222
1109.1747704
1108.72748504
1108.19100079
1107.56807945
1106.8698689
1106.06153884
1109.52802165
1109.43892974
1109.26077375
1108.99361312
1108.63751374
1108.19247358
1107.65852975
1107.03809724
1106.34442403
1105.5685293
1108.87197888
1108.78326054
1108.60584922
1108.33980011
1107.98517474
1107.5419575
1107.01006879
1106.39146854
1105.7003257
1104.95975517
1108.08956415
1108.00112017
1107.82425695
1107.55902891
1107.20549842
1106.76364587
1106.23329086
1105.61588117
1104.92509247
1104.20622592
1107.16870711
1107.08042123
1106.90387577
1106.63912855
1106.28624949
1105.84522714
1105.31580301
1104.69891074
1104.00710004
1103.28843949
1106.09781172
1106.00953993
1105.83302628
1105.56833646
1105.21555573
1104.77469659
1104.24545406
1103.62827092
1102.93443396
1102.21285169
1104.86618305
1104.77774162
1104.60089303
1104.3357127
1103.98230682
1103.54072887
1103.01067013
1102.39213159
1101.69506553
1100.96890423
1103.46450376
1103.37565944
1103.19800616
1102.93162191
1102.57662545
1102.13311467
1101.60081982
1100.97937756
1100.27737186
1099.5447742
1101.88533596
1101.79580425
1101.61677149
1101.34829492
1100.99046021
1100.54335388
1100.00672111
1099.37987198
1098.67001009
1097.92785917
1100.12357768
1100.03302639
1099.85197328
1099.58043112
1099.2183522
1098.7656271
1098.22177183
1097.58551268
1096.86242075
1096.10489435
1098.17672869
1098.08470666
1097.90097735
1097.62557253
1097.25820983
1096.79827812
1096.24445437
1095.5937974
1094.84830551
1094.06012373
1096.04510087
1095.95038305
1095.76317517
1095.48364375
1095.11134818
1094.64510513
1094.08208736
1093.41617789
1092.64484669
1091.81771291
)
;

boundaryField
{
    symmetric
    {
        type            symmetry;
    }
    emptyPatch
    {
        type            empty;
    }
    solid_to_water
    {
        type            compressible::turbulentTemperatureTwoPhaseRadCoupledMixed;
        refValue        nonuniform List<scalar> 
70
(
384.684118636
383.103672668
381.78957971
380.703792627
379.725530988
378.770585176
376.83699015
369.028118675
347.686391394
338.613394783
339.682275919
340.302594341
340.381859022
340.28628194
340.201498194
340.017943101
339.430629615
338.359661862
337.244881244
336.27876877
335.636392251
335.585653385
336.719508855
342.268959976
368.124715032
381.427115819
380.572187216
391.326446677
386.11087395
394.919193221
388.268499776
396.70798669
389.471310379
396.693665131
389.98258742
395.022407803
390.183240759
394.196207457
389.76199731
393.271992982
389.929931574
390.750008773
386.745574496
369.765369824
348.973427478
341.394336284
338.397666421
337.030618865
336.837406825
338.142336678
345.127078983
389.841127556
417.00868905
428.429534096
432.549278598
436.813493032
437.256568439
438.308437253
433.814093534
334.23899092
334.355135294
334.434583395
334.513500374
334.589345729
334.651178287
334.717266842
334.911556495
335.835771193
403.569712806
342.60756671
)
;
        refGradient     uniform 0;
        valueFraction   nonuniform List<scalar> 
70
(
0.000667837360454
0.000668054382864
0.000668614385473
0.000668819042265
0.000669283795308
0.000670517150272
0.000681186193338
0.000751488239292
0.00113935547116
0.00147194011627
0.000978633315562
0.00097985555889
0.00098064214468
0.000981807371394
0.000982451916822
0.000983426307933
0.000985723695691
0.000985660955983
0.000977897560935
0.000965778088929
0.000955524550854
0.000955818497771
0.000973899921172
0.000956680269307
0.000640088928955
0.000595415923753
0.000639023198612
0.000589294817473
0.000635120584463
0.000589723291689
0.000635302216123
0.000590284294344
0.000635460878799
0.000595614803552
0.000635597040045
0.000606400410034
0.000635709075274
0.000612714632969
0.000640110126434
0.000619967216032
0.000640157984285
0.000631980627116
0.000641391061367
0.000721605017231
0.000914451324581
0.000989468440013
0.000985900459592
0.000974431658806
0.000974516495275
0.000986809545714
0.000940194115842
0.000558919931426
0.000504769793805
0.00049977543701
0.000504404385121
0.000500478181765
0.00050391337469
0.000502957013359
0.000514944110264
0.00151661402557
0.00152299685914
0.00152660986035
0.00152988332564
0.00153259125997
0.00153433143697
0.00153600659805
0.00154096975946
0.00152732084298
0.00061009215332
0.0012094046376
)
;
        source          uniform 0;
        value           nonuniform List<scalar> 
70
(
1098.3944898
1098.22246556
1097.87837403
1097.36015286
1096.66381267
1095.7876939
1094.72585035
1093.43679388
1091.71122037
1089.9392342
1090.31146074
1091.96860702
1093.36563227
1094.59722267
1095.70437855
1096.70468276
1097.60798548
1098.42654855
1099.1736245
1099.85563787
1100.4764335
1101.04044736
1101.55037621
1102.05723763
1102.75027487
1103.18424677
1103.52049964
1103.90941669
1104.20099031
1104.54874642
1104.80620357
1105.12095412
1105.34698227
1105.62542128
1105.82253441
1106.05796063
1106.22611634
1106.41496094
1106.53790204
1106.67090828
1106.73806945
1106.79000279
1106.78265365
1106.66636321
1106.41558449
1106.20863307
1105.99541299
1105.7072839
1105.31845542
1104.81823221
1104.25201467
1103.80821093
1102.94231626
1101.87623655
1100.63188108
1099.21310806
1097.59493487
1095.77392469
1093.7198168
1094.89117553
1094.7919175
1094.60236755
1094.32089549
1093.94722946
1093.48048108
1092.91718299
1092.24881864
1091.48981436
1091.39650919
1090.91030646
)
;
        kappaMethod     solidThermo;
        Tnbr            T.liquid;
        region          solid;
        otherPhase      gas;
    }
}


// ************************************************************************* //
