/*--------------------------------*- C++ -*----------------------------------*\
| =========                 |                                                 |
| \\      /  F ield         | OpenFOAM: The Open Source CFD Toolbox           |
|  \\    /   O peration     | Version:  2206                                  |
|   \\  /    A nd           | Website:  www.openfoam.com                      |
|    \\/     M anipulation  |                                                 |
\*---------------------------------------------------------------------------*/
FoamFile
{
    version     2.0;
    format      ascii;
    arch        "LSB;label=64;scalar=64";
    class       vectorField;
    location    "constant/polyMesh";
    object      points;
}
// * * * * * * * * * * * * * * * * * * * * * * * * * * * * * * * * * * * * * //


1122
(
(-1.2 -1 -0.1)
(-1.06875 -1 -0.1)
(-0.9375 -1 -0.1)
(-0.80625 -1 -0.1)
(-0.675 -1 -0.1)
(-0.54375 -1 -0.1)
(-0.4125 -1 -0.1)
(-0.28125 -1 -0.1)
(-0.15 -1 -0.1)
(-0.01875 -1 -0.1)
(0.1125 -1 -0.1)
(0.24375 -1 -0.1)
(0.375 -1 -0.1)
(0.50625 -1 -0.1)
(0.6375 -1 -0.1)
(0.76875 -1 -0.1)
(0.9 -1 -0.1)
(1.03125 -1 -0.1)
(1.1625 -1 -0.1)
(1.29375 -1 -0.1)
(1.425 -1 -0.1)
(1.55625 -1 -0.1)
(1.6875 -1 -0.1)
(1.81875 -1 -0.1)
(1.95 -1 -0.1)
(2.08125 -1 -0.1)
(2.2125 -1 -0.1)
(2.34375 -1 -0.1)
(2.475 -1 -0.1)
(2.60625 -1 -0.1)
(2.7375 -1 -0.1)
(2.86875 -1 -0.1)
(3 -1 -0.1)
(-1.2 -0.875 -0.1)
(-1.06875 -0.875 -0.1)
(-0.9375 -0.875 -0.1)
(-0.80625 -0.875 -0.1)
(-0.675 -0.875 -0.1)
(-0.54375 -0.875 -0.1)
(-0.4125 -0.875 -0.1)
(-0.28125 -0.875 -0.1)
(-0.15 -0.875 -0.1)
(-0.01875 -0.875 -0.1)
(0.1125 -0.875 -0.1)
(0.24375 -0.875 -0.1)
(0.375 -0.875 -0.1)
(0.50625 -0.875 -0.1)
(0.6375 -0.875 -0.1)
(0.76875 -0.875 -0.1)
(0.9 -0.875 -0.1)
(1.03125 -0.875 -0.1)
(1.1625 -0.875 -0.1)
(1.29375 -0.875 -0.1)
(1.425 -0.875 -0.1)
(1.55625 -0.875 -0.1)
(1.6875 -0.875 -0.1)
(1.81875 -0.875 -0.1)
(1.95 -0.875 -0.1)
(2.08125 -0.875 -0.1)
(2.2125 -0.875 -0.1)
(2.34375 -0.875 -0.1)
(2.475 -0.875 -0.1)
(2.60625 -0.875 -0.1)
(2.7375 -0.875 -0.1)
(2.86875 -0.875 -0.1)
(3 -0.875 -0.1)
(-1.2 -0.75 -0.1)
(-1.06875 -0.75 -0.1)
(-0.9375 -0.75 -0.1)
(-0.80625 -0.75 -0.1)
(-0.675 -0.75 -0.1)
(-0.54375 -0.75 -0.1)
(-0.4125 -0.75 -0.1)
(-0.28125 -0.75 -0.1)
(-0.15 -0.75 -0.1)
(-0.01875 -0.75 -0.1)
(0.1125 -0.75 -0.1)
(0.24375 -0.75 -0.1)
(0.375 -0.75 -0.1)
(0.50625 -0.75 -0.1)
(0.6375 -0.75 -0.1)
(0.76875 -0.75 -0.1)
(0.9 -0.75 -0.1)
(1.03125 -0.75 -0.1)
(1.1625 -0.75 -0.1)
(1.29375 -0.75 -0.1)
(1.425 -0.75 -0.1)
(1.55625 -0.75 -0.1)
(1.6875 -0.75 -0.1)
(1.81875 -0.75 -0.1)
(1.95 -0.75 -0.1)
(2.08125 -0.75 -0.1)
(2.2125 -0.75 -0.1)
(2.34375 -0.75 -0.1)
(2.475 -0.75 -0.1)
(2.60625 -0.75 -0.1)
(2.7375 -0.75 -0.1)
(2.86875 -0.75 -0.1)
(3 -0.75 -0.1)
(-1.2 -0.625 -0.1)
(-1.06875 -0.625 -0.1)
(-0.9375 -0.625 -0.1)
(-0.80625 -0.625 -0.1)
(-0.675 -0.625 -0.1)
(-0.54375 -0.625 -0.1)
(-0.4125 -0.625 -0.1)
(-0.28125 -0.625 -0.1)
(-0.15 -0.625 -0.1)
(-0.01875 -0.625 -0.1)
(0.1125 -0.625 -0.1)
(0.24375 -0.625 -0.1)
(0.375 -0.625 -0.1)
(0.50625 -0.625 -0.1)
(0.6375 -0.625 -0.1)
(0.76875 -0.625 -0.1)
(0.9 -0.625 -0.1)
(1.03125 -0.625 -0.1)
(1.1625 -0.625 -0.1)
(1.29375 -0.625 -0.1)
(1.425 -0.625 -0.1)
(1.55625 -0.625 -0.1)
(1.6875 -0.625 -0.1)
(1.81875 -0.625 -0.1)
(1.95 -0.625 -0.1)
(2.08125 -0.625 -0.1)
(2.2125 -0.625 -0.1)
(2.34375 -0.625 -0.1)
(2.475 -0.625 -0.1)
(2.60625 -0.625 -0.1)
(2.7375 -0.625 -0.1)
(2.86875 -0.625 -0.1)
(3 -0.625 -0.1)
(-1.2 -0.5 -0.1)
(-1.06875 -0.5 -0.1)
(-0.9375 -0.5 -0.1)
(-0.80625 -0.5 -0.1)
(-0.675 -0.5 -0.1)
(-0.54375 -0.5 -0.1)
(-0.4125 -0.5 -0.1)
(-0.28125 -0.5 -0.1)
(-0.15 -0.5 -0.1)
(-0.01875 -0.5 -0.1)
(0.1125 -0.5 -0.1)
(0.24375 -0.5 -0.1)
(0.375 -0.5 -0.1)
(0.50625 -0.5 -0.1)
(0.6375 -0.5 -0.1)
(0.76875 -0.5 -0.1)
(0.9 -0.5 -0.1)
(1.03125 -0.5 -0.1)
(1.1625 -0.5 -0.1)
(1.29375 -0.5 -0.1)
(1.425 -0.5 -0.1)
(1.55625 -0.5 -0.1)
(1.6875 -0.5 -0.1)
(1.81875 -0.5 -0.1)
(1.95 -0.5 -0.1)
(2.08125 -0.5 -0.1)
(2.2125 -0.5 -0.1)
(2.34375 -0.5 -0.1)
(2.475 -0.5 -0.1)
(2.60625 -0.5 -0.1)
(2.7375 -0.5 -0.1)
(2.86875 -0.5 -0.1)
(3 -0.5 -0.1)
(-1.2 -0.375 -0.1)
(-1.06875 -0.375 -0.1)
(-0.9375 -0.375 -0.1)
(-0.80625 -0.375 -0.1)
(-0.675 -0.375 -0.1)
(-0.54375 -0.375 -0.1)
(-0.4125 -0.375 -0.1)
(-0.28125 -0.375 -0.1)
(-0.15 -0.375 -0.1)
(-0.01875 -0.375 -0.1)
(0.1125 -0.375 -0.1)
(0.24375 -0.375 -0.1)
(0.375 -0.375 -0.1)
(0.50625 -0.375 -0.1)
(0.6375 -0.375 -0.1)
(0.76875 -0.375 -0.1)
(0.9 -0.375 -0.1)
(1.03125 -0.375 -0.1)
(1.1625 -0.375 -0.1)
(1.29375 -0.375 -0.1)
(1.425 -0.375 -0.1)
(1.55625 -0.375 -0.1)
(1.6875 -0.375 -0.1)
(1.81875 -0.375 -0.1)
(1.95 -0.375 -0.1)
(2.08125 -0.375 -0.1)
(2.2125 -0.375 -0.1)
(2.34375 -0.375 -0.1)
(2.475 -0.375 -0.1)
(2.60625 -0.375 -0.1)
(2.7375 -0.375 -0.1)
(2.86875 -0.375 -0.1)
(3 -0.375 -0.1)
(-1.2 -0.25 -0.1)
(-1.06875 -0.25 -0.1)
(-0.9375 -0.25 -0.1)
(-0.80625 -0.25 -0.1)
(-0.675 -0.25 -0.1)
(-0.54375 -0.25 -0.1)
(-0.4125 -0.25 -0.1)
(-0.28125 -0.25 -0.1)
(-0.15 -0.25 -0.1)
(-0.01875 -0.25 -0.1)
(0.1125 -0.25 -0.1)
(0.24375 -0.25 -0.1)
(0.375 -0.25 -0.1)
(0.50625 -0.25 -0.1)
(0.6375 -0.25 -0.1)
(0.76875 -0.25 -0.1)
(0.9 -0.25 -0.1)
(1.03125 -0.25 -0.1)
(1.1625 -0.25 -0.1)
(1.29375 -0.25 -0.1)
(1.425 -0.25 -0.1)
(1.55625 -0.25 -0.1)
(1.6875 -0.25 -0.1)
(1.81875 -0.25 -0.1)
(1.95 -0.25 -0.1)
(2.08125 -0.25 -0.1)
(2.2125 -0.25 -0.1)
(2.34375 -0.25 -0.1)
(2.475 -0.25 -0.1)
(2.60625 -0.25 -0.1)
(2.7375 -0.25 -0.1)
(2.86875 -0.25 -0.1)
(3 -0.25 -0.1)
(-1.2 -0.125 -0.1)
(-1.06875 -0.125 -0.1)
(-0.9375 -0.125 -0.1)
(-0.80625 -0.125 -0.1)
(-0.675 -0.125 -0.1)
(-0.54375 -0.125 -0.1)
(-0.4125 -0.125 -0.1)
(-0.28125 -0.125 -0.1)
(-0.15 -0.125 -0.1)
(-0.01875 -0.125 -0.1)
(0.1125 -0.125 -0.1)
(0.24375 -0.125 -0.1)
(0.375 -0.125 -0.1)
(0.50625 -0.125 -0.1)
(0.6375 -0.125 -0.1)
(0.76875 -0.125 -0.1)
(0.9 -0.125 -0.1)
(1.03125 -0.125 -0.1)
(1.1625 -0.125 -0.1)
(1.29375 -0.125 -0.1)
(1.425 -0.125 -0.1)
(1.55625 -0.125 -0.1)
(1.6875 -0.125 -0.1)
(1.81875 -0.125 -0.1)
(1.95 -0.125 -0.1)
(2.08125 -0.125 -0.1)
(2.2125 -0.125 -0.1)
(2.34375 -0.125 -0.1)
(2.475 -0.125 -0.1)
(2.60625 -0.125 -0.1)
(2.7375 -0.125 -0.1)
(2.86875 -0.125 -0.1)
(3 -0.125 -0.1)
(-1.2 0 -0.1)
(-1.06875 0 -0.1)
(-0.9375 0 -0.1)
(-0.80625 0 -0.1)
(-0.675 0 -0.1)
(-0.54375 0 -0.1)
(-0.4125 0 -0.1)
(-0.28125 0 -0.1)
(-0.15 0 -0.1)
(-0.01875 0 -0.1)
(0.1125 0 -0.1)
(0.24375 0 -0.1)
(0.375 0 -0.1)
(0.50625 0 -0.1)
(0.6375 0 -0.1)
(0.76875 0 -0.1)
(0.9 0 -0.1)
(1.03125 0 -0.1)
(1.1625 0 -0.1)
(1.29375 0 -0.1)
(1.425 0 -0.1)
(1.55625 0 -0.1)
(1.6875 0 -0.1)
(1.81875 0 -0.1)
(1.95 0 -0.1)
(2.08125 0 -0.1)
(2.2125 0 -0.1)
(2.34375 0 -0.1)
(2.475 0 -0.1)
(2.60625 0 -0.1)
(2.7375 0 -0.1)
(2.86875 0 -0.1)
(3 0 -0.1)
(-1.2 0.125 -0.1)
(-1.06875 0.125 -0.1)
(-0.9375 0.125 -0.1)
(-0.80625 0.125 -0.1)
(-0.675 0.125 -0.1)
(-0.54375 0.125 -0.1)
(-0.4125 0.125 -0.1)
(-0.28125 0.125 -0.1)
(-0.15 0.125 -0.1)
(-0.01875 0.125 -0.1)
(0.1125 0.125 -0.1)
(0.24375 0.125 -0.1)
(0.375 0.125 -0.1)
(0.50625 0.125 -0.1)
(0.6375 0.125 -0.1)
(0.76875 0.125 -0.1)
(0.9 0.125 -0.1)
(1.03125 0.125 -0.1)
(1.1625 0.125 -0.1)
(1.29375 0.125 -0.1)
(1.425 0.125 -0.1)
(1.55625 0.125 -0.1)
(1.6875 0.125 -0.1)
(1.81875 0.125 -0.1)
(1.95 0.125 -0.1)
(2.08125 0.125 -0.1)
(2.2125 0.125 -0.1)
(2.34375 0.125 -0.1)
(2.475 0.125 -0.1)
(2.60625 0.125 -0.1)
(2.7375 0.125 -0.1)
(2.86875 0.125 -0.1)
(3 0.125 -0.1)
(-1.2 0.25 -0.1)
(-1.06875 0.25 -0.1)
(-0.9375 0.25 -0.1)
(-0.80625 0.25 -0.1)
(-0.675 0.25 -0.1)
(-0.54375 0.25 -0.1)
(-0.4125 0.25 -0.1)
(-0.28125 0.25 -0.1)
(-0.15 0.25 -0.1)
(-0.01875 0.25 -0.1)
(0.1125 0.25 -0.1)
(0.24375 0.25 -0.1)
(0.375 0.25 -0.1)
(0.50625 0.25 -0.1)
(0.6375 0.25 -0.1)
(0.76875 0.25 -0.1)
(0.9 0.25 -0.1)
(1.03125 0.25 -0.1)
(1.1625 0.25 -0.1)
(1.29375 0.25 -0.1)
(1.425 0.25 -0.1)
(1.55625 0.25 -0.1)
(1.6875 0.25 -0.1)
(1.81875 0.25 -0.1)
(1.95 0.25 -0.1)
(2.08125 0.25 -0.1)
(2.2125 0.25 -0.1)
(2.34375 0.25 -0.1)
(2.475 0.25 -0.1)
(2.60625 0.25 -0.1)
(2.7375 0.25 -0.1)
(2.86875 0.25 -0.1)
(3 0.25 -0.1)
(-1.2 0.375 -0.1)
(-1.06875 0.375 -0.1)
(-0.9375 0.375 -0.1)
(-0.80625 0.375 -0.1)
(-0.675 0.375 -0.1)
(-0.54375 0.375 -0.1)
(-0.4125 0.375 -0.1)
(-0.28125 0.375 -0.1)
(-0.15 0.375 -0.1)
(-0.01875 0.375 -0.1)
(0.1125 0.375 -0.1)
(0.24375 0.375 -0.1)
(0.375 0.375 -0.1)
(0.50625 0.375 -0.1)
(0.6375 0.375 -0.1)
(0.76875 0.375 -0.1)
(0.9 0.375 -0.1)
(1.03125 0.375 -0.1)
(1.1625 0.375 -0.1)
(1.29375 0.375 -0.1)
(1.425 0.375 -0.1)
(1.55625 0.375 -0.1)
(1.6875 0.375 -0.1)
(1.81875 0.375 -0.1)
(1.95 0.375 -0.1)
(2.08125 0.375 -0.1)
(2.2125 0.375 -0.1)
(2.34375 0.375 -0.1)
(2.475 0.375 -0.1)
(2.60625 0.375 -0.1)
(2.7375 0.375 -0.1)
(2.86875 0.375 -0.1)
(3 0.375 -0.1)
(-1.2 0.5 -0.1)
(-1.06875 0.5 -0.1)
(-0.9375 0.5 -0.1)
(-0.80625 0.5 -0.1)
(-0.675 0.5 -0.1)
(-0.54375 0.5 -0.1)
(-0.4125 0.5 -0.1)
(-0.28125 0.5 -0.1)
(-0.15 0.5 -0.1)
(-0.01875 0.5 -0.1)
(0.1125 0.5 -0.1)
(0.24375 0.5 -0.1)
(0.375 0.5 -0.1)
(0.50625 0.5 -0.1)
(0.6375 0.5 -0.1)
(0.76875 0.5 -0.1)
(0.9 0.5 -0.1)
(1.03125 0.5 -0.1)
(1.1625 0.5 -0.1)
(1.29375 0.5 -0.1)
(1.425 0.5 -0.1)
(1.55625 0.5 -0.1)
(1.6875 0.5 -0.1)
(1.81875 0.5 -0.1)
(1.95 0.5 -0.1)
(2.08125 0.5 -0.1)
(2.2125 0.5 -0.1)
(2.34375 0.5 -0.1)
(2.475 0.5 -0.1)
(2.60625 0.5 -0.1)
(2.7375 0.5 -0.1)
(2.86875 0.5 -0.1)
(3 0.5 -0.1)
(-1.2 0.625 -0.1)
(-1.06875 0.625 -0.1)
(-0.9375 0.625 -0.1)
(-0.80625 0.625 -0.1)
(-0.675 0.625 -0.1)
(-0.54375 0.625 -0.1)
(-0.4125 0.625 -0.1)
(-0.28125 0.625 -0.1)
(-0.15 0.625 -0.1)
(-0.01875 0.625 -0.1)
(0.1125 0.625 -0.1)
(0.24375 0.625 -0.1)
(0.375 0.625 -0.1)
(0.50625 0.625 -0.1)
(0.6375 0.625 -0.1)
(0.76875 0.625 -0.1)
(0.9 0.625 -0.1)
(1.03125 0.625 -0.1)
(1.1625 0.625 -0.1)
(1.29375 0.625 -0.1)
(1.425 0.625 -0.1)
(1.55625 0.625 -0.1)
(1.6875 0.625 -0.1)
(1.81875 0.625 -0.1)
(1.95 0.625 -0.1)
(2.08125 0.625 -0.1)
(2.2125 0.625 -0.1)
(2.34375 0.625 -0.1)
(2.475 0.625 -0.1)
(2.60625 0.625 -0.1)
(2.7375 0.625 -0.1)
(2.86875 0.625 -0.1)
(3 0.625 -0.1)
(-1.2 0.75 -0.1)
(-1.06875 0.75 -0.1)
(-0.9375 0.75 -0.1)
(-0.80625 0.75 -0.1)
(-0.675 0.75 -0.1)
(-0.54375 0.75 -0.1)
(-0.4125 0.75 -0.1)
(-0.28125 0.75 -0.1)
(-0.15 0.75 -0.1)
(-0.01875 0.75 -0.1)
(0.1125 0.75 -0.1)
(0.24375 0.75 -0.1)
(0.375 0.75 -0.1)
(0.50625 0.75 -0.1)
(0.6375 0.75 -0.1)
(0.76875 0.75 -0.1)
(0.9 0.75 -0.1)
(1.03125 0.75 -0.1)
(1.1625 0.75 -0.1)
(1.29375 0.75 -0.1)
(1.425 0.75 -0.1)
(1.55625 0.75 -0.1)
(1.6875 0.75 -0.1)
(1.81875 0.75 -0.1)
(1.95 0.75 -0.1)
(2.08125 0.75 -0.1)
(2.2125 0.75 -0.1)
(2.34375 0.75 -0.1)
(2.475 0.75 -0.1)
(2.60625 0.75 -0.1)
(2.7375 0.75 -0.1)
(2.86875 0.75 -0.1)
(3 0.75 -0.1)
(-1.2 0.875 -0.1)
(-1.06875 0.875 -0.1)
(-0.9375 0.875 -0.1)
(-0.80625 0.875 -0.1)
(-0.675 0.875 -0.1)
(-0.54375 0.875 -0.1)
(-0.4125 0.875 -0.1)
(-0.28125 0.875 -0.1)
(-0.15 0.875 -0.1)
(-0.01875 0.875 -0.1)
(0.1125 0.875 -0.1)
(0.24375 0.875 -0.1)
(0.375 0.875 -0.1)
(0.50625 0.875 -0.1)
(0.6375 0.875 -0.1)
(0.76875 0.875 -0.1)
(0.9 0.875 -0.1)
(1.03125 0.875 -0.1)
(1.1625 0.875 -0.1)
(1.29375 0.875 -0.1)
(1.425 0.875 -0.1)
(1.55625 0.875 -0.1)
(1.6875 0.875 -0.1)
(1.81875 0.875 -0.1)
(1.95 0.875 -0.1)
(2.08125 0.875 -0.1)
(2.2125 0.875 -0.1)
(2.34375 0.875 -0.1)
(2.475 0.875 -0.1)
(2.60625 0.875 -0.1)
(2.7375 0.875 -0.1)
(2.86875 0.875 -0.1)
(3 0.875 -0.1)
(-1.2 1 -0.1)
(-1.06875 1 -0.1)
(-0.9375 1 -0.1)
(-0.80625 1 -0.1)
(-0.675 1 -0.1)
(-0.54375 1 -0.1)
(-0.4125 1 -0.1)
(-0.28125 1 -0.1)
(-0.15 1 -0.1)
(-0.01875 1 -0.1)
(0.1125 1 -0.1)
(0.24375 1 -0.1)
(0.375 1 -0.1)
(0.50625 1 -0.1)
(0.6375 1 -0.1)
(0.76875 1 -0.1)
(0.9 1 -0.1)
(1.03125 1 -0.1)
(1.1625 1 -0.1)
(1.29375 1 -0.1)
(1.425 1 -0.1)
(1.55625 1 -0.1)
(1.6875 1 -0.1)
(1.81875 1 -0.1)
(1.95 1 -0.1)
(2.08125 1 -0.1)
(2.2125 1 -0.1)
(2.34375 1 -0.1)
(2.475 1 -0.1)
(2.60625 1 -0.1)
(2.7375 1 -0.1)
(2.86875 1 -0.1)
(3 1 -0.1)
(-1.2 -1 0.1)
(-1.06875 -1 0.1)
(-0.9375 -1 0.1)
(-0.80625 -1 0.1)
(-0.675 -1 0.1)
(-0.54375 -1 0.1)
(-0.4125 -1 0.1)
(-0.28125 -1 0.1)
(-0.15 -1 0.1)
(-0.01875 -1 0.1)
(0.1125 -1 0.1)
(0.24375 -1 0.1)
(0.375 -1 0.1)
(0.50625 -1 0.1)
(0.6375 -1 0.1)
(0.76875 -1 0.1)
(0.9 -1 0.1)
(1.03125 -1 0.1)
(1.1625 -1 0.1)
(1.29375 -1 0.1)
(1.425 -1 0.1)
(1.55625 -1 0.1)
(1.6875 -1 0.1)
(1.81875 -1 0.1)
(1.95 -1 0.1)
(2.08125 -1 0.1)
(2.2125 -1 0.1)
(2.34375 -1 0.1)
(2.475 -1 0.1)
(2.60625 -1 0.1)
(2.7375 -1 0.1)
(2.86875 -1 0.1)
(3 -1 0.1)
(-1.2 -0.875 0.1)
(-1.06875 -0.875 0.1)
(-0.9375 -0.875 0.1)
(-0.80625 -0.875 0.1)
(-0.675 -0.875 0.1)
(-0.54375 -0.875 0.1)
(-0.4125 -0.875 0.1)
(-0.28125 -0.875 0.1)
(-0.15 -0.875 0.1)
(-0.01875 -0.875 0.1)
(0.1125 -0.875 0.1)
(0.24375 -0.875 0.1)
(0.375 -0.875 0.1)
(0.50625 -0.875 0.1)
(0.6375 -0.875 0.1)
(0.76875 -0.875 0.1)
(0.9 -0.875 0.1)
(1.03125 -0.875 0.1)
(1.1625 -0.875 0.1)
(1.29375 -0.875 0.1)
(1.425 -0.875 0.1)
(1.55625 -0.875 0.1)
(1.6875 -0.875 0.1)
(1.81875 -0.875 0.1)
(1.95 -0.875 0.1)
(2.08125 -0.875 0.1)
(2.2125 -0.875 0.1)
(2.34375 -0.875 0.1)
(2.475 -0.875 0.1)
(2.60625 -0.875 0.1)
(2.7375 -0.875 0.1)
(2.86875 -0.875 0.1)
(3 -0.875 0.1)
(-1.2 -0.75 0.1)
(-1.06875 -0.75 0.1)
(-0.9375 -0.75 0.1)
(-0.80625 -0.75 0.1)
(-0.675 -0.75 0.1)
(-0.54375 -0.75 0.1)
(-0.4125 -0.75 0.1)
(-0.28125 -0.75 0.1)
(-0.15 -0.75 0.1)
(-0.01875 -0.75 0.1)
(0.1125 -0.75 0.1)
(0.24375 -0.75 0.1)
(0.375 -0.75 0.1)
(0.50625 -0.75 0.1)
(0.6375 -0.75 0.1)
(0.76875 -0.75 0.1)
(0.9 -0.75 0.1)
(1.03125 -0.75 0.1)
(1.1625 -0.75 0.1)
(1.29375 -0.75 0.1)
(1.425 -0.75 0.1)
(1.55625 -0.75 0.1)
(1.6875 -0.75 0.1)
(1.81875 -0.75 0.1)
(1.95 -0.75 0.1)
(2.08125 -0.75 0.1)
(2.2125 -0.75 0.1)
(2.34375 -0.75 0.1)
(2.475 -0.75 0.1)
(2.60625 -0.75 0.1)
(2.7375 -0.75 0.1)
(2.86875 -0.75 0.1)
(3 -0.75 0.1)
(-1.2 -0.625 0.1)
(-1.06875 -0.625 0.1)
(-0.9375 -0.625 0.1)
(-0.80625 -0.625 0.1)
(-0.675 -0.625 0.1)
(-0.54375 -0.625 0.1)
(-0.4125 -0.625 0.1)
(-0.28125 -0.625 0.1)
(-0.15 -0.625 0.1)
(-0.01875 -0.625 0.1)
(0.1125 -0.625 0.1)
(0.24375 -0.625 0.1)
(0.375 -0.625 0.1)
(0.50625 -0.625 0.1)
(0.6375 -0.625 0.1)
(0.76875 -0.625 0.1)
(0.9 -0.625 0.1)
(1.03125 -0.625 0.1)
(1.1625 -0.625 0.1)
(1.29375 -0.625 0.1)
(1.425 -0.625 0.1)
(1.55625 -0.625 0.1)
(1.6875 -0.625 0.1)
(1.81875 -0.625 0.1)
(1.95 -0.625 0.1)
(2.08125 -0.625 0.1)
(2.2125 -0.625 0.1)
(2.34375 -0.625 0.1)
(2.475 -0.625 0.1)
(2.60625 -0.625 0.1)
(2.7375 -0.625 0.1)
(2.86875 -0.625 0.1)
(3 -0.625 0.1)
(-1.2 -0.5 0.1)
(-1.06875 -0.5 0.1)
(-0.9375 -0.5 0.1)
(-0.80625 -0.5 0.1)
(-0.675 -0.5 0.1)
(-0.54375 -0.5 0.1)
(-0.4125 -0.5 0.1)
(-0.28125 -0.5 0.1)
(-0.15 -0.5 0.1)
(-0.01875 -0.5 0.1)
(0.1125 -0.5 0.1)
(0.24375 -0.5 0.1)
(0.375 -0.5 0.1)
(0.50625 -0.5 0.1)
(0.6375 -0.5 0.1)
(0.76875 -0.5 0.1)
(0.9 -0.5 0.1)
(1.03125 -0.5 0.1)
(1.1625 -0.5 0.1)
(1.29375 -0.5 0.1)
(1.425 -0.5 0.1)
(1.55625 -0.5 0.1)
(1.6875 -0.5 0.1)
(1.81875 -0.5 0.1)
(1.95 -0.5 0.1)
(2.08125 -0.5 0.1)
(2.2125 -0.5 0.1)
(2.34375 -0.5 0.1)
(2.475 -0.5 0.1)
(2.60625 -0.5 0.1)
(2.7375 -0.5 0.1)
(2.86875 -0.5 0.1)
(3 -0.5 0.1)
(-1.2 -0.375 0.1)
(-1.06875 -0.375 0.1)
(-0.9375 -0.375 0.1)
(-0.80625 -0.375 0.1)
(-0.675 -0.375 0.1)
(-0.54375 -0.375 0.1)
(-0.4125 -0.375 0.1)
(-0.28125 -0.375 0.1)
(-0.15 -0.375 0.1)
(-0.01875 -0.375 0.1)
(0.1125 -0.375 0.1)
(0.24375 -0.375 0.1)
(0.375 -0.375 0.1)
(0.50625 -0.375 0.1)
(0.6375 -0.375 0.1)
(0.76875 -0.375 0.1)
(0.9 -0.375 0.1)
(1.03125 -0.375 0.1)
(1.1625 -0.375 0.1)
(1.29375 -0.375 0.1)
(1.425 -0.375 0.1)
(1.55625 -0.375 0.1)
(1.6875 -0.375 0.1)
(1.81875 -0.375 0.1)
(1.95 -0.375 0.1)
(2.08125 -0.375 0.1)
(2.2125 -0.375 0.1)
(2.34375 -0.375 0.1)
(2.475 -0.375 0.1)
(2.60625 -0.375 0.1)
(2.7375 -0.375 0.1)
(2.86875 -0.375 0.1)
(3 -0.375 0.1)
(-1.2 -0.25 0.1)
(-1.06875 -0.25 0.1)
(-0.9375 -0.25 0.1)
(-0.80625 -0.25 0.1)
(-0.675 -0.25 0.1)
(-0.54375 -0.25 0.1)
(-0.4125 -0.25 0.1)
(-0.28125 -0.25 0.1)
(-0.15 -0.25 0.1)
(-0.01875 -0.25 0.1)
(0.1125 -0.25 0.1)
(0.24375 -0.25 0.1)
(0.375 -0.25 0.1)
(0.50625 -0.25 0.1)
(0.6375 -0.25 0.1)
(0.76875 -0.25 0.1)
(0.9 -0.25 0.1)
(1.03125 -0.25 0.1)
(1.1625 -0.25 0.1)
(1.29375 -0.25 0.1)
(1.425 -0.25 0.1)
(1.55625 -0.25 0.1)
(1.6875 -0.25 0.1)
(1.81875 -0.25 0.1)
(1.95 -0.25 0.1)
(2.08125 -0.25 0.1)
(2.2125 -0.25 0.1)
(2.34375 -0.25 0.1)
(2.475 -0.25 0.1)
(2.60625 -0.25 0.1)
(2.7375 -0.25 0.1)
(2.86875 -0.25 0.1)
(3 -0.25 0.1)
(-1.2 -0.125 0.1)
(-1.06875 -0.125 0.1)
(-0.9375 -0.125 0.1)
(-0.80625 -0.125 0.1)
(-0.675 -0.125 0.1)
(-0.54375 -0.125 0.1)
(-0.4125 -0.125 0.1)
(-0.28125 -0.125 0.1)
(-0.15 -0.125 0.1)
(-0.01875 -0.125 0.1)
(0.1125 -0.125 0.1)
(0.24375 -0.125 0.1)
(0.375 -0.125 0.1)
(0.50625 -0.125 0.1)
(0.6375 -0.125 0.1)
(0.76875 -0.125 0.1)
(0.9 -0.125 0.1)
(1.03125 -0.125 0.1)
(1.1625 -0.125 0.1)
(1.29375 -0.125 0.1)
(1.425 -0.125 0.1)
(1.55625 -0.125 0.1)
(1.6875 -0.125 0.1)
(1.81875 -0.125 0.1)
(1.95 -0.125 0.1)
(2.08125 -0.125 0.1)
(2.2125 -0.125 0.1)
(2.34375 -0.125 0.1)
(2.475 -0.125 0.1)
(2.60625 -0.125 0.1)
(2.7375 -0.125 0.1)
(2.86875 -0.125 0.1)
(3 -0.125 0.1)
(-1.2 0 0.1)
(-1.06875 0 0.1)
(-0.9375 0 0.1)
(-0.80625 0 0.1)
(-0.675 0 0.1)
(-0.54375 0 0.1)
(-0.4125 0 0.1)
(-0.28125 0 0.1)
(-0.15 0 0.1)
(-0.01875 0 0.1)
(0.1125 0 0.1)
(0.24375 0 0.1)
(0.375 0 0.1)
(0.50625 0 0.1)
(0.6375 0 0.1)
(0.76875 0 0.1)
(0.9 0 0.1)
(1.03125 0 0.1)
(1.1625 0 0.1)
(1.29375 0 0.1)
(1.425 0 0.1)
(1.55625 0 0.1)
(1.6875 0 0.1)
(1.81875 0 0.1)
(1.95 0 0.1)
(2.08125 0 0.1)
(2.2125 0 0.1)
(2.34375 0 0.1)
(2.475 0 0.1)
(2.60625 0 0.1)
(2.7375 0 0.1)
(2.86875 0 0.1)
(3 0 0.1)
(-1.2 0.125 0.1)
(-1.06875 0.125 0.1)
(-0.9375 0.125 0.1)
(-0.80625 0.125 0.1)
(-0.675 0.125 0.1)
(-0.54375 0.125 0.1)
(-0.4125 0.125 0.1)
(-0.28125 0.125 0.1)
(-0.15 0.125 0.1)
(-0.01875 0.125 0.1)
(0.1125 0.125 0.1)
(0.24375 0.125 0.1)
(0.375 0.125 0.1)
(0.50625 0.125 0.1)
(0.6375 0.125 0.1)
(0.76875 0.125 0.1)
(0.9 0.125 0.1)
(1.03125 0.125 0.1)
(1.1625 0.125 0.1)
(1.29375 0.125 0.1)
(1.425 0.125 0.1)
(1.55625 0.125 0.1)
(1.6875 0.125 0.1)
(1.81875 0.125 0.1)
(1.95 0.125 0.1)
(2.08125 0.125 0.1)
(2.2125 0.125 0.1)
(2.34375 0.125 0.1)
(2.475 0.125 0.1)
(2.60625 0.125 0.1)
(2.7375 0.125 0.1)
(2.86875 0.125 0.1)
(3 0.125 0.1)
(-1.2 0.25 0.1)
(-1.06875 0.25 0.1)
(-0.9375 0.25 0.1)
(-0.80625 0.25 0.1)
(-0.675 0.25 0.1)
(-0.54375 0.25 0.1)
(-0.4125 0.25 0.1)
(-0.28125 0.25 0.1)
(-0.15 0.25 0.1)
(-0.01875 0.25 0.1)
(0.1125 0.25 0.1)
(0.24375 0.25 0.1)
(0.375 0.25 0.1)
(0.50625 0.25 0.1)
(0.6375 0.25 0.1)
(0.76875 0.25 0.1)
(0.9 0.25 0.1)
(1.03125 0.25 0.1)
(1.1625 0.25 0.1)
(1.29375 0.25 0.1)
(1.425 0.25 0.1)
(1.55625 0.25 0.1)
(1.6875 0.25 0.1)
(1.81875 0.25 0.1)
(1.95 0.25 0.1)
(2.08125 0.25 0.1)
(2.2125 0.25 0.1)
(2.34375 0.25 0.1)
(2.475 0.25 0.1)
(2.60625 0.25 0.1)
(2.7375 0.25 0.1)
(2.86875 0.25 0.1)
(3 0.25 0.1)
(-1.2 0.375 0.1)
(-1.06875 0.375 0.1)
(-0.9375 0.375 0.1)
(-0.80625 0.375 0.1)
(-0.675 0.375 0.1)
(-0.54375 0.375 0.1)
(-0.4125 0.375 0.1)
(-0.28125 0.375 0.1)
(-0.15 0.375 0.1)
(-0.01875 0.375 0.1)
(0.1125 0.375 0.1)
(0.24375 0.375 0.1)
(0.375 0.375 0.1)
(0.50625 0.375 0.1)
(0.6375 0.375 0.1)
(0.76875 0.375 0.1)
(0.9 0.375 0.1)
(1.03125 0.375 0.1)
(1.1625 0.375 0.1)
(1.29375 0.375 0.1)
(1.425 0.375 0.1)
(1.55625 0.375 0.1)
(1.6875 0.375 0.1)
(1.81875 0.375 0.1)
(1.95 0.375 0.1)
(2.08125 0.375 0.1)
(2.2125 0.375 0.1)
(2.34375 0.375 0.1)
(2.475 0.375 0.1)
(2.60625 0.375 0.1)
(2.7375 0.375 0.1)
(2.86875 0.375 0.1)
(3 0.375 0.1)
(-1.2 0.5 0.1)
(-1.06875 0.5 0.1)
(-0.9375 0.5 0.1)
(-0.80625 0.5 0.1)
(-0.675 0.5 0.1)
(-0.54375 0.5 0.1)
(-0.4125 0.5 0.1)
(-0.28125 0.5 0.1)
(-0.15 0.5 0.1)
(-0.01875 0.5 0.1)
(0.1125 0.5 0.1)
(0.24375 0.5 0.1)
(0.375 0.5 0.1)
(0.50625 0.5 0.1)
(0.6375 0.5 0.1)
(0.76875 0.5 0.1)
(0.9 0.5 0.1)
(1.03125 0.5 0.1)
(1.1625 0.5 0.1)
(1.29375 0.5 0.1)
(1.425 0.5 0.1)
(1.55625 0.5 0.1)
(1.6875 0.5 0.1)
(1.81875 0.5 0.1)
(1.95 0.5 0.1)
(2.08125 0.5 0.1)
(2.2125 0.5 0.1)
(2.34375 0.5 0.1)
(2.475 0.5 0.1)
(2.60625 0.5 0.1)
(2.7375 0.5 0.1)
(2.86875 0.5 0.1)
(3 0.5 0.1)
(-1.2 0.625 0.1)
(-1.06875 0.625 0.1)
(-0.9375 0.625 0.1)
(-0.80625 0.625 0.1)
(-0.675 0.625 0.1)
(-0.54375 0.625 0.1)
(-0.4125 0.625 0.1)
(-0.28125 0.625 0.1)
(-0.15 0.625 0.1)
(-0.01875 0.625 0.1)
(0.1125 0.625 0.1)
(0.24375 0.625 0.1)
(0.375 0.625 0.1)
(0.50625 0.625 0.1)
(0.6375 0.625 0.1)
(0.76875 0.625 0.1)
(0.9 0.625 0.1)
(1.03125 0.625 0.1)
(1.1625 0.625 0.1)
(1.29375 0.625 0.1)
(1.425 0.625 0.1)
(1.55625 0.625 0.1)
(1.6875 0.625 0.1)
(1.81875 0.625 0.1)
(1.95 0.625 0.1)
(2.08125 0.625 0.1)
(2.2125 0.625 0.1)
(2.34375 0.625 0.1)
(2.475 0.625 0.1)
(2.60625 0.625 0.1)
(2.7375 0.625 0.1)
(2.86875 0.625 0.1)
(3 0.625 0.1)
(-1.2 0.75 0.1)
(-1.06875 0.75 0.1)
(-0.9375 0.75 0.1)
(-0.80625 0.75 0.1)
(-0.675 0.75 0.1)
(-0.54375 0.75 0.1)
(-0.4125 0.75 0.1)
(-0.28125 0.75 0.1)
(-0.15 0.75 0.1)
(-0.01875 0.75 0.1)
(0.1125 0.75 0.1)
(0.24375 0.75 0.1)
(0.375 0.75 0.1)
(0.50625 0.75 0.1)
(0.6375 0.75 0.1)
(0.76875 0.75 0.1)
(0.9 0.75 0.1)
(1.03125 0.75 0.1)
(1.1625 0.75 0.1)
(1.29375 0.75 0.1)
(1.425 0.75 0.1)
(1.55625 0.75 0.1)
(1.6875 0.75 0.1)
(1.81875 0.75 0.1)
(1.95 0.75 0.1)
(2.08125 0.75 0.1)
(2.2125 0.75 0.1)
(2.34375 0.75 0.1)
(2.475 0.75 0.1)
(2.60625 0.75 0.1)
(2.7375 0.75 0.1)
(2.86875 0.75 0.1)
(3 0.75 0.1)
(-1.2 0.875 0.1)
(-1.06875 0.875 0.1)
(-0.9375 0.875 0.1)
(-0.80625 0.875 0.1)
(-0.675 0.875 0.1)
(-0.54375 0.875 0.1)
(-0.4125 0.875 0.1)
(-0.28125 0.875 0.1)
(-0.15 0.875 0.1)
(-0.01875 0.875 0.1)
(0.1125 0.875 0.1)
(0.24375 0.875 0.1)
(0.375 0.875 0.1)
(0.50625 0.875 0.1)
(0.6375 0.875 0.1)
(0.76875 0.875 0.1)
(0.9 0.875 0.1)
(1.03125 0.875 0.1)
(1.1625 0.875 0.1)
(1.29375 0.875 0.1)
(1.425 0.875 0.1)
(1.55625 0.875 0.1)
(1.6875 0.875 0.1)
(1.81875 0.875 0.1)
(1.95 0.875 0.1)
(2.08125 0.875 0.1)
(2.2125 0.875 0.1)
(2.34375 0.875 0.1)
(2.475 0.875 0.1)
(2.60625 0.875 0.1)
(2.7375 0.875 0.1)
(2.86875 0.875 0.1)
(3 0.875 0.1)
(-1.2 1 0.1)
(-1.06875 1 0.1)
(-0.9375 1 0.1)
(-0.80625 1 0.1)
(-0.675 1 0.1)
(-0.54375 1 0.1)
(-0.4125 1 0.1)
(-0.28125 1 0.1)
(-0.15 1 0.1)
(-0.01875 1 0.1)
(0.1125 1 0.1)
(0.24375 1 0.1)
(0.375 1 0.1)
(0.50625 1 0.1)
(0.6375 1 0.1)
(0.76875 1 0.1)
(0.9 1 0.1)
(1.03125 1 0.1)
(1.1625 1 0.1)
(1.29375 1 0.1)
(1.425 1 0.1)
(1.55625 1 0.1)
(1.6875 1 0.1)
(1.81875 1 0.1)
(1.95 1 0.1)
(2.08125 1 0.1)
(2.2125 1 0.1)
(2.34375 1 0.1)
(2.475 1 0.1)
(2.60625 1 0.1)
(2.7375 1 0.1)
(2.86875 1 0.1)
(3 1 0.1)
)


// ************************************************************************* //
