-0.11 	0.0119491 	-0.000104084 	0.0132757
-0.109559 	0.012262 	-0.000175932 	0.013378
-0.109118 	0.0125748 	-0.000247779 	0.0134803
-0.108677 	0.0128877 	-0.000319626 	0.0135825
-0.108236 	0.0132005 	-0.000391473 	0.0136848
-0.107796 	0.0135779 	-0.000439184 	0.013827
-0.107355 	0.0139726 	-0.000480459 	0.0139798
-0.106914 	0.0142343 	-0.000517188 	0.0139758
-0.106473 	0.0143593 	-0.000548695 	0.0138083
-0.106032 	0.0144842 	-0.000580202 	0.0136408
-0.105591 	0.0145774 	-0.000626925 	0.0134786
-0.10515 	0.0146637 	-0.000676967 	0.0133175
-0.104709 	0.01475 	-0.000727009 	0.0131565
-0.104269 	0.0148363 	-0.00077705 	0.0129954
-0.103828 	0.0149226 	-0.000827092 	0.0128344
-0.103387 	0.0150352 	-0.00086429 	0.0126543
-0.102946 	0.015179 	-0.000886355 	0.0124518
-0.102505 	0.0153228 	-0.000908419 	0.0122493
-0.102064 	0.0154667 	-0.000930484 	0.0120469
-0.101623 	0.0156105 	-0.000952548 	0.0118444
-0.101182 	0.0157568 	-0.000972841 	0.0116404
-0.100741 	0.015918 	-0.000982611 	0.0114268
-0.100301 	0.0160792 	-0.000992381 	0.0112131
-0.0998597 	0.0162449 	-0.00100083 	0.0110054
-0.0994188 	0.0164151 	-0.00100793 	0.0108035
-0.098978 	0.0165852 	-0.00101504 	0.0106017
-0.0985371 	0.0167298 	-0.00102465 	0.0104264
-0.0980962 	0.0168707 	-0.00103464 	0.010255
-0.0976553 	0.0170115 	-0.00104462 	0.0100836
-0.0972144 	0.0171524 	-0.0010546 	0.00991216
-0.0967735 	0.0172933 	-0.00106458 	0.00974075
-0.0963327 	0.0174398 	-0.00110477 	0.00952438
-0.0958918 	0.0175899 	-0.00116341 	0.00928058
-0.0954509 	0.01774 	-0.00122206 	0.00903678
-0.09501 	0.01789 	-0.00128071 	0.00879297
-0.0945691 	0.0180401 	-0.00133936 	0.00854917
-0.0941283 	0.0181866 	-0.00138354 	0.00831553
-0.0936874 	0.0183267 	-0.00140182 	0.00810009
-0.0932465 	0.0184668 	-0.0014201 	0.00788466
-0.0928056 	0.018607 	-0.00143838 	0.00766922
-0.0923647 	0.0187471 	-0.00145666 	0.00745379
-0.0919238 	0.0188872 	-0.00147494 	0.00723835
-0.091483 	0.0190273 	-0.00149322 	0.00702291
-0.0531263 	0.0278093 	-0.000262115 	-0.0170742
-0.0526854 	0.0277145 	8.89924e-05 	-0.0171634
-0.0522445 	0.0272518 	0.0008722 	-0.016983
-0.0518036 	0.0274556 	0.00140925 	-0.0163573
-0.0509218 	0.0330253 	0.000703665 	-0.0132488
-0.050481 	0.0447539 	0.000279728 	-0.00769484
-0.0500401 	0.0594999 	-0.00019735 	-0.00130788
-0.0376954 	0.043744 	-0.00147089 	-0.00399171
-0.0372545 	0.040685 	-0.00190664 	-0.0079633
-0.0368136 	0.0390358 	-0.0022221 	-0.00978699
-0.0363727 	0.0378434 	-0.00241507 	-0.010832
-0.0359319 	0.0369928 	-0.00238745 	-0.00977308
-0.035491 	0.0361117 	-0.00251063 	-0.00877221
-0.0350501 	0.035046 	-0.00240249 	-0.00757853
-0.0346092 	0.0340268 	-0.0020361 	-0.00630159
-0.0341683 	0.033544 	-0.00162183 	-0.00604534
-0.0337275 	0.0330477 	-0.00120256 	-0.00579812
-0.0332866 	0.0328112 	-0.00111982 	-0.00596639
-0.0328457 	0.0325885 	-0.00111225 	-0.00617169
0.00507014 	-0.00492642 	0.000228248 	0.00030152
0.00551102 	-0.00367885 	0.000805723 	0.0012265
0.0059519 	-0.00243128 	0.0013832 	0.00215149
0.00639279 	-0.000997252 	0.00192513 	0.00310549
0.00683367 	0.000629857 	0.00243027 	0.00408953
0.00727455 	0.00225696 	0.0029354 	0.00507358
0.00771543 	0.00388407 	0.00344054 	0.00605762
0.00815631 	0.00551118 	0.00394567 	0.00704167
0.00859719 	0.00695757 	0.00441423 	0.00790434
0.00903808 	0.00703157 	0.0044748 	0.00788126
0.00947896 	0.00709566 	0.00453084 	0.00785056
0.00991984 	0.00715975 	0.00458688 	0.00781987
0.0103607 	0.00722384 	0.00464292 	0.00778917
0.0108016 	0.00728793 	0.00469897 	0.00775847
0.0112425 	0.00741007 	0.00477526 	0.00778831
0.0116834 	0.00754763 	0.00485693 	0.00783423
0.0121242 	0.0076062 	0.00490504 	0.00782794
0.0125651 	0.00737489 	0.00488334 	0.00763126
0.013006 	0.00714359 	0.00486165 	0.00743457
0.0134469 	0.00684902 	0.00479499 	0.0072229
0.0138878 	0.00648382 	0.00467814 	0.00699448
0.0143287 	0.00611862 	0.00456129 	0.00676607
0.0147695 	0.00575341 	0.00444443 	0.00653766
0.0152104 	0.00538821 	0.00432758 	0.00630925
0.0156513 	0.0050073 	0.00420462 	0.00607288
0.0160922 	0.00438087 	0.00403286 	0.00573866
0.0165331 	0.00375443 	0.0038611 	0.00540444
0.0169739 	0.00312799 	0.00368935 	0.00507021
0.0174148 	0.00250155 	0.00351759 	0.00473599
0.0178557 	0.00187512 	0.00334583 	0.00440177
0.0182966 	0.0013496 	0.00324637 	0.00407737
0.0187375 	0.000882205 	0.00318855 	0.00375863
0.0191784 	0.000414806 	0.00313073 	0.00343989
0.0196192 	-0.000323111 	0.00302765 	0.00308637
0.0200601 	-0.00108529 	0.00292945 	0.00273295
0.020501 	-0.00187106 	0.00281986 	0.00237065
0.0209419 	-0.00278902 	0.00264645 	0.00195864
0.0213828 	-0.00370698 	0.00247304 	0.00154663
0.0218236 	-0.00462494 	0.00229963 	0.00113462
0.0222645 	-0.00554289 	0.00212622 	0.000722606
0.0227054 	-0.00646085 	0.00195281 	0.000310594
0.0231463 	-0.00742424 	0.00183544 	-6.65108e-05
0.0235872 	-0.00840892 	0.0017587 	-0.00042749
0.0240281 	-0.00939361 	0.00168197 	-0.000788469
0.0244689 	-0.0103783 	0.00160523 	-0.00114945
0.0249098 	-0.011363 	0.0015285 	-0.00151043
0.0253507 	-0.0123438 	0.00144871 	-0.00186326
0.0257916 	-0.0132868 	0.0013393 	-0.00213699
0.0262325 	-0.0142297 	0.00122989 	-0.00241073
0.0266733 	-0.0150751 	0.00109878 	-0.00266027
0.0271142 	-0.0156927 	0.000924575 	-0.00285211
0.0275551 	-0.0163103 	0.000750368 	-0.00304395
0.027996 	-0.0169116 	0.000630985 	-0.00326678
0.0284369 	-0.0174982 	0.000560874 	-0.00351745
0.0288778 	-0.0180847 	0.000490764 	-0.00376812
0.0293186 	-0.0186713 	0.000420654 	-0.00401879
0.0297595 	-0.0192579 	0.000350543 	-0.00426946
0.0302004 	-0.0198445 	0.000280433 	-0.00452013
0.0306413 	-0.020015 	9.37606e-05 	-0.00483638
0.0310822 	-0.0201639 	-9.89149e-05 	-0.00515818
0.031523 	-0.0203127 	-0.00029159 	-0.00547998
0.0319639 	-0.0204615 	-0.000484266 	-0.00580178
0.0324048 	-0.0206104 	-0.000676941 	-0.00612358
0.0328457 	-0.0207436 	-0.000897888 	-0.00644559
0.0332866 	-0.0208472 	-0.00117235 	-0.006768
0.0337275 	-0.0209508 	-0.00144681 	-0.00709041
0.0341683 	-0.0209896 	-0.00172291 	-0.00756039
0.0346092 	-0.0209763 	-0.00200181 	-0.00815226
0.0350501 	-0.020963 	-0.00228071 	-0.00874412
0.035491 	-0.0210218 	-0.00253357 	-0.00926845
0.0359319 	-0.0211022 	-0.0027786 	-0.00977247
0.0363727 	-0.0211827 	-0.00302364 	-0.0102765
0.0368136 	-0.0212632 	-0.00326867 	-0.0107805
0.0372545 	-0.0213436 	-0.00351371 	-0.0112845
0.0376954 	-0.0214626 	-0.00373752 	-0.011774
0.0381363 	-0.0217291 	-0.0038725 	-0.0121844
0.0385772 	-0.0219956 	-0.00400747 	-0.0125948
0.039018 	-0.0222622 	-0.00414244 	-0.0130052
0.0394589 	-0.0225287 	-0.00427741 	-0.0134156
0.0398998 	-0.0227952 	-0.00441238 	-0.0138261
0.0403407 	-0.0230249 	-0.00454366 	-0.0143519
0.0407816 	-0.023245 	-0.00467397 	-0.014908
0.0412224 	-0.0234867 	-0.00479126 	-0.015429
0.0416633 	-0.0239478 	-0.00476799 	-0.0155639
0.0421042 	-0.024409 	-0.00474473 	-0.0156988
0.0425451 	-0.0248443 	-0.00472845 	-0.0157758
0.042986 	-0.0252531 	-0.00471938 	-0.015793
0.0434269 	-0.0256618 	-0.00471032 	-0.0158101
0.0438677 	-0.0260705 	-0.00470125 	-0.0158273
0.0443086 	-0.0264793 	-0.00469219 	-0.0158445
0.0447495 	-0.0268444 	-0.0046792 	-0.015776
0.0451904 	-0.0270921 	-0.00465673 	-0.0155441
0.0456313 	-0.0273398 	-0.00463426 	-0.0153123
0.0460721 	-0.0275874 	-0.00461179 	-0.0150804
0.046513 	-0.0278351 	-0.00458931 	-0.0148485
0.0469539 	-0.0281456 	-0.00456771 	-0.0146355
0.0473948 	-0.0285206 	-0.00454699 	-0.0144417
0.0478357 	-0.0288556 	-0.00451959 	-0.0142506
0.0482766 	-0.0287663 	-0.00432629 	-0.0141792
0.0487174 	-0.0286769 	-0.004133 	-0.0141077
0.0491583 	-0.02852 	-0.00395101 	-0.014013
0.0495992 	-0.0283291 	-0.0037747 	-0.0139066
0.0500401 	-0.0281383 	-0.00359838 	-0.0138001
0.050481 	-0.0279475 	-0.00342207 	-0.0136937
0.0509218 	-0.0277566 	-0.00324576 	-0.0135873
0.0513627 	-0.0274486 	-0.00301822 	-0.0135255
0.0518036 	-0.0271396 	-0.00279784 	-0.0134635
0.0522445 	-0.0268307 	-0.00257746 	-0.0134014
0.0526854 	-0.0265217 	-0.00235708 	-0.0133394
0.0531263 	-0.0262127 	-0.0021367 	-0.0132773
0.0535671 	-0.0259038 	-0.00191632 	-0.0132153
0.054008 	-0.0256256 	-0.00171196 	-0.0131886
0.0544489 	-0.0253524 	-0.00151021 	-0.0131678
0.0548898 	-0.0250793 	-0.00130846 	-0.0131469
0.0553307 	-0.024841 	-0.00116906 	-0.012914
0.0557715 	-0.0246024 	-0.001033 	-0.0126524
0.0562124 	-0.0243638 	-0.000896946 	-0.0123908
0.0566533 	-0.0240763 	-0.000737385 	-0.0121189
0.0570942 	-0.0237829 	-0.000574966 	-0.0118459
0.0575351 	-0.0234894 	-0.000412547 	-0.0115729
0.057976 	-0.023196 	-0.000250128 	-0.0112998
0.0584168 	-0.0229026 	-8.77085e-05 	-0.0110268
0.0588577 	-0.0226091 	7.47106e-05 	-0.0107537
0.0592986 	-0.022258 	0.000239983 	-0.0103738
0.0597395 	-0.0218975 	0.000402214 	-0.00998412
0.0601804 	-0.021537 	0.000564445 	-0.00959448
0.0606212 	-0.0211764 	0.000726676 	-0.00920484
0.0610621 	-0.0208159 	0.000888907 	-0.00881521
0.061503 	-0.0204553 	0.00105114 	-0.00842557
0.0619439 	-0.0201973 	0.00124694 	-0.00803274
0.0623848 	-0.019946 	0.00144497 	-0.00763969
0.0628257 	-0.0196946 	0.00164299 	-0.00724665
0.0632665 	-0.0195204 	0.00180924 	-0.00698645
0.0637074 	-0.0193508 	0.00197436 	-0.00673306
0.0641483 	-0.0191812 	0.00213947 	-0.00647967
0.0645892 	-0.0189461 	0.00225336 	-0.0062593
0.0650301 	-0.0187103 	0.00236663 	-0.00603932
0.0654709 	-0.0184744 	0.00247991 	-0.00581935
0.0659118 	-0.0182385 	0.00259318 	-0.00559937
0.0663527 	-0.0180026 	0.00270645 	-0.0053794
0.0667936 	-0.0177858 	0.00281854 	-0.00517917
0.0672345 	-0.0177166 	0.00292069 	-0.00513153
0.0681162 	-0.0175783 	0.00312502 	-0.0050362
0.0685571 	-0.0175091 	0.00322721 	-0.00498851
0.068998 	-0.0174399 	0.0033294 	-0.00494082
0.0694389 	-0.0173713 	0.00343276 	-0.00488917
0.0698798 	-0.0173103 	0.00355403 	-0.0047771
0.0703206 	-0.0172493 	0.0036753 	-0.00466502
0.0707615 	-0.0171883 	0.00379657 	-0.00455294
0.0712024 	-0.0171273 	0.00391784 	-0.00444086
0.0716433 	-0.0170663 	0.00403911 	-0.00432879
0.0720842 	-0.0170053 	0.00416038 	-0.00421671
0.0725251 	-0.0169443 	0.00428165 	-0.00410463
0.0729659 	-0.0168833 	0.00440292 	-0.00399255
0.0734068 	-0.0168223 	0.00452419 	-0.00388048
0.0738477 	-0.0167613 	0.00464546 	-0.0037684
0.0742886 	-0.0167003 	0.00476673 	-0.00365632
0.0747295 	-0.0166427 	0.00488264 	-0.00354383
0.0751703 	-0.0166173 	0.00494639 	-0.00342358
0.0756112 	-0.0165918 	0.00501015 	-0.00330334
0.0760521 	-0.0165663 	0.00507391 	-0.00318309
0.076493 	-0.0165408 	0.00513766 	-0.00306285
0.0778156 	-0.0164641 	0.00532911 	-0.00270224
0.0782565 	-0.0164385 	0.00539294 	-0.00258205
0.0786974 	-0.0164129 	0.00545677 	-0.00246186
0.0791383 	-0.0163873 	0.0055206 	-0.00234167
0.0795792 	-0.0163651 	0.00558325 	-0.00222561
0.08002 	-0.0163867 	0.00563117 	-0.00216125
0.0804609 	-0.0164082 	0.00567908 	-0.0020969
0.0809018 	-0.0164298 	0.00572699 	-0.00203255
0.0813427 	-0.0164513 	0.0057749 	-0.0019682
0.0817836 	-0.0164729 	0.00582282 	-0.00190384
0.0822244 	-0.0165152 	0.00585763 	-0.0018156
0.0826653 	-0.0165734 	0.00588239 	-0.0017096
0.0831062 	-0.0166317 	0.00590716 	-0.00160359
0.0835471 	-0.01669 	0.00593192 	-0.00149759
0.083988 	-0.0167483 	0.00595668 	-0.00139158
0.0844289 	-0.0168065 	0.00598144 	-0.00128558
0.0848697 	-0.0167955 	0.00598062 	-0.00114274
0.0853106 	-0.0167836 	0.00597946 	-0.000999422
0.0857515 	-0.0167716 	0.0059783 	-0.000856105
0.0861924 	-0.0167597 	0.00597714 	-0.000712787
0.0866333 	-0.0167477 	0.00597598 	-0.00056947
0.0870741 	-0.0167358 	0.00597483 	-0.000426153
0.100301 	-0.0168273 	0.00467783 	0.00294199
0.108677 	-0.0155696 	0.00190903 	0.00362903
0.109118 	-0.015271 	0.00171892 	0.00356469
0.109559 	-0.0149723 	0.00152881 	0.00350035
0.11 	-0.0146737 	0.0013387 	0.00343602
