/*--------------------------------*- C++ -*----------------------------------*\
| =========                 |                                                 |
| \\      /  F ield         | OpenFOAM: The Open Source CFD Toolbox           |
|  \\    /   O peration     | Version:  2206                                  |
|   \\  /    A nd           | Website:  www.openfoam.com                      |
|    \\/     M anipulation  |                                                 |
\*---------------------------------------------------------------------------*/
FoamFile
{
    version     2.0;
    format      ascii;
    arch        "LSB;label=64;scalar=64";
    class       volScalarField;
    location    "2.3/solid";
    object      T;
}
// * * * * * * * * * * * * * * * * * * * * * * * * * * * * * * * * * * * * * //

dimensions      [0 0 0 1 0 0 0];

internalField   nonuniform List<scalar> 
500
(
1093.56280594
1093.39092873
1093.04618621
1092.52609014
1091.82588653
1090.94016719
1089.86567676
1088.60313221
1087.15876829
1085.63975235
1094.5427967
1094.37672666
1094.0442692
1093.54495028
1092.87832562
1092.04511355
1091.04938088
1089.90220184
1088.62507892
1087.24826406
1095.52132304
1095.3618949
1095.04330974
1094.5662763
1093.93224937
1093.14403082
1092.20667544
1091.12860557
1089.92128103
1088.59136052
1096.48879958
1096.33530543
1096.02876779
1095.57018087
1094.96123473
1094.20453433
1093.30386423
1092.26444297
1091.0919484
1089.78430775
1097.43083486
1097.2820745
1096.98496276
1096.54035376
1095.94958167
1095.21449196
1094.33748501
1093.32167157
1092.17014838
1090.87721874
1098.33532461
1098.190203
1097.90025696
1097.46608949
1096.88859243
1096.16890937
1095.30842856
1094.30905164
1093.1729573
1091.89312054
1099.19383573
1099.05155795
1098.76719012
1098.34110711
1097.77383869
1097.06601444
1096.21835189
1095.23207533
1094.10933859
1092.8433149
1100.00124138
1099.86130786
1099.58154446
1099.16215682
1098.60341966
1097.90561921
1097.0690361
1096.09449815
1094.98467097
1093.7341289
1100.75511409
1100.61725141
1100.34157239
1099.92816955
1099.37715243
1098.68858982
1097.86247202
1096.89934788
1095.80269775
1094.5696842
1101.45513117
1101.3192188
1101.04740454
1100.63971112
1100.09614862
1099.41665584
1098.60102506
1097.64955642
1096.56678439
1095.35467175
1102.10254835
1101.96855999
1101.7005735
1101.29857295
1100.76251592
1100.09227461
1099.28751015
1098.34823547
1097.27994773
1096.09320397
1102.69974597
1102.5677071
1102.30360996
1101.90742078
1101.37907557
1100.71842237
1099.92503932
1098.99858837
1097.94511261
1096.79160913
1103.24984234
1103.11980159
1102.85969791
1102.46949296
1101.9491204
1101.2984313
1100.51695828
1099.60395958
1098.56481259
1097.44762365
1103.75636863
1103.62837961
1103.37238092
1102.98833797
1102.47619458
1101.83582504
1101.06675522
1100.16785699
1099.14276449
1098.039115
1104.22300061
1104.09711094
1103.84531503
1103.46758698
1102.96388786
1102.33412743
1101.57785613
1100.69362168
1099.68326857
1098.59061589
1104.65334342
1104.52958856
1104.28206775
1103.91076629
1103.4156659
1102.79671874
1102.05352649
1101.1843851
1100.18934101
1099.10786188
1105.05076516
1104.92916567
1104.68596164
1104.32115057
1103.83473562
1103.22671384
1102.4967567
1101.64297088
1100.66363168
1099.59280039
1105.41827359
1105.29883422
1105.05995653
1104.70165008
1104.22393858
1103.62686316
1102.9101811
1102.07189182
1101.10864047
1100.04957425
1105.75842979
1105.64113961
1105.40656623
1105.05473076
1104.58567597
1103.99948521
1103.29601362
1102.47322049
1101.52615038
1100.4777551
1106.07329192
1105.95812501
1105.72780373
1105.38235998
1104.9218539
1104.34640896
1103.65599094
1102.84860908
1101.91791958
1100.88150196
1106.36438218
1106.25129868
1106.02514929
1105.68597566
1105.23385321
1104.66894162
1103.99132307
1103.19912221
1102.2846895
1101.25883926
1106.63266946
1106.52161707
1106.29953432
1105.96647127
1105.52251569
1104.96785691
1104.30269112
1103.52532055
1102.62698525
1101.61247012
1106.8785609
1106.76947664
1106.55133381
1106.22418936
1105.78814042
1105.24339952
1104.59027489
1103.82731249
1102.9448138
1101.94049301
1107.1018967
1106.99470879
1106.7803616
1106.45891734
1106.03047927
1105.49527552
1104.853719
1104.10465361
1103.23762375
1102.24367262
1107.3019439
1107.19657363
1106.98586396
1106.66988111
1106.24873173
1105.72265239
1105.0921519
1104.3564337
1103.5045588
1102.52030466
1107.47738707
1107.37375017
1107.16650907
1106.85573303
1106.44153013
1105.92413835
1105.3041475
1104.58115682
1103.74393553
1102.76903903
1107.62631484
1107.52432247
1107.32037191
1107.01453493
1106.60691979
1106.09776096
1105.48771822
1104.77684037
1103.95390262
1102.98761143
1107.74620362
1107.64576295
1107.44491706
1107.1437398
1106.742339
1106.24094105
1105.64026075
1104.94083921
1104.13179833
1103.17363771
1107.83389977
1107.73491441
1107.53698012
1107.24017249
1106.84459802
1106.35046984
1105.75853643
1105.06985432
1104.27426625
1103.32271182
1107.88560262
1107.78797299
1107.59275086
1107.30001296
1106.90986364
1106.42249799
1105.83867506
1105.15998042
1104.37749082
1103.43168219
1107.89685069
1107.80047456
1107.60775983
1107.31878391
1106.93364855
1106.45252737
1105.87616505
1105.20667087
1104.43704014
1103.49515131
1107.86251343
1107.76728668
1107.57687064
1107.29134267
1106.91080129
1106.43539581
1105.86582929
1105.20468844
1104.44777069
1103.51036335
1107.77679127
1107.68260918
1107.49428166
1107.21188464
1106.83551201
1106.36528581
1105.80183913
1105.14813198
1104.40353732
1103.48125749
1107.6332254
1107.53998472
1107.35353839
1107.07395933
1106.70133467
1106.23575543
1105.67775422
1105.03050693
1104.29717493
1103.40003729
1107.4247188
1107.33231997
1107.1475551
1106.87049297
1106.50121294
1106.03977462
1105.48659052
1104.84489074
1104.12143286
1103.25245407
1107.1435714
1107.05192005
1106.86864775
1106.59381895
1106.22750595
1105.76974059
1105.22080769
1104.58383999
1103.86881625
1103.02882534
1106.78153397
1106.6905412
1106.50858412
1106.23572383
1105.87202802
1105.41750704
1104.87231755
1104.23934715
1103.53123249
1102.72162349
1106.32988621
1106.23946738
1106.05865724
1105.78751561
1105.42610944
1104.97443645
1104.43253356
1103.80291501
1103.10005176
1102.32340468
1105.77954384
1105.68961606
1105.50978856
1105.24012275
1104.88068992
1104.43148563
1103.89244441
1103.26562053
1102.56614077
1101.82549451
1105.12119843
1105.03167689
1104.85266432
1104.58422753
1104.22644804
1103.77933066
1103.2427285
1102.61819851
1101.92014803
1101.19834319
1104.34549204
1104.25628537
1104.07790748
1103.81043529
1103.45396788
1103.00853235
1102.47392573
1101.85121786
1101.15360895
1100.43212448
1103.44322747
1103.35423196
1103.17628438
1102.90947784
1102.55393804
1102.10972976
1101.57662367
1100.95523164
1100.25745681
1099.53450173
1102.40561426
1102.31670644
1102.13894595
1101.87244935
1101.51738018
1101.07385935
1100.54166602
1099.92098982
1099.22235715
1098.49692525
1101.22455058
1101.1355784
1100.95770464
1100.69107705
1100.33590963
1099.89240153
1099.3603834
1098.73967001
1098.03932073
1097.31001824
1099.8929401
1099.80371379
1099.62534944
1099.358031
1099.00203298
1098.55765546
1098.02483495
1097.40309075
1096.69997162
1095.96571872
1098.40503697
1098.31532342
1098.13600021
1097.86728259
1097.50950013
1097.0630601
1096.52805571
1095.9038178
1095.19636426
1094.45530494
1096.75679225
1096.66631973
1096.48548822
1096.21452092
1095.85375618
1095.40365031
1094.86442849
1094.2352894
1093.52070438
1092.769851
1094.94611995
1094.8545918
1094.67167689
1094.39757496
1094.03252339
1093.57682857
1093.03058357
1092.39259456
1091.66553554
1090.89883631
1092.97294089
1092.87998347
1092.69446046
1092.41658243
1092.0463512
1091.58356842
1091.02749764
1090.37536654
1089.62612612
1088.82817442
1090.83927273
1090.74380692
1090.55508447
1090.27337368
1089.89844921
1089.42943284
1088.86388202
1088.1955022
1087.4174954
1086.57253029
)
;

boundaryField
{
    symmetric
    {
        type            symmetry;
    }
    emptyPatch
    {
        type            empty;
    }
    solid_to_water
    {
        type            compressible::turbulentTemperatureTwoPhaseRadCoupledMixed;
        refValue        nonuniform List<scalar> 
70
(
388.853917949
387.080422305
385.725826666
384.468049075
383.406245927
382.451195481
381.486122303
374.938659918
350.609255603
338.901504953
339.130019645
339.581866776
339.580915762
339.461380903
339.214542218
338.479449066
337.531668798
336.613996114
335.879534631
335.598084385
336.020963497
338.628748492
353.051018499
369.524937817
370.456825983
379.893620074
375.617957508
383.382857799
377.596396429
385.074306212
379.043464485
385.406841354
379.569222252
384.348685029
379.398987401
382.676649919
379.40470443
381.710691879
378.833009229
379.827470612
375.66637632
360.530795359
345.9831665
340.400121864
337.888740539
336.713812549
336.614929765
338.121633262
346.34710392
397.786747292
419.258655461
425.996186863
434.820138499
434.238024778
438.467111619
436.980884575
438.504093603
437.832116715
435.208254281
334.325330745
334.44010584
334.516497684
334.593773718
334.669529702
334.735473318
334.819018992
335.053320465
336.145930285
407.081984776
345.007200625
)
;
        refGradient     uniform 0;
        valueFraction   nonuniform List<scalar> 
70
(
0.000642632212333
0.000643306447197
0.000643180035715
0.000644062112299
0.000644522616687
0.000644907523607
0.000645207500062
0.000691700212383
0.00105421731301
0.00145631444499
0.000977954894373
0.000979008711092
0.000979890142066
0.000980681707934
0.000981412491783
0.00098091178154
0.000975325713925
0.000965220122299
0.000954316472221
0.000950500562638
0.000958641073294
0.000985132416454
0.000778007553079
0.000646789425653
0.000683119435331
0.000628733425011
0.000678426964794
0.000628477837114
0.000678729631466
0.000628923537753
0.000676442848196
0.000632968003642
0.000676667502728
0.000642637086797
0.000679407922898
0.000655451472059
0.00068060765079
0.000663474644929
0.000684723880456
0.000673141431397
0.000687450314547
0.000785239214131
0.000942748277924
0.000989504673092
0.000979889532382
0.00096813845908
0.000968768799303
0.000983707702493
0.00092376782225
0.000521761809601
0.000496125984992
0.000505152480608
0.000493757252627
0.000504796673208
0.000497013130364
0.000504335054097
0.000501247610081
0.000503762285148
0.000509857604676
0.00151175835744
0.0015179683549
0.00152135310189
0.00152447749528
0.00152711491567
0.00152897859864
0.00153125501823
0.00153656992106
0.00151185382718
0.000594453772299
0.00113513909418
)
;
        source          uniform 0;
        value           nonuniform List<scalar> 
70
(
1093.11124723
1092.93786411
1092.59254661
1092.07133253
1091.37051035
1090.4843298
1089.40942872
1088.1100966
1086.38325087
1084.55362432
1084.91105782
1086.51796823
1087.85916438
1089.05030015
1090.14143813
1091.15610393
1092.10871709
1093.00543822
1093.84777133
1094.63478191
1095.36715304
1096.04794339
1096.86906556
1097.56659156
1098.09244104
1098.65417045
1099.10092817
1099.5978261
1099.98658737
1100.43016897
1100.76993888
1101.1582428
1101.4515287
1101.78176939
1102.02908839
1102.29687383
1102.49541322
1102.69508137
1102.82713836
1102.94500334
1102.9954994
1102.92917408
1102.77188675
1102.65082035
1102.50845381
1102.29303953
1101.98586174
1101.57857306
1101.13397655
1100.83190542
1100.09420244
1099.19434478
1098.16909405
1096.97528489
1095.63875693
1094.12359639
1092.44166109
1090.56952746
1088.49434782
1089.69698406
1089.59714029
1089.40626256
1089.12273824
1088.74650995
1088.27690926
1087.71066456
1087.03968893
1086.28249938
1086.16635641
1085.72850355
)
;
        kappaMethod     solidThermo;
        Tnbr            T.liquid;
        region          solid;
        otherPhase      gas;
    }
}


// ************************************************************************* //
