/*--------------------------------*- C++ -*----------------------------------*\
| =========                 |                                                 |
| \\      /  F ield         | OpenFOAM: The Open Source CFD Toolbox           |
|  \\    /   O peration     | Version:  2206                                  |
|   \\  /    A nd           | Website:  www.openfoam.com                      |
|    \\/     M anipulation  |                                                 |
\*---------------------------------------------------------------------------*/
FoamFile
{
    version     2.0;
    format      ascii;
    arch        "LSB;label=64;scalar=64";
    class       volScalarField;
    location    "3.7/solid";
    object      T;
}
// * * * * * * * * * * * * * * * * * * * * * * * * * * * * * * * * * * * * * //

dimensions      [0 0 0 1 0 0 0];

internalField   nonuniform List<scalar> 
500
(
1079.27044671
1079.09988474
1078.75741126
1078.23941551
1077.54017605
1076.6531908
1075.57364996
1074.30093152
1072.84402342
1071.3470617
1080.12128615
1079.95646502
1079.62635209
1079.13009635
1078.46697543
1077.63775808
1076.64736382
1075.50870607
1074.24549944
1072.89344121
1081.02455668
1080.86668896
1080.55122055
1080.07887373
1079.45123797
1078.67149706
1077.74547576
1076.682631
1075.49512398
1074.19194615
1081.95760713
1081.80600898
1081.50331978
1081.05066268
1080.44996654
1079.7042318
1078.81780681
1077.79638771
1076.64535838
1075.36384559
1082.90259762
1082.75595193
1082.46313537
1082.02513954
1081.44352093
1080.72045059
1079.85874231
1078.86169606
1077.73144113
1076.46239562
1083.84529524
1083.70237372
1083.41688507
1082.98954805
1082.42143434
1081.71394559
1080.86880108
1079.88796628
1078.77209981
1077.51271057
1084.77546655
1084.63536784
1084.35540346
1083.93603941
1083.37794674
1082.68196525
1081.84911343
1080.88066866
1079.77677567
1078.52677085
1085.68605246
1085.54820376
1085.27264504
1084.85965286
1084.30961394
1083.62299205
1082.80036691
1081.84268509
1080.75015875
1079.51042372
1086.57226421
1086.4363471
1086.16458641
1085.75713067
1085.21418021
1084.53595852
1083.72277249
1082.77545341
1081.69477181
1080.46756821
1087.43086905
1087.2967394
1087.0285121
1086.62625531
1086.09005486
1085.41998658
1084.61618208
1083.67946532
1082.61157782
1081.40005835
1088.25967408
1088.12729764
1087.86255247
1087.4654606
1086.93604391
1086.27429381
1085.48022328
1084.55468148
1083.50070597
1082.30799758
1089.05716398
1088.92656943
1088.66537578
1088.2735825
1087.75118235
1087.09812614
1086.31434285
1085.40069314
1084.36179504
1083.19112818
1089.82224918
1089.69349541
1089.43597897
1089.04969234
1088.53462209
1087.89070795
1087.11781111
1086.21672308
1085.19378027
1084.04865099
1090.55409201
1090.42724641
1090.17354682
1089.79298818
1089.2855649
1088.65122534
1087.88977417
1087.00181803
1085.99531498
1084.88032389
1091.25198627
1091.12711141
1090.87735657
1090.50272412
1090.00322362
1089.37882348
1088.62928102
1087.7548835
1086.76462362
1085.68538521
1091.91527157
1091.79241792
1091.54671015
1091.1781607
1090.68679798
1090.07261869
1089.33534889
1088.47485696
1087.49994001
1086.46289647
1092.54326898
1092.42247122
1092.18088045
1091.81852001
1091.33543833
1090.73166535
1090.00691661
1089.16063193
1088.20000808
1087.18479947
1093.13522983
1093.01650546
1092.77906668
1092.4229475
1091.94821575
1091.35493649
1090.64283301
1089.81095651
1088.86462404
1087.85980692
1093.69029306
1093.57364238
1093.34035596
1092.99047774
1092.52409362
1091.94130522
1091.24186365
1090.42449151
1089.49262161
1088.49828164
1094.20744832
1094.09285545
1093.86368911
1093.52000195
1093.06189548
1092.48950573
1091.80262421
1090.99970014
1090.08231543
1089.09742986
1094.68550272
1094.57293706
1094.34782914
1094.0102392
1093.56028216
1092.99812684
1092.32361928
1091.53500175
1090.63209343
1089.65726604
1095.12305007
1095.01246792
1094.79133044
1094.45970421
1094.01771498
1093.4655615
1092.80315455
1092.02858597
1091.13996719
1090.17420854
1095.51844297
1095.40978917
1095.1925112
1094.86668054
1094.43243081
1093.88998629
1093.23932928
1092.47845955
1091.60386454
1090.64746043
1095.8697678
1095.76297758
1095.54942901
1095.22919732
1094.80242171
1094.26934889
1093.63004127
1092.88246834
1092.02157885
1091.073439
1096.17482292
1096.06982359
1095.85985855
1095.5450056
1095.12540711
1094.60132773
1093.97291398
1093.23816591
1092.39062785
1091.4510036
1096.43110096
1096.32781363
1096.12127393
1095.81156149
1095.39882003
1094.88332808
1094.26531941
1093.5428832
1092.70825721
1091.77589174
1096.63577581
1096.53411672
1096.33083461
1096.02601039
1095.61978782
1095.11245566
1094.50433663
1093.7936652
1092.97150614
1092.04653754
1096.78569536
1096.68557702
1096.48537732
1096.18517824
1095.78512247
1095.28550496
1094.6867371
1093.98726125
1093.17712682
1092.25855594
1096.87738147
1096.7787133
1096.58141492
1096.28556955
1095.8913186
1095.39895972
1094.80898982
1094.12010959
1093.32145974
1092.4088682
1096.90703787
1096.80972634
1096.61514231
1096.3233706
1095.93455182
1095.44898462
1094.86725097
1094.18837545
1093.40077793
1092.49309721
1096.87056801
1096.77451659
1096.58245362
1096.29446532
1095.91069136
1095.4314287
1094.8573415
1094.18784663
1093.41084735
1092.50747879
1096.7636031
1096.66871291
1096.47897258
1096.1944688
1095.81533891
1095.34187413
1094.77481462
1094.114043
1093.34721057
1092.44650279
1096.58153837
1096.48770983
1096.30009206
1096.01877039
1095.6438773
1095.17569138
1094.61501116
1093.96223299
1093.20509831
1092.30590352
1096.31957478
1096.22671021
1096.04101855
1095.76258188
1095.39152487
1094.92810615
1094.37316114
1093.72764069
1092.97982472
1092.08010192
1095.97276297
1095.88076934
1095.69681703
1095.42098348
1095.05338382
1094.59425112
1094.04443385
1093.40546009
1092.66676772
1091.76477652
1095.53604839
1095.44483929
1095.26245331
1094.988963
1094.62447393
1094.16919094
1093.62395076
1092.99085462
1092.26134625
1091.35538189
1095.00431886
1094.91381501
1094.73283719
1094.461454
1094.0997636
1093.64794381
1093.10679757
1092.47895181
1091.75886141
1090.85408415
1094.37245775
1094.28258599
1094.10287097
1093.83337948
1093.47420624
1093.02550651
1092.48803015
1091.86483244
1091.15407699
1090.264267
1093.63540591
1093.54609661
1093.36750666
1093.09970426
1092.74278606
1092.29689135
1091.7627
1091.14356167
1090.44149885
1089.57477442
1092.78823492
1092.69941792
1092.52181483
1092.25549947
1091.90057749
1091.45718206
1090.92591412
1090.31027421
1089.61599366
1088.77476013
1091.82623417
1091.73783331
1091.56106747
1091.29602155
1090.94281912
1090.50160047
1089.97288719
1089.3601858
1088.67263607
1087.85815066
1090.74501326
1090.65693929
1090.48083567
1090.21680536
1089.86500095
1089.42558646
1088.8990109
1088.28864034
1087.60652633
1086.82077654
1089.54062177
1089.4527634
1089.27710359
1089.01377192
1088.66296396
1088.22488925
1087.69994474
1087.09123121
1086.41293081
1085.65892488
1088.2096887
1088.12190198
1087.9464025
1087.68335591
1087.33301691
1086.89566757
1086.37168791
1085.76383127
1085.08723073
1084.36700672
1086.74958412
1086.66168164
1086.48597088
1086.22266087
1085.87207985
1085.43461112
1084.91066587
1084.30263911
1083.6253359
1082.92233131
1085.15860622
1085.07035051
1084.89395287
1084.62966401
1084.27788654
1083.83912008
1083.31385366
1082.7041766
1082.02412977
1081.32129867
1083.43619799
1083.34730616
1083.16965165
1082.90350779
1082.54931405
1082.10764182
1081.57903559
1080.96529739
1080.27972056
1079.5721176
1081.58319436
1081.49335007
1081.31382621
1081.04489102
1080.68691984
1080.24037348
1079.70560447
1079.08387316
1078.38770748
1077.67008484
1079.60209787
1079.51088574
1079.32889161
1079.05640844
1078.69360626
1078.24047563
1077.69649054
1077.06124764
1076.34528167
1075.60494691
1077.49739272
1077.40363332
1077.21841393
1076.9420858
1076.57455198
1076.11505889
1075.56132686
1074.90903477
1074.16235776
1073.36875608
)
;

boundaryField
{
    symmetric
    {
        type            symmetry;
    }
    emptyPatch
    {
        type            empty;
    }
    solid_to_water
    {
        type            compressible::turbulentTemperatureTwoPhaseRadCoupledMixed;
        refValue        nonuniform List<scalar> 
70
(
418.819656855
417.009321708
415.441467094
414.063966561
412.748502057
410.666696023
403.539993913
381.007562462
347.060151365
338.41266007
340.475642542
341.25184561
341.297305576
341.260769859
341.111222882
341.051037528
340.914927095
340.529039898
339.481744792
338.251644839
337.109963304
336.162618024
335.614601145
335.702704234
337.372412666
345.92489375
376.940258139
379.791792102
392.323464469
387.001025223
397.465649095
389.93837185
399.053870842
391.884595202
399.723631827
392.600852532
399.371607945
392.408929553
398.038491014
392.268419626
396.488853342
392.580577362
395.137034351
391.883713436
391.142143108
381.278104018
356.750038111
344.373042171
339.912665452
337.803916408
336.951432859
337.067040081
339.056357249
348.886623513
390.542299652
417.118422029
428.649638522
433.488430153
431.538676948
334.380186598
334.491272164
334.566402822
334.639253937
334.710236549
334.774914553
334.834434767
334.957361297
335.434256381
399.550956376
337.235004892
)
;
        refGradient     uniform 0;
        valueFraction   nonuniform List<scalar> 
70
(
0.000524404240664
0.000524585036294
0.000524815097121
0.000524968532762
0.000525251212394
0.000528917552012
0.00055363081329
0.000676503834375
0.00117579505938
0.00146604197208
0.000961323940129
0.000961569754571
0.000963086370957
0.00096353923592
0.000965233742211
0.000965665652688
0.000966835505419
0.000969103628235
0.000974417873449
0.000972665641067
0.000962753103593
0.000949589702776
0.000940579799508
0.000943290481391
0.000968160929574
0.000895291705504
0.00058604789253
0.000622748113538
0.000572605949754
0.000623052885776
0.00057298230299
0.000622721738278
0.0005765893063
0.000619930650101
0.000579448540517
0.000620120451918
0.000583683520676
0.000622224351688
0.00059124350104
0.000624042627009
0.000601055192135
0.000624018451851
0.000609810460436
0.000627547019428
0.000623393285054
0.000652457680084
0.000823387551686
0.000956379890581
0.000980402134219
0.000968749426642
0.000960725586458
0.000963055341197
0.000977213177048
0.000883690601846
0.000571578182011
0.00051476797438
0.000505628934697
0.000505064444203
0.000516170571833
0.00149548618883
0.00150178549198
0.0015053720418
0.00150859076323
0.00151136553528
0.00151350443724
0.00151509465812
0.00151856700553
0.00152319770306
0.000623107475251
0.00144460752924
)
;
        source          uniform 0;
        value           nonuniform List<scalar> 
70
(
1078.92512952
1078.7535875
1078.41031531
1077.89174935
1077.19193966
1076.30175511
1075.20224647
1073.83269036
1071.99204388
1070.27373967
1070.64564867
1072.19125381
1073.48752282
1074.6579719
1075.75414733
1076.80314557
1077.81533437
1078.79612252
1079.74760238
1080.67944506
1081.59285169
1082.48411006
1083.34717682
1084.17644732
1084.9643682
1085.80272602
1086.76705016
1087.41785864
1088.09797924
1088.65911386
1089.25913735
1089.73744776
1090.24740227
1090.63941103
1091.04909961
1091.34190568
1091.64136865
1091.8228649
1091.99771255
1092.05605408
1092.08877765
1092.00979269
1091.88060263
1091.64080619
1091.32806978
1090.89258452
1090.25270876
1089.556152
1088.84568666
1088.05325708
1087.14288211
1086.10515563
1084.93621484
1083.72287973
1082.52791743
1080.97971365
1079.24305624
1077.3446695
1075.27238565
1076.38732417
1076.28919115
1076.10170042
1075.82350915
1075.45457872
1074.99429693
1074.44032347
1073.78655044
1073.03778454
1072.9489483
1072.3053848
)
;
        kappaMethod     solidThermo;
        Tnbr            T.liquid;
        region          solid;
        otherPhase      gas;
    }
}


// ************************************************************************* //
