/*--------------------------------*- C++ -*----------------------------------*\
| =========                 |                                                 |
| \\      /  F ield         | OpenFOAM: The Open Source CFD Toolbox           |
|  \\    /   O peration     | Version:  2206                                  |
|   \\  /    A nd           | Website:  www.openfoam.com                      |
|    \\/     M anipulation  |                                                 |
\*---------------------------------------------------------------------------*/
FoamFile
{
    version     2.0;
    format      ascii;
    arch        "LSB;label=64;scalar=64";
    class       volScalarField;
    location    "1.7/solid";
    object      T;
}
// * * * * * * * * * * * * * * * * * * * * * * * * * * * * * * * * * * * * * //

dimensions      [0 0 0 1 0 0 0];

internalField   nonuniform List<scalar> 
500
(
1099.88867062
1099.71859612
1099.37089605
1098.84294979
1098.14665932
1097.31260355
1096.30397573
1095.09963008
1093.71359971
1092.25328221
1100.97435052
1100.81521758
1100.49574274
1100.01601526
1099.37818057
1098.58437501
1097.63245644
1096.52431525
1095.27283311
1093.91941374
1102.09061818
1101.93799052
1101.63244191
1101.17390573
1100.56283476
1099.80016233
1098.88767574
1097.82921015
1096.63174156
1095.31531748
1103.16566767
1103.01679009
1102.71901025
1102.27244122
1101.67752885
1100.93525931
1100.04737296
1099.01620073
1097.84426156
1096.54338587
1104.1666458
1104.02025129
1103.72754932
1103.28878621
1102.70446401
1101.97545367
1101.1030163
1100.08829125
1098.93128053
1097.63901918
1105.07761736
1104.93307858
1104.64413015
1104.21106558
1103.63437957
1102.91481467
1102.05332202
1101.05044399
1099.90473315
1098.61960581
1105.89352675
1105.75054407
1105.46472174
1105.03636451
1104.4659483
1103.75414163
1102.90176595
1101.90914
1100.77387124
1099.49546287
1106.61667367
1106.4751411
1106.1922254
1105.76823755
1105.20364912
1104.4991085
1103.65542537
1102.67291542
1101.5485423
1100.27818856
1107.25382356
1107.1137491
1106.83375659
1106.41416871
1105.8554705
1105.15832774
1104.32360771
1103.35176312
1102.23931296
1100.97781872
1107.81400528
1107.67546064
1107.39853724
1106.98357637
1106.4310901
1105.74178335
1104.91661739
1103.956279
1102.85702867
1101.60611146
1108.30699669
1108.17008565
1107.89644126
1107.48642875
1106.94059614
1106.2596985
1105.44480718
1104.49691707
1103.41224404
1102.17303253
1108.74236823
1108.60720588
1108.33707208
1107.93235896
1107.39365497
1106.72176889
1105.91788438
1104.98336412
1103.91465502
1102.68913528
1109.12893288
1108.99563173
1108.72923367
1108.33015814
1107.79903464
1107.13672509
1106.3445274
1105.42425747
1104.37299652
1103.16280336
1109.47447519
1109.34313604
1109.08067413
1108.68753366
1108.1643806
1107.51211919
1106.73213309
1105.82669185
1104.7938657
1103.60060102
1109.78566307
1109.65636994
1109.39800999
1109.01104747
1108.49617686
1107.85432921
1107.08693684
1106.19670664
1105.18315378
1104.00847987
1110.06807162
1109.94089007
1109.6867606
1109.30616219
1108.79980949
1108.16864604
1107.41411345
1106.53929753
1105.54558522
1104.39102691
1110.32626729
1110.20124488
1109.95143856
1109.5773371
1109.07966821
1108.45937646
1107.71787469
1106.85852999
1105.88498702
1104.75413273
1110.56391682
1110.44108444
1110.19566095
1109.82814081
1109.33925919
1108.72995419
1108.00158227
1107.15770258
1106.20457231
1105.10313221
1110.78389867
1110.66327157
1110.42225966
1110.06135953
1109.58130943
1108.98303623
1108.2678153
1107.43925927
1106.50626349
1105.43742369
1110.98840492
1110.86998347
1110.63338195
1110.27909538
1109.8078598
1109.2205851
1108.51844109
1107.7049316
1106.79143143
1105.75705868
1111.17902813
1111.06279866
1110.8305783
1110.48285649
1110.02036152
1109.44398135
1108.75476597
1107.9559662
1107.06119003
1106.06394804
1111.35682948
1111.2427653
1111.01487071
1110.67362546
1110.21974421
1109.654088
1108.97757515
1108.19302764
1107.31555594
1106.35837133
1111.52238744
1111.41045018
1111.18680282
1110.85191178
1110.40647325
1109.85131916
1109.18724011
1108.41651866
1107.55476081
1106.6433618
1111.67582623
1111.56596704
1111.34646771
1111.01777821
1110.58057207
1110.03565088
1109.38368764
1108.62636263
1107.7781365
1106.90579561
1111.81682448
1111.70898493
1111.49351549
1111.17084696
1110.74162615
1110.20662225
1109.56640217
1108.8220528
1107.98603685
1107.12384718
1111.94460521
1111.83871802
1111.62714297
1111.31028981
1110.88877591
1110.36333798
1109.73445271
1109.00265878
1108.17840026
1107.32402686
1112.05790841
1111.95389779
1111.74606494
1111.43479716
1111.02068033
1110.50441912
1109.88641694
1109.16670893
1108.35368865
1107.5063755
1112.15494739
1112.05272941
1111.84847054
1111.54253481
1111.13547514
1110.62796436
1110.02034738
1109.31220408
1108.50991102
1107.66852347
1112.23335114
1112.13283384
1111.93196499
1111.63108515
1111.23071377
1110.73149351
1110.13372912
1109.43660392
1108.64451623
1107.80882411
1112.29009605
1112.19117947
1111.99350088
1111.69737767
1111.30329578
1110.81186888
1110.22337616
1109.53664999
1108.75411334
1107.92273328
1112.32143191
1112.22400819
1112.02930464
1111.73761631
1111.34939666
1110.86523309
1110.28539791
1109.60843358
1108.8348341
1108.00758051
1112.32280721
1112.22676109
1112.03480262
1111.74720548
1111.36439118
1110.88692135
1110.31507402
1109.64715203
1108.88171595
1108.05699127
1112.28879903
1112.19400921
1112.0045538
1111.72068611
1111.3427957
1110.87141578
1110.30683356
1109.64714832
1108.88898469
1108.06621411
1112.21305209
1112.11939361
1111.93219207
1111.65168163
1111.27822062
1110.81231242
1110.25425917
1109.60200164
1108.85021941
1108.02773618
1112.08823145
1111.99557912
1111.81038193
1111.53285653
1111.16333172
1110.70228159
1110.15003472
1109.50444227
1108.75824832
1107.93500967
1111.90599381
1111.81422612
1111.63079138
1111.35589131
1110.98982858
1110.53305154
1109.98593149
1109.34631515
1108.60504768
1107.77961928
1111.65698394
1111.56598622
1111.38408612
1111.11147361
1110.74843021
1110.29538405
1109.75276816
1109.11853317
1108.38173741
1107.55316025
1111.33086569
1111.24053197
1111.05995618
1110.78932021
1110.42888983
1109.97907858
1109.44039819
1108.81101955
1108.07834725
1107.24485342
1110.91639813
1110.82663107
1110.6471867
1110.37824256
1110.02005436
1109.57302607
1109.03776104
1108.41277877
1107.68410769
1106.84491972
1110.40156648
1110.3122753
1110.13378257
1109.8662654
1109.50997513
1109.06531053
1108.53297342
1107.91195695
1107.18726468
1106.34054281
1109.7737756
1109.6848717
1109.50715529
1109.24080693
1108.88607914
1108.44336859
1107.91347411
1107.29597848
1106.57535566
1105.71947649
1109.02011064
1108.931501
1108.75437691
1108.48892653
1108.13540965
1107.69422444
1107.16626041
1106.55179841
1105.8355005
1104.96851849
1108.12766633
1108.03924445
1107.86250192
1107.5976392
1107.24493065
1106.80478193
1106.27816394
1105.66614331
1104.95455788
1104.07417822
1107.08394305
1106.99557757
1106.81895601
1106.55429591
1106.20189465
1105.76217447
1105.23617746
1104.625806
1103.91944289
1103.02406262
1105.8773035
1105.78882541
1105.61198785
1105.34702825
1104.99427398
1104.55417578
1104.02784315
1103.41802007
1102.71727555
1101.81912163
1104.49747538
1104.40866715
1104.23117654
1103.96525635
1103.61125944
1103.16966538
1102.64164198
1102.03072764
1101.33475242
1100.45407761
1102.93606734
1102.8466594
1102.6679741
1102.40026351
1102.04387141
1101.59925708
1101.06757593
1100.45300513
1099.75891455
1098.9011752
1101.18704072
1101.09671204
1100.91621982
1100.6458083
1100.28574117
1099.8363075
1099.29839619
1098.67632813
1097.97821738
1097.13884156
1099.24714694
1099.15544901
1098.97250275
1098.69863768
1098.33399084
1097.87845063
1097.33208492
1096.69803193
1095.98557337
1095.14582849
1097.11708093
1097.02278532
1096.83651536
1096.55883354
1096.18983981
1095.72904389
1095.17535761
1094.52880018
1093.79136549
1092.90757132
)
;

boundaryField
{
    symmetric
    {
        type            symmetry;
    }
    emptyPatch
    {
        type            empty;
    }
    solid_to_water
    {
        type            compressible::turbulentTemperatureTwoPhaseRadCoupledMixed;
        refValue        nonuniform List<scalar> 
70
(
390.1365895
388.770058673
382.11267094
368.704795465
355.779205734
354.415583818
351.164820261
346.21726768
340.866777118
336.968779804
342.002992909
345.981191103
346.122062526
347.177525428
346.46384846
347.591965317
346.468807853
347.584689755
346.500877148
347.574354679
346.578470358
347.402639934
346.671592556
346.942046057
346.473426046
345.23583577
341.735408663
339.030977773
337.256877372
336.116200425
335.776722394
336.407304143
340.438210509
381.087159524
407.858330005
411.680638522
426.655897078
420.830491004
432.611290107
424.476213378
434.601797839
425.833692439
434.060424478
426.197981943
432.299013882
426.292913464
431.213871897
425.898621005
430.394026325
426.206392133
429.05724698
425.500687852
422.55840592
396.221785493
354.573477797
343.073290763
339.533292595
338.312214236
338.31653455
334.146480537
334.248005566
334.314767822
334.380037327
334.448542508
334.512781135
334.542425366
334.554069967
334.642699718
339.340388725
334.93234099
)
;
        refGradient     uniform 0;
        valueFraction   nonuniform List<scalar> 
70
(
0.000652357819597
0.000651593900019
0.000688095428453
0.000798635293324
0.000971209269222
0.000969031707566
0.00102396256127
0.00114426184465
0.0013356095283
0.00151810682816
0.000945437376229
0.000899881326599
0.000913110469999
0.00089637952863
0.000913241212938
0.000890627653821
0.000914318679075
0.000891819435725
0.000915027581682
0.000893881065404
0.000915713546831
0.000900049726405
0.000916425279775
0.000910989255254
0.000917324323268
0.000927137356228
0.000973527436804
0.000990784516144
0.000980153273651
0.000965100797247
0.000961062677344
0.000970526992259
0.00098911840995
0.000568818997408
0.000506447326177
0.000532595468397
0.000499173631515
0.000532673120729
0.000499978916335
0.000532131788733
0.000501445942263
0.000532155190286
0.000505936892521
0.000532736779206
0.000512536602024
0.000532945366869
0.000516278753858
0.000534397684946
0.000519747988773
0.000534612829415
0.000524981973666
0.000535580614762
0.000534164244644
0.000601345076592
0.000875385933847
0.000981988081944
0.000984645461001
0.000980045740629
0.000980990492382
0.00151280259863
0.00151903798311
0.00152253601248
0.00152576696225
0.00152884851373
0.00153133924499
0.00153179080549
0.00153137777416
0.00153456880906
0.00098273035457
0.00154170716579
)
;
        source          uniform 0;
        value           nonuniform List<scalar> 
70
(
1099.42665414
1099.25637525
1098.87851303
1098.26132015
1097.42759265
1096.59482963
1095.54338444
1094.24529232
1092.71024505
1091.10837453
1091.54566339
1093.24718431
1094.63223841
1095.87248755
1096.95410845
1097.9515366
1098.80814642
1099.60784212
1100.28875419
1100.9331685
1101.48258638
1102.01067997
1102.47123248
1102.91305101
1103.31558382
1103.68951562
1104.01453515
1104.34789694
1104.68844904
1105.0183582
1105.3280212
1105.61595366
1105.89097775
1106.49266519
1106.76838679
1106.95257391
1107.16507882
1107.30175338
1107.46988921
1107.55821417
1107.66866061
1107.69319206
1107.72410665
1107.66381968
1107.58775825
1107.41577181
1107.20308471
1106.88010328
1106.49246242
1105.97624937
1105.36336763
1104.60383577
1103.70928723
1102.59913574
1101.16919261
1099.71638974
1098.1598656
1096.40171777
1094.40996967
1095.96428878
1095.86553329
1095.67697943
1095.39735651
1095.02668409
1094.56479449
1094.01163009
1093.36632697
1092.62815628
1092.17269059
1091.74466492
)
;
        kappaMethod     solidThermo;
        Tnbr            T.liquid;
        region          solid;
        otherPhase      gas;
    }
}


// ************************************************************************* //
