/*--------------------------------*- C++ -*----------------------------------*\
| =========                 |                                                 |
| \\      /  F ield         | OpenFOAM: The Open Source CFD Toolbox           |
|  \\    /   O peration     | Version:  2206                                  |
|   \\  /    A nd           | Website:  www.openfoam.com                      |
|    \\/     M anipulation  |                                                 |
\*---------------------------------------------------------------------------*/
FoamFile
{
    version     2.0;
    format      ascii;
    arch        "LSB;label=64;scalar=64";
    class       volScalarField;
    location    "3.4/solid";
    object      T;
}
// * * * * * * * * * * * * * * * * * * * * * * * * * * * * * * * * * * * * * //

dimensions      [0 0 0 1 0 0 0];

internalField   nonuniform List<scalar> 
500
(
1082.17523293
1082.00451597
1081.66149921
1081.14246469
1080.43984952
1079.54413635
1078.44763395
1077.1568755
1075.71783339
1074.24731157
1083.05544833
1082.89045157
1082.55999032
1082.06329661
1081.3996554
1080.56961205
1079.57711785
1078.43446751
1077.1697696
1075.82341882
1083.97615943
1083.81806893
1083.50214703
1083.02910152
1082.4004846
1081.61937226
1080.69127496
1079.62535997
1078.4357077
1077.13811829
1084.92337686
1084.771476
1084.46816608
1084.01453591
1083.41245301
1082.66480163
1081.77568731
1080.75067382
1079.59745818
1078.32352558
1085.87718028
1085.73015145
1085.43655673
1084.99736194
1084.41407909
1083.68878879
1082.82407583
1081.82307198
1080.690694
1079.43227605
1086.82238457
1086.67901981
1086.39263967
1085.96395161
1085.39400649
1084.68414643
1083.83585852
1082.85076817
1081.73259222
1080.48910827
1087.74842685
1087.60784847
1087.32692687
1086.90613101
1086.34613365
1085.64774536
1084.81174522
1083.83879117
1082.73184038
1081.50791254
1088.6483639
1088.5100188
1088.23347549
1087.81902557
1087.26707669
1086.57809345
1085.75241832
1084.79003679
1083.69270511
1082.48157279
1089.51784736
1089.38143146
1089.10868623
1088.69978467
1088.15496395
1087.47447901
1086.65841825
1085.70629616
1084.61858852
1083.41448879
1090.35429091
1090.21966974
1089.95047603
1089.54680923
1089.00880422
1088.33659901
1087.53014948
1086.58863404
1085.51121962
1084.31411893
1091.15626059
1091.02340594
1090.75772336
1090.35927054
1089.82812641
1089.16437337
1088.36791851
1087.43771001
1086.37159213
1085.18233775
1091.9230487
1091.79199268
1091.5298966
1091.13679815
1090.61275209
1089.95782838
1089.17195223
1088.25394721
1087.20035599
1086.01953011
1092.65438216
1092.52518522
1092.26680363
1091.87926878
1091.36263042
1090.71697097
1089.94227733
1089.03734063
1087.99743909
1086.82638285
1093.35022613
1093.22295612
1092.96842881
1092.58667696
1092.07775533
1091.44177072
1090.67879975
1089.78769691
1088.76260596
1087.60189852
1094.01065124
1093.88537089
1093.63482554
1093.25905337
1092.75811894
1092.13215796
1091.38135378
1090.50471114
1089.49538301
1088.34635489
1094.63574083
1094.51250062
1094.26603923
1093.89640203
1093.40366459
1092.78798922
1092.04966641
1091.18791647
1090.19508454
1089.05796815
1095.22552276
1095.10435747
1094.86204989
1094.49865314
1094.01425365
1093.40903663
1092.68339853
1091.83684792
1090.86118179
1089.73729415
1095.7799156
1095.66084289
1095.42272438
1095.0656207
1094.58962828
1093.99495113
1093.28208835
1092.45090675
1091.49293238
1090.38259411
1096.29868329
1096.18170375
1095.94777503
1095.59696438
1095.129376
1094.54522484
1093.84509633
1093.02925817
1092.08928469
1090.99360257
1096.78139524
1096.66649341
1096.43672302
1096.09215686
1095.63290454
1095.05918389
1094.37164555
1093.57098407
1092.64913667
1091.56811667
1097.22738945
1097.11453525
1096.88886258
1096.55044888
1096.0994076
1095.53595321
1094.86078036
1094.07502495
1093.17133206
1092.10592319
1097.63573803
1097.5248882
1097.30322615
1096.97083291
1096.52782414
1095.97440513
1095.31129334
1094.54007864
1093.65451078
1092.60476351
1098.00521594
1097.89631566
1097.67855401
1097.35201438
1096.91681265
1096.37313876
1095.72170565
1094.96453301
1094.0968478
1093.06299576
1098.33427268
1098.22725753
1098.01326692
1097.69238579
1097.2647292
1096.73046786
1096.09028496
1095.34659514
1094.49655985
1093.47853638
1098.62100702
1098.51580456
1098.30543978
1097.98999848
1097.5695944
1097.04437713
1096.41497817
1095.68415883
1094.85159583
1093.85034266
1098.86314571
1098.75967708
1098.55278006
1098.24254073
1097.82907102
1097.31249747
1096.69337351
1095.97470008
1095.15911829
1094.18089879
1099.05802726
1098.95620851
1098.75261116
1098.44732128
1098.04044913
1097.53209861
1096.92272578
1096.21544938
1095.41604691
1094.46696753
1099.20259138
1099.10233448
1098.90186081
1098.6012566
1098.20063138
1097.70006904
1097.09991582
1096.40327616
1095.61897589
1094.70142149
1099.29337554
1099.19458874
1098.99705546
1098.70086261
1098.30612049
1097.81289676
1097.22141885
1096.53462578
1095.76406769
1094.8790266
1099.32652083
1099.22910844
1099.03432437
1098.74225675
1098.35301832
1097.86666577
1097.28330774
1096.60557952
1095.84725053
1094.99638917
1099.29778876
1099.20165109
1099.0094168
1098.7211754
1098.33704361
1097.857074
1097.28126724
1096.61184615
1095.86406925
1095.05081177
1099.20258939
1099.10762346
1098.9177325
1098.63300662
1098.25356645
1097.77946459
1097.21060407
1096.54870282
1095.80926983
1095.03756112
1099.03601896
1098.9421204
1098.75436304
1098.47283567
1098.09766052
1097.62889108
1097.06634368
1096.41120146
1095.67781213
1094.92532127
1098.79290408
1098.69997026
1098.51414012
1098.2354989
1097.86416762
1097.40020072
1096.84334057
1096.19425694
1095.46584038
1094.71674923
1098.46784926
1098.37578245
1098.19168327
1097.91563177
1097.54774564
1097.08808088
1096.53631802
1095.89263444
1095.16841636
1094.42161536
1098.05528694
1097.96399652
1097.78144675
1097.50771194
1097.14290592
1096.68708895
1096.13989609
1095.50104295
1094.78038215
1094.03443004
1097.54953216
1097.45893522
1097.27776947
1097.00610422
1096.64405098
1096.19168003
1095.64860247
1095.0141105
1094.29648979
1093.55099969
1096.94484479
1096.85486514
1096.67493196
1096.40511154
1096.04551619
1095.59623355
1095.05687461
1094.42635148
1093.71134571
1092.96515082
1096.23550243
1096.14606799
1095.96722477
1095.699039
1095.3416281
1094.89510523
1094.35910579
1093.73220849
1093.01946595
1092.27252503
1095.41588632
1095.3269252
1095.14903026
1094.88227169
1094.52677762
1094.08269578
1093.54971167
1092.92612145
1092.21529627
1091.46656968
1094.48058209
1094.39201724
1094.21491925
1093.94936742
1093.5955077
1093.15353303
1092.62320738
1092.00260697
1091.29338573
1090.54259066
1093.42449707
1093.33623953
1093.1597639
1092.89516523
1092.54261628
1092.10236738
1091.5742906
1090.95630954
1090.24832651
1089.49452684
1092.24299675
1092.15493695
1091.97886864
1091.71491067
1091.36327408
1090.92428189
1090.39794816
1089.78212366
1089.07491509
1088.3174354
1090.93206398
1090.84406146
1090.66812375
1090.40440225
1090.05315961
1089.6148107
1089.08955359
1088.47527003
1087.76825066
1087.00566352
1089.48848537
1089.40035809
1089.22418971
1088.96017039
1088.60862547
1088.17008112
1087.64496973
1087.03134305
1086.32371338
1085.55483434
1087.91006475
1087.8215819
1087.64472
1087.37970487
1087.02692112
1086.5870099
1086.06068362
1085.44634475
1084.73682438
1083.95923326
1086.19584883
1086.10673356
1085.92861978
1085.66174862
1085.3065221
1084.8636391
1084.33406484
1083.71670186
1083.00288122
1082.21291528
1084.34631797
1084.25625664
1084.07628447
1083.80663151
1083.44761478
1082.99979764
1082.4641334
1081.83984954
1081.11672608
1080.30688235
1082.36349548
1082.27207048
1082.08963416
1081.81644946
1081.45261922
1080.99822012
1080.45349703
1079.8169142
1079.07513116
1078.22683787
1080.25145471
1080.15747039
1079.97177999
1079.69474992
1079.3262656
1078.86575191
1078.31187936
1077.66021478
1076.89025284
1075.95522049
)
;

boundaryField
{
    symmetric
    {
        type            symmetry;
    }
    emptyPatch
    {
        type            empty;
    }
    solid_to_water
    {
        type            compressible::turbulentTemperatureTwoPhaseRadCoupledMixed;
        refValue        nonuniform List<scalar> 
70
(
391.107935291
389.395829137
387.936370678
386.624592348
384.567446397
379.73910013
372.760362529
363.031499092
346.515287131
338.186902094
337.16468642
336.777107991
336.258873596
335.92352169
336.004578184
337.229849032
341.285860211
348.802227342
351.551623899
351.981587216
354.745270123
353.173205451
355.737974226
353.948466832
356.448106566
354.423438767
356.56779059
354.699709702
356.532716513
354.696396292
356.127067781
354.674922181
354.992013678
353.726075447
348.734595326
342.406379892
339.098198357
337.193919465
336.174210616
336.082389825
337.541682967
346.586153583
404.421307758
414.098554843
432.410642781
428.15988414
441.722244693
433.350981016
443.966680245
435.383218977
443.602974119
436.30224049
442.349903591
436.823167132
440.641020622
437.120935307
438.545559203
437.079629292
435.673479784
334.304275693
334.415226252
334.488164782
334.562725765
334.637966279
334.706658702
334.790355986
334.993488471
335.659687773
395.473795866
338.001837622
)
;
        refGradient     uniform 0;
        valueFraction   nonuniform List<scalar> 
70
(
0.000635422599173
0.000635862062716
0.000636260912577
0.000636614195334
0.000640625977108
0.000663622191886
0.000706787996613
0.00079350501843
0.00111803357263
0.00145468828748
0.000959770175427
0.00095326706554
0.000946821532319
0.0009427627767
0.000945639524075
0.000964946416846
0.000952278844644
0.000832574644328
0.000815970547803
0.00082969372105
0.000796349722624
0.000829951523659
0.000795450324108
0.000828096796679
0.000793939521655
0.000828276292429
0.000798630885326
0.000828910423245
0.000802741349158
0.000830795256043
0.000810111944902
0.000832355626807
0.000825510322919
0.000834110756244
0.000884609795894
0.000966774458174
0.000983049361999
0.000968547418084
0.000954968594603
0.000954963968218
0.000972914885148
0.000915136977092
0.000483476129232
0.000505587681309
0.000474153536202
0.000505492851381
0.000474420588655
0.0005053229276
0.000477796997949
0.000505079779681
0.000482527637954
0.000504759773105
0.000487703246062
0.000504357849829
0.000493408159145
0.000503869419165
0.000499343051802
0.000503289664626
0.000505483344265
0.00149460969978
0.00150128921408
0.00150488088506
0.00150826741974
0.00151125037995
0.00151349198044
0.00151611291225
0.00152236332632
0.00152143080521
0.000638603345183
0.00142839733757
)
;
        source          uniform 0;
        value           nonuniform List<scalar> 
70
(
1081.73764157
1081.56564455
1081.22163955
1080.7018542
1079.99556564
1079.08121509
1077.95017184
1076.59106836
1074.90343503
1073.17794534
1073.54125456
1075.12033969
1076.43801336
1077.62500394
1078.73076024
1079.77374499
1080.80483495
1081.87095983
1082.81733293
1083.70677419
1084.60052444
1085.41172396
1086.24487052
1086.99495407
1087.76549885
1088.4503125
1089.15229916
1089.77387498
1090.40489183
1090.95733747
1091.51096908
1091.99228434
1092.45551251
1092.86358794
1093.19419233
1093.45852256
1093.72939184
1093.97286975
1094.15975673
1094.27724273
1094.31998287
1094.35833032
1094.59103574
1094.37237663
1094.1069554
1093.69749992
1093.24095604
1092.63147116
1091.96199621
1091.1348133
1090.22969848
1089.16440053
1088.00169571
1086.67723995
1085.23591725
1083.63268001
1081.89071065
1079.98226926
1077.90088608
1079.13778906
1079.03913186
1078.8511533
1078.57213041
1078.202094
1077.74070941
1077.18586914
1076.53101496
1075.76423848
1075.5195284
1074.89999636
)
;
        kappaMethod     solidThermo;
        Tnbr            T.liquid;
        region          solid;
        otherPhase      gas;
    }
}


// ************************************************************************* //
