/*--------------------------------*- C++ -*----------------------------------*\
| =========                 |                                                 |
| \\      /  F ield         | OpenFOAM: The Open Source CFD Toolbox           |
|  \\    /   O peration     | Version:  2206                                  |
|   \\  /    A nd           | Website:  www.openfoam.com                      |
|    \\/     M anipulation  |                                                 |
\*---------------------------------------------------------------------------*/
FoamFile
{
    version     2.0;
    format      ascii;
    arch        "LSB;label=64;scalar=64";
    class       volScalarField;
    location    "1.9/solid";
    object      T;
}
// * * * * * * * * * * * * * * * * * * * * * * * * * * * * * * * * * * * * * //

dimensions      [0 0 0 1 0 0 0];

internalField   nonuniform List<scalar> 
500
(
1097.82334568
1097.65277109
1097.30956094
1096.79233952
1096.09548479
1095.21257847
1094.13643825
1092.86667223
1091.43368328
1089.94132277
1098.84641457
1098.68164595
1098.3517672
1097.85642216
1097.19527468
1096.36889763
1095.38003208
1094.23728449
1092.96312677
1091.59386752
1099.87334898
1099.71513693
1099.39892722
1098.92530617
1098.29551202
1097.51192895
1096.57872757
1095.50293637
1094.29675158
1092.97512843
1100.88081976
1100.72828092
1100.42357155
1099.96750997
1099.36149508
1098.60767534
1097.70906713
1096.66978822
1095.49689974
1094.20020937
1101.84543823
1101.69728119
1101.40130294
1100.95820612
1100.36908597
1099.63543334
1098.7590288
1097.74191612
1096.58874546
1095.31309676
1102.75056649
1102.6056904
1102.31618922
1101.88257182
1101.30558577
1100.58616169
1099.7252316
1098.72354752
1097.58412075
1096.32878072
1103.5863031
1103.4439537
1103.1594294
1102.73307752
1102.1653859
1101.45691533
1100.60809351
1099.61887191
1098.49065514
1097.24405483
1104.34857814
1104.20831518
1103.92791176
1103.50760941
1102.94773542
1102.2486397
1101.41048135
1100.43271763
1099.31536507
1098.07660819
1105.03781838
1104.89942987
1104.62274601
1104.20794976
1103.65528326
1102.96499357
1102.13711923
1101.17080379
1100.06472165
1098.83334731
1105.65759472
1105.5210146
1105.24793437
1104.83851122
1104.29295207
1103.6114699
1102.79407909
1101.83973926
1100.74583414
1099.52310914
1106.21343627
1106.07868177
1105.80924991
1105.40529256
1104.86701174
1104.19462854
1103.388201
1102.44662454
1101.36606817
1100.15263317
1106.71187407
1106.57900299
1106.31334107
1105.91504655
1105.38433334
1104.72145366
1103.92655369
1102.99856954
1101.93252443
1100.72965187
1107.15972392
1107.02880737
1106.76706054
1106.37465371
1105.85182011
1105.19885162
1104.4160035
1103.50233596
1102.45185036
1101.26013222
1107.56358901
1107.43469543
1107.17700152
1106.79069129
1106.27601929
1105.63331866
1104.86296734
1103.96423643
1102.93026265
1101.75093796
1107.92954531
1107.8027322
1107.54920583
1107.16916306
1106.66287731
1106.03071646
1105.27317744
1104.38981258
1103.37313409
1102.20660665
1108.2629676
1108.13827786
1107.88900372
1107.51535251
1107.01761199
1106.39617468
1105.65164395
1104.7839098
1103.78512969
1102.63270074
1108.56845586
1108.44591692
1108.2009485
1107.83376573
1107.34466603
1106.73405692
1106.00263349
1105.15067256
1104.17026098
1103.03213175
1108.849827
1108.72945104
1108.48881146
1108.12812873
1107.64770611
1107.04795712
1106.32965108
1105.49349747
1104.53188957
1103.40934616
1109.11014538
1108.99192975
1108.75561253
1108.40141739
1107.92965025
1107.34072292
1106.63545585
1105.81500498
1104.87241808
1103.76573533
1109.35177327
1109.2357012
1109.00367157
1108.65590898
1108.19271886
1107.61450403
1106.922114
1106.11716756
1105.19379972
1104.10407902
1109.576427
1109.46246856
1109.23466543
1108.89324088
1108.43849658
1107.87081928
1107.19106178
1106.40129666
1105.49719176
1104.4246784
1109.78522852
1109.67334182
1109.44968028
1109.11446362
1108.66798659
1108.11061225
1107.44316235
1106.66810685
1105.78310417
1104.72810281
1109.97874607
1109.86887858
1109.64925244
1109.32008174
1108.88165158
1108.33429617
1107.67877892
1106.91790547
1106.05190709
1105.01572006
1110.15702023
1110.04911
1109.83339437
1109.51007968
1109.07943857
1108.54177143
1107.89775323
1107.15041467
1106.30304471
1105.29278783
1110.31957376
1110.21355071
1110.00160445
1109.68393167
1109.26079
1108.73244258
1108.09945099
1107.36493457
1106.53539025
1105.55704985
1110.46540548
1110.36119233
1110.15286012
1109.84059437
1109.42463584
1108.90520927
1108.28274413
1107.56029049
1106.74739489
1105.80316194
1110.59296957
1110.49048261
1110.28559649
1109.97848434
1109.56936873
1109.05843608
1108.44597204
1107.73479811
1106.93716957
1106.02872892
1110.70014281
1110.59929251
1110.39767301
1110.0954442
1109.69280949
1109.18991828
1108.5869092
1107.88622478
1107.10219832
1106.23214
1110.78418262
1110.68487406
1110.48633115
1110.18870006
1109.79216469
1109.2968402
1108.70272315
1108.01175079
1107.23933056
1106.4120096
1110.84167963
1110.74381296
1110.54814683
1110.25481347
1109.86397713
1109.37572178
1108.78991284
1108.10790516
1107.344612
1106.55892346
1110.86850867
1110.77197977
1110.57898214
1110.28963396
1109.90407977
1109.42237531
1108.84426997
1108.17053769
1107.41451712
1106.63732905
1110.85978193
1110.76448342
1110.57393966
1110.28825491
1109.90755467
1109.43187043
1108.8608513
1108.19471269
1107.44510823
1106.67219497
1110.80980807
1110.71563074
1110.52732241
1110.24497349
1109.8686905
1109.39848302
1108.83391247
1108.17466023
1107.43066453
1106.66023963
1110.71206143
1110.61889628
1110.43260532
1110.15326494
1109.7809624
1109.3156869
1108.75692495
1108.10385196
1107.36467488
1106.59611854
1110.55916465
1110.46690523
1110.28241886
1110.00576807
1109.63702117
1109.17615011
1108.62258335
1107.97502532
1107.23992409
1106.47179576
1110.34288889
1110.2514332
1110.0685478
1109.79428221
1109.42868727
1108.97172295
1108.42278256
1107.78014991
1107.04850105
1106.28040957
1110.05417821
1109.96342936
1109.78195185
1109.50978358
1109.14696002
1108.69343496
1108.14859185
1107.51035536
1106.78162253
1106.01234848
1109.6832051
1109.59307065
1109.41281712
1109.14247247
1108.78205901
1108.33152941
1107.79028104
1107.15594211
1106.42962216
1105.65885053
1109.21946467
1109.12985467
1108.95064625
1108.68185945
1108.32350584
1107.87554204
1107.33740475
1106.70650022
1105.98214503
1105.20881731
1108.65191396
1108.56273762
1108.38439396
1108.1168972
1107.7602506
1107.31441864
1106.7789004
1106.15096067
1105.42813109
1104.65178013
1107.96916075
1107.88032193
1107.70265215
1107.43616238
1107.08085029
1106.63669124
1106.10326708
1105.47778384
1104.75599757
1103.9753852
1107.15970466
1107.07109569
1106.89388631
1106.62808769
1106.27369599
1105.83070191
1105.29879183
1104.67520796
1103.95395379
1103.16831817
1106.21223127
1106.1237248
1105.9467235
1105.6812433
1105.32728463
1104.88485968
1104.35378326
1103.73144711
1103.01016332
1102.21794913
1105.11595885
1105.02739788
1104.85029324
1104.58467078
1104.2305426
1103.7879509
1103.2568652
1102.63495861
1101.91297012
1101.11278204
1103.86103589
1103.77222347
1103.59462308
1103.32827398
1102.97320602
1102.52950095
1101.99731592
1101.37477147
1100.65122688
1099.84089803
1102.43898338
1102.34967655
1102.17109255
1101.90327925
1101.54627704
1101.10020152
1100.56542134
1099.94071143
1099.21441496
1098.39120925
1100.84315692
1100.75307244
1100.57293377
1100.30277609
1099.94260473
1099.49249969
1098.95297953
1098.32361939
1097.59225335
1096.75133863
1099.06914515
1098.9779753
1098.79568766
1098.52227891
1098.1576148
1097.70153504
1097.15440203
1096.5163637
1095.77501096
1094.90711297
1097.1149911
1097.02235104
1096.83737158
1096.56006133
1096.19003453
1095.72657138
1095.16921605
1094.51758999
1093.75801101
1092.84252734
1094.98186611
1094.88667195
1094.69838079
1094.4171011
1094.04224765
1093.57256139
1093.00625211
1092.34068345
1091.55958355
1090.57268796
)
;

boundaryField
{
    symmetric
    {
        type            symmetry;
    }
    emptyPatch
    {
        type            empty;
    }
    solid_to_water
    {
        type            compressible::turbulentTemperatureTwoPhaseRadCoupledMixed;
        refValue        nonuniform List<scalar> 
70
(
375.230243088
373.794430283
371.981785619
370.420541057
368.067605852
365.207771188
362.126272823
357.255704007
345.619456015
338.029720418
336.73520537
336.420809424
336.25583094
336.6589415
338.730851712
345.679420548
349.341973913
352.191491771
351.483195213
353.996067147
352.486144915
354.776133103
352.993280393
355.262312184
353.421204616
355.359260749
353.606725228
355.073141041
353.537402173
354.53673072
353.28128725
352.723262188
347.418673669
341.605292153
338.568834919
336.847750173
336.151487062
336.45344576
339.432398651
373.775259103
409.466093638
430.421260987
429.137707422
444.03429846
436.201265847
448.231480347
438.8879987
448.566776756
439.860651792
447.809988556
440.3398915
446.116393451
440.699558902
444.256802299
440.402657307
443.376109191
441.195285263
441.710770745
430.396688553
334.213497513
334.319588946
334.387920903
334.456968564
334.527947511
334.590606273
334.680694631
334.891377604
335.210162993
363.811527049
335.681382293
)
;
        refGradient     uniform 0;
        valueFraction   nonuniform List<scalar> 
70
(
0.000746092670929
0.000746321621471
0.000752164956162
0.000756780591522
0.00077074938588
0.000790704998577
0.000814051426693
0.000869605174179
0.00114421325454
0.00147369686923
0.000966549417486
0.000960773487733
0.000959713720924
0.000966880141512
0.000984255928007
0.000882381473236
0.000847455031422
0.000819650570472
0.000847363437366
0.000813429900645
0.000844794141261
0.000811828833579
0.000844765045746
0.000812132969942
0.000843995616755
0.000815540378531
0.000844406792448
0.00082186149055
0.00084660629239
0.000831068038349
0.000849060786941
0.000846175390151
0.000905591243555
0.000980404330786
0.000988692896731
0.000973131399199
0.00096496823297
0.000970157045916
0.00099162528269
0.000616209956327
0.000502715667632
0.000473812865149
0.000502740795071
0.000471948063815
0.000502715226906
0.00047346316433
0.00050263984348
0.000477160380895
0.000502506667044
0.000480938132274
0.000502303410183
0.000486324186193
0.000502016263568
0.000492039188387
0.00050371284881
0.000496132370359
0.000503211923001
0.000501382677568
0.000522204763704
0.00151275728245
0.00151894964687
0.00152225470574
0.0015253669539
0.00152816746655
0.00153014335618
0.00153311766076
0.00153934304182
0.00154174694762
0.000830662345445
0.00153507149509
)
;
        source          uniform 0;
        value           nonuniform List<scalar> 
70
(
1097.28593944
1097.11426174
1096.76572012
1096.24436622
1095.53610357
1094.63708971
1093.54211218
1092.22814522
1090.58143283
1088.83477198
1089.2148516
1090.86995057
1092.25058689
1093.4696401
1094.57066738
1095.66737729
1096.61070421
1097.46535007
1098.2006079
1098.91678604
1099.52163022
1100.12429394
1100.62880517
1101.14510425
1101.57560806
1102.02395414
1102.40053083
1102.79535222
1103.13211679
1103.48259913
1103.78879259
1104.09378236
1104.33269952
1104.54848359
1104.80362901
1105.05989659
1105.29108124
1105.49101254
1105.65779391
1106.10865673
1106.28630933
1106.35074671
1106.31899272
1106.2823366
1106.13421602
1105.96779886
1105.67642189
1105.34434067
1104.87388949
1104.33497622
1103.64144794
1102.84793558
1101.88521837
1100.78875335
1099.50800752
1098.06530804
1096.42050405
1094.57842839
1092.49526533
1093.83242067
1093.73282316
1093.54241103
1093.25930369
1092.88300817
1092.41263577
1091.84507769
1091.17625925
1090.39577426
1089.97113382
1089.41601332
)
;
        kappaMethod     solidThermo;
        Tnbr            T.liquid;
        region          solid;
        otherPhase      gas;
    }
}


// ************************************************************************* //
