/*--------------------------------*- C++ -*----------------------------------*\
| =========                 |                                                 |
| \\      /  F ield         | OpenFOAM: The Open Source CFD Toolbox           |
|  \\    /   O peration     | Version:  2206                                  |
|   \\  /    A nd           | Website:  www.openfoam.com                      |
|    \\/     M anipulation  |                                                 |
\*---------------------------------------------------------------------------*/
FoamFile
{
    version     2.0;
    format      ascii;
    arch        "LSB;label=64;scalar=64";
    class       volScalarField;
    location    "4/solid";
    object      T;
}
// * * * * * * * * * * * * * * * * * * * * * * * * * * * * * * * * * * * * * //

dimensions      [0 0 0 1 0 0 0];

internalField   nonuniform List<scalar> 
500
(
1076.38198249
1076.21246934
1075.87155889
1075.35546801
1074.65789245
1073.77017526
1072.67973142
1071.38166292
1069.93902132
1068.48210399
1077.21595267
1077.05182419
1076.72308827
1076.22895955
1075.56883845
1074.743541
1073.75725235
1072.621245
1071.36280873
1070.028783
1078.10680657
1077.94957784
1077.63538978
1077.16497169
1076.53993258
1075.76348802
1074.84139275
1073.78279833
1072.60150507
1071.32065115
1079.03247753
1078.88149891
1078.58005433
1078.12927858
1077.5311227
1076.78861479
1075.90604205
1074.88879914
1073.7436013
1072.48516943
1079.97392243
1079.82788215
1079.5362831
1079.10013173
1078.52101342
1077.80113723
1076.94325153
1075.95021932
1074.8250082
1073.57801385
1080.91709699
1080.77476707
1080.49046755
1080.06493066
1079.49925682
1078.79489169
1077.95348731
1076.976404
1075.86441876
1074.62493238
1081.85206558
1081.71254172
1081.43373146
1081.01611112
1080.46037756
1079.76742017
1078.93819817
1077.97320565
1076.87174959
1075.63806975
1082.77191976
1082.63462493
1082.36017655
1081.94885767
1081.40107659
1080.71735387
1079.89823675
1078.94373256
1077.85204187
1076.62459409
1083.671831
1083.53644281
1083.26574069
1082.85987535
1082.31906321
1081.64359198
1080.83377993
1079.88938897
1078.80771017
1077.58658402
1084.54835456
1084.41472592
1084.14749943
1083.74674063
1083.21254387
1082.54505491
1081.74448064
1080.81050665
1079.73966533
1078.526086
1085.39894238
1085.26703725
1085.00323153
1084.60753927
1084.07998088
1083.42061894
1082.62962313
1081.7067317
1080.64788303
1079.44287139
1086.22160994
1086.09145653
1085.83114022
1085.44064747
1084.91995854
1084.26909313
1083.48823613
1082.57729777
1081.53182523
1080.33701717
1087.01471347
1086.88637132
1086.62967189
1086.2445904
1085.73109005
1085.08917428
1084.3190791
1083.42100154
1082.39037563
1081.2071768
1087.77680389
1087.65034181
1087.3974021
1087.01795898
1086.51197211
1085.87943987
1085.12065297
1084.23615276
1083.22155909
1082.05168404
1088.50653197
1088.38201434
1088.13296619
1087.75936659
1087.26117937
1086.63840279
1085.8913792
1085.02105207
1084.0236215
1082.86863183
1089.20258467
1089.08006389
1088.83501371
1088.46742116
1087.97725805
1087.36452172
1086.62958698
1085.77380712
1084.79434412
1083.65601801
1089.86363869
1089.74315156
1089.50217376
1089.14070196
1088.65871827
1088.05621747
1087.33358283
1086.49255768
1085.53165809
1084.41132811
1090.48832288
1090.36988917
1090.13302367
1089.77773379
1089.30401435
1088.71185959
1088.00164646
1087.17549145
1086.23372332
1085.13327976
1091.07518579
1090.95880804
1090.72605984
1090.37695933
1089.91151459
1089.32971751
1088.6319101
1087.82049694
1086.89800136
1085.81958808
1091.62266674
1091.50833124
1091.2796726
1090.93671923
1090.47949253
1089.90798171
1089.22246985
1088.42553902
1087.52215475
1086.47036923
1092.12906861
1092.01674691
1091.79212051
1091.45522741
1091.00610235
1090.44473323
1089.77132944
1088.98854565
1088.10391312
1087.08232248
1092.59253214
1092.48218276
1092.26150518
1091.93054626
1091.48935392
1090.93791592
1090.2763516
1089.50724419
1088.64058353
1087.65088021
1093.01101204
1092.90258217
1092.68574735
1092.36056257
1091.92708886
1091.38531707
1090.73527152
1089.97933267
1089.12971074
1088.17353511
1093.38225555
1093.27568277
1093.06256541
1092.7429658
1092.31695786
1091.78453861
1091.14563638
1090.40229187
1089.56844575
1088.64810489
1093.70378414
1093.59899802
1093.3894568
1093.07522939
1092.65640233
1092.13298263
1091.50480928
1090.77346429
1089.95379973
1089.07303948
1093.97287883
1093.86980246
1093.66368316
1093.35459556
1092.94263824
1092.4278314
1091.80993712
1091.09000591
1090.28250899
1089.44479994
1094.18656982
1094.08512116
1093.88225934
1093.57806408
1093.17264548
1092.66604009
1092.05794876
1091.34888114
1090.55166871
1089.73010857
1094.34163117
1094.24172403
1094.04194712
1093.74238492
1093.34315897
1092.84432565
1092.24554231
1091.54681404
1090.75917955
1089.94418047
1094.43458185
1094.33612651
1094.13925507
1093.84405681
1093.4506655
1092.95916243
1092.36918236
1091.68026842
1090.90165165
1090.09254834
1094.46169448
1094.3645978
1094.17044557
1093.87933195
1093.49140354
1093.00677095
1092.42506537
1091.74540881
1090.97522564
1090.17058643
1094.41901281
1094.32317822
1094.13155174
1093.84423183
1093.4613775
1092.98313213
1092.40914453
1091.73817078
1090.97587135
1090.17558213
1094.30237865
1094.2077067
1094.01840624
1093.73457834
1093.35639219
1092.88402468
1092.31715958
1091.65423276
1090.89914785
1090.10190553
1094.10746632
1094.0138565
1093.82667984
1093.5460374
1093.1721045
1092.70508893
1092.14472234
1091.48916455
1090.7405701
1089.94597376
1093.82982115
1093.7371748
1093.55192329
1093.2741648
1092.90407581
1092.44189036
1091.88739924
1091.23854019
1090.49575596
1089.7025549
1093.46489861
1093.37312194
1093.18960693
1092.91444638
1092.54781321
1092.08996188
1091.54074902
1090.89793223
1090.16024081
1089.36796814
1093.00810315
1092.91710946
1092.73515714
1092.46233234
1092.09880175
1091.64483702
1091.10037234
1090.46304166
1089.72985621
1088.9372693
1092.4548278
1092.3645381
1092.18399061
1091.91326483
1091.55251984
1091.102042
1090.56185541
1089.92954295
1089.20044274
1088.40730939
1091.80049857
1091.71084036
1091.5315535
1091.26271199
1090.90446771
1090.45712026
1089.92079438
1089.29309185
1088.56769966
1087.77277449
1091.04062648
1090.95153119
1090.77336918
1090.50621148
1090.15020516
1089.70566389
1089.17282481
1088.54938624
1087.82741633
1087.0302942
1090.17087045
1090.0822693
1089.90509655
1089.63942393
1089.2853979
1088.8433482
1088.31363596
1087.69414709
1086.97541755
1086.17496986
1089.18711345
1089.09893188
1088.92260182
1088.65820075
1088.30588062
1087.86599128
1087.33902904
1086.72316508
1086.00752273
1085.20304078
1088.08555482
1087.99770532
1087.82204629
1087.55866738
1087.20773467
1086.76962472
1086.24498001
1085.63236137
1084.91963571
1084.10966584
1086.86282213
1086.77519522
1086.59999226
1086.3373233
1085.98738005
1085.55057579
1085.02771003
1084.41784689
1083.70784948
1082.89104388
1085.51610668
1085.4285597
1085.25353182
1084.9911627
1084.64168392
1084.20556042
1083.68376301
1083.07598583
1082.36846717
1081.54257722
1084.04332479
1083.95566991
1083.78044465
1083.51782569
1083.1680979
1082.7317954
1082.21007988
1081.60342668
1080.89805034
1080.06057371
1082.44330231
1082.35529776
1082.1793913
1081.91579597
1081.56485079
1081.12716321
1080.60409526
1079.99707807
1079.29330199
1078.44025519
1080.71597455
1080.62732673
1080.45014944
1080.18467605
1079.83126471
1079.39054179
1078.86399976
1078.25411953
1077.55062738
1076.67680961
1078.86260361
1078.77297805
1078.59388582
1078.32556023
1077.96828242
1077.5225034
1076.98952798
1076.3725505
1075.66545424
1074.77556567
1076.88601599
1076.79497482
1076.61332689
1076.34134922
1075.97910681
1075.52649632
1074.98386703
1074.3537417
1073.63332734
1072.73617749
1074.79080027
1074.6971712
1074.51219434
1074.23625258
1073.86912771
1073.40992514
1072.85729307
1072.21032699
1071.46266995
1070.53607173
)
;

boundaryField
{
    symmetric
    {
        type            symmetry;
    }
    emptyPatch
    {
        type            empty;
    }
    solid_to_water
    {
        type            compressible::turbulentTemperatureTwoPhaseRadCoupledMixed;
        refValue        nonuniform List<scalar> 
70
(
394.100198867
392.78167016
391.276718737
388.559638331
383.107952677
373.95220801
361.046430882
348.479902507
341.030315329
336.966602334
336.906414046
338.583925617
341.697536832
344.499223404
344.9019953
345.919374998
345.267660464
346.320373347
345.489758782
346.522379058
345.650387527
346.673451858
345.830024823
346.6176796
345.979225031
346.465641569
345.963293589
345.58885834
342.779967901
339.793925926
337.820572573
336.479444605
335.813296293
335.939039498
338.008074934
351.994089976
401.0598932
406.474976862
423.591793775
417.822341752
431.221645343
422.367033193
433.716086219
423.910407421
433.21294175
424.08584741
432.75478462
424.426768623
431.345335575
424.578073597
429.770762735
424.162022921
428.088097979
424.337977639
426.053909792
422.797753599
403.094512397
358.090597105
344.258582768
334.337468498
334.440147327
334.505625889
334.568553211
334.633225853
334.699136946
334.744873214
334.833801477
334.933707877
339.921899105
334.99752717
)
;
        refGradient     uniform 0;
        valueFraction   nonuniform List<scalar> 
70
(
0.000639263052178
0.000638689769087
0.000639781339174
0.000648935780285
0.000677647244868
0.000742312297092
0.000876919469519
0.00110071603824
0.00132869848291
0.00150019751176
0.000952809003486
0.000966970935572
0.000948283769811
0.000906813468064
0.000910110079441
0.000893701946296
0.000911268315291
0.000890931355849
0.000911276497112
0.000891086176065
0.000912312446263
0.000892915408665
0.000913297589188
0.000898915822532
0.000914225501239
0.000905492427196
0.000915086928247
0.000914257622314
0.00095042034494
0.000978078161364
0.00097178200748
0.000955583497138
0.000945403289545
0.00094829457868
0.000973596932243
0.000824847855942
0.000496677693868
0.000526946294747
0.000489647795863
0.000527001951522
0.000490073390421
0.000525802061924
0.000491278233851
0.000525727883544
0.000495769580919
0.000526773901458
0.000498518158663
0.000526556458678
0.000503458070424
0.000526260217348
0.000508575284904
0.000527952891204
0.000514799459582
0.000527765029513
0.000521250638907
0.000527197344927
0.000574271739214
0.000838942092749
0.000961756042437
0.00148885485906
0.00149516419593
0.00149856985414
0.00150165749281
0.00150453019866
0.00150709460627
0.00150831770219
0.00151255959775
0.00151505790777
0.000965644215924
0.00151392684648
)
;
        source          uniform 0;
        value           nonuniform List<scalar> 
70
(
1075.94747399
1075.77761944
1075.43522179
1074.91147037
1074.19105986
1073.25272902
1072.05811462
1070.58841493
1068.97234704
1067.38626622
1067.78663291
1069.3230632
1070.63010667
1071.82581445
1072.91570277
1073.97436415
1074.97346914
1075.9746873
1076.92053159
1077.87469946
1078.77470012
1079.68303287
1080.5370801
1081.39204924
1082.19677346
1082.9903697
1083.73776939
1084.45952414
1085.11650367
1085.74385952
1086.3582485
1086.93722776
1087.46659696
1087.93903245
1088.34720249
1088.84020268
1089.38706272
1089.58339599
1089.76502593
1089.81563743
1089.85151999
1089.75022785
1089.62252648
1089.35199466
1089.0417123
1088.58654408
1088.07954875
1087.42297744
1086.69932838
1085.82624882
1084.86886853
1083.76064323
1082.55310067
1081.19498251
1079.71873212
1078.09362345
1076.28954681
1074.1775722
1072.04061641
1073.6895753
1073.5915679
1073.40444505
1073.12672787
1072.75812944
1072.2978202
1071.74516217
1071.09619284
1070.34859323
1069.83499614
1069.4269555
)
;
        kappaMethod     solidThermo;
        Tnbr            T.liquid;
        region          solid;
        otherPhase      gas;
    }
}


// ************************************************************************* //
