-0.11 	0.011451 	-0.00021331 	0.0139374
-0.109559 	0.0118319 	-0.000284783 	0.0140859
-0.109118 	0.0122127 	-0.000356256 	0.0142344
-0.108677 	0.0125936 	-0.000427729 	0.014383
-0.108236 	0.0129744 	-0.000499202 	0.0145315
-0.107796 	0.0133975 	-0.000549914 	0.0147107
-0.107355 	0.0138319 	-0.000595091 	0.0148982
-0.106914 	0.0141487 	-0.000627572 	0.0149367
-0.106473 	0.0143443 	-0.000646406 	0.0148202
-0.106032 	0.0145399 	-0.00066524 	0.0147036
-0.105591 	0.0147105 	-0.000698717 	0.0145921
-0.10515 	0.0148757 	-0.000735387 	0.0144818
-0.104709 	0.0150408 	-0.000772058 	0.0143715
-0.104269 	0.015206 	-0.000808728 	0.0142612
-0.103828 	0.0153712 	-0.000845398 	0.0141509
-0.103387 	0.0155437 	-0.000868379 	0.0140131
-0.102946 	0.0157249 	-0.000875267 	0.0138428
-0.102505 	0.0159061 	-0.000882155 	0.0136726
-0.102064 	0.0160873 	-0.000889043 	0.0135023
-0.101623 	0.0162685 	-0.000895931 	0.013332
-0.101182 	0.0164521 	-0.000900694 	0.0131607
-0.100741 	0.01665 	-0.000892841 	0.0129827
-0.100301 	0.0168478 	-0.000884987 	0.0128047
-0.0998597 	0.0170374 	-0.000876058 	0.0126079
-0.0994188 	0.0172185 	-0.000866036 	0.0123919
-0.098978 	0.0173996 	-0.000856015 	0.0121759
-0.0985371 	0.0175558 	-0.000854334 	0.0119911
-0.0980962 	0.0177083 	-0.000853859 	0.0118107
-0.0976553 	0.0178609 	-0.000853385 	0.0116303
-0.0972144 	0.0180134 	-0.00085291 	0.0114499
-0.0967735 	0.018166 	-0.000852436 	0.0112695
-0.0963327 	0.0183263 	-0.00087719 	0.0110124
-0.0958918 	0.0184914 	-0.00091736 	0.0107087
-0.0954509 	0.0186565 	-0.00095753 	0.0104049
-0.09501 	0.0188216 	-0.0009977 	0.0101012
-0.0945691 	0.0189867 	-0.00103787 	0.00979741
-0.0941283 	0.0191468 	-0.00106537 	0.00950883
-0.0936874 	0.0192978 	-0.00107019 	0.0092474
-0.0932465 	0.0194488 	-0.00107501 	0.00898596
-0.0928056 	0.0195999 	-0.00107983 	0.00872453
-0.0923647 	0.0197509 	-0.00108465 	0.0084631
-0.0919238 	0.0199019 	-0.00108947 	0.00820167
-0.091483 	0.020053 	-0.0010943 	0.00794023
-0.0531263 	0.0294138 	-0.00409636 	-0.018312
-0.0526854 	0.0292145 	-0.0036538 	-0.0177518
-0.0522445 	0.0290546 	-0.00283513 	-0.0164673
-0.0518036 	0.0297779 	-0.00237053 	-0.0148597
-0.0509218 	0.0359651 	-0.00252344 	-0.0101121
-0.050481 	0.0468935 	-0.00166624 	-0.00576535
-0.0500401 	0.0599028 	-0.000458198 	-0.000885791
-0.0376954 	0.041381 	-0.000810456 	0.000222243
-0.0372545 	0.0356419 	-0.000434994 	-0.00088245
-0.0368136 	0.0330832 	-0.000602917 	-0.00186868
-0.0363727 	0.0310395 	-0.000630564 	-0.00280877
-0.0359319 	0.0300607 	-0.00090013 	-0.00355117
-0.035491 	0.029048 	-0.00140869 	-0.00426872
-0.0350501 	0.0282201 	-0.00186949 	-0.0050801
-0.0346092 	0.0275238 	-0.0021233 	-0.00581268
-0.0341683 	0.0269057 	-0.00220751 	-0.00669484
-0.0337275 	0.0263879 	-0.00221316 	-0.00745452
-0.0332866 	0.0256939 	-0.0021461 	-0.00808023
-0.0328457 	0.02497 	-0.00208083 	-0.00868932
0.00507014 	-0.00563839 	0.000251086 	0.000438689
0.00551102 	-0.00655034 	0.000506988 	0.00205996
0.0059519 	-0.00746228 	0.00076289 	0.00368123
0.00639279 	-0.00834786 	0.00117721 	0.00546378
0.00683367 	-0.00920615 	0.00175556 	0.00741335
0.00727455 	-0.0100644 	0.00233392 	0.00936291
0.00771543 	-0.0109227 	0.00291227 	0.0113125
0.00815631 	-0.011781 	0.00349062 	0.013262
0.00859719 	-0.0125436 	0.00387199 	0.0150453
0.00903808 	-0.012675 	0.00367784 	0.0151639
0.00947896 	-0.0127956 	0.00349654 	0.0152744
0.00991984 	-0.0129161 	0.00331524 	0.015385
0.0103607 	-0.0130367 	0.00313395 	0.0154955
0.0108016 	-0.0131572 	0.00295265 	0.0156061
0.0112425 	-0.013114 	0.00266269 	0.0158643
0.0116834 	-0.0130273 	0.00234384 	0.0161619
0.0121242 	-0.0129432 	0.00212228 	0.0164167
0.0125651 	-0.0129125 	0.00209207 	0.0165381
0.013006 	-0.0128818 	0.00206186 	0.0166596
0.0134469 	-0.0128549 	0.00207111 	0.0167139
0.0138878 	-0.0128325 	0.00212442 	0.016693
0.0143287 	-0.01281 	0.00217772 	0.0166722
0.0147695 	-0.0127875 	0.00223102 	0.0166514
0.0152104 	-0.012765 	0.00228432 	0.0166305
0.0156513 	-0.0127362 	0.00232661 	0.0166152
0.0160922 	-0.0127499 	0.00226548 	0.0165597
0.0165331 	-0.0127636 	0.00220436 	0.0165041
0.0169739 	-0.0127773 	0.00214324 	0.0164486
0.0174148 	-0.0127909 	0.00208211 	0.0163931
0.0178557 	-0.0128046 	0.00202099 	0.0163375
0.0182966 	-0.0128719 	0.00195203 	0.0163655
0.0187375 	-0.0129701 	0.00187858 	0.0164415
0.0191784 	-0.0130683 	0.00180512 	0.0165176
0.0196192 	-0.0132573 	0.00170071 	0.0164755
0.0200601 	-0.0134679 	0.00159249 	0.0164228
0.020501 	-0.0136635 	0.00147517 	0.0163541
0.0209419 	-0.0137751 	0.00130687 	0.0161953
0.0213828 	-0.0138868 	0.00113857 	0.0160364
0.0218236 	-0.0139985 	0.000970272 	0.0158776
0.0222645 	-0.0141102 	0.000801971 	0.0157187
0.0227054 	-0.0142219 	0.00063367 	0.0155599
0.0231463 	-0.014413 	0.000403667 	0.0152793
0.0235872 	-0.0146511 	0.000142298 	0.0149202
0.0240281 	-0.0148891 	-0.000119071 	0.0145611
0.0244689 	-0.0151272 	-0.00038044 	0.0142021
0.0249098 	-0.0153653 	-0.000641809 	0.013843
0.0253507 	-0.0156075 	-0.000890242 	0.0134852
0.0257916 	-0.0158906 	-0.001013 	0.0131393
0.0262325 	-0.0161737 	-0.00113576 	0.0127934
0.0266733 	-0.0164786 	-0.00127789 	0.01231
0.0271142 	-0.0168297 	-0.00144654 	0.0115194
0.0275551 	-0.0171808 	-0.00161519 	0.0107289
0.027996 	-0.0175902 	-0.00182556 	0.00995978
0.0284369 	-0.0180521 	-0.00207343 	0.00921001
0.0288778 	-0.0185139 	-0.0023213 	0.00846024
0.0293186 	-0.0189758 	-0.00256918 	0.00771046
0.0297595 	-0.0194376 	-0.00281705 	0.00696069
0.0302004 	-0.0198994 	-0.00306492 	0.00621092
0.0306413 	-0.0203504 	-0.00336894 	0.00534736
0.0310822 	-0.0207955 	-0.00367766 	0.00449031
0.031523 	-0.0212407 	-0.00398638 	0.00363327
0.0319639 	-0.0216858 	-0.00429511 	0.00277623
0.0324048 	-0.022131 	-0.00460383 	0.00191918
0.0328457 	-0.0225039 	-0.00490117 	0.00105478
0.0332866 	-0.02274 	-0.00517699 	0.000176462
0.0337275 	-0.0229761 	-0.0054528 	-0.00070186
0.0341683 	-0.0231543 	-0.00570992 	-0.00135489
0.0346092 	-0.0232853 	-0.00594269 	-0.00181563
0.0350501 	-0.0234163 	-0.00617546 	-0.00227636
0.035491 	-0.0236434 	-0.00645481 	-0.00264814
0.0359319 	-0.0238994 	-0.00674818 	-0.00299316
0.0363727 	-0.0241554 	-0.00704155 	-0.00333818
0.0368136 	-0.0244113 	-0.00733491 	-0.0036832
0.0372545 	-0.0246673 	-0.00762828 	-0.00402822
0.0376954 	-0.0248997 	-0.00787292 	-0.0042631
0.0381363 	-0.0250433 	-0.00794053 	-0.00410545
0.0385772 	-0.0251869 	-0.00800814 	-0.0039478
0.039018 	-0.0253305 	-0.00807574 	-0.00379015
0.0394589 	-0.0254741 	-0.00814335 	-0.0036325
0.0398998 	-0.0256177 	-0.00821096 	-0.00347485
0.0403407 	-0.0257794 	-0.00821113 	-0.00346016
0.0407816 	-0.025946 	-0.0081936 	-0.00348301
0.0412224 	-0.0261058 	-0.00816107 	-0.00348555
0.0416633 	-0.0262073 	-0.00796303 	-0.00339217
0.0421042 	-0.0263088 	-0.00776498 	-0.0032988
0.0425451 	-0.026338 	-0.00763166 	-0.00317752
0.042986 	-0.0262924 	-0.00756522 	-0.00302742
0.0434269 	-0.0262468 	-0.00749877 	-0.00287732
0.0438677 	-0.0262012 	-0.00743232 	-0.00272722
0.0443086 	-0.0261556 	-0.00736587 	-0.00257711
0.0447495 	-0.0260742 	-0.00730255 	-0.00254781
0.0451904 	-0.0259114 	-0.00726344 	-0.00278391
0.0456313 	-0.0257486 	-0.00722434 	-0.00302
0.0460721 	-0.0255858 	-0.00718523 	-0.00325609
0.046513 	-0.025423 	-0.00714612 	-0.00349218
0.0469539 	-0.0253314 	-0.00705458 	-0.00369419
0.0473948 	-0.0253128 	-0.0069093 	-0.00386126
0.0478357 	-0.0252799 	-0.00676717 	-0.00407786
0.0482766 	-0.0251567 	-0.0064541 	-0.00492607
0.0487174 	-0.0250335 	-0.00614103 	-0.00577428
0.0491583 	-0.02486 	-0.00588947 	-0.00657253
0.0495992 	-0.0246612 	-0.00566874 	-0.00734572
0.0500401 	-0.0244624 	-0.00544802 	-0.00811892
0.050481 	-0.0242637 	-0.00522729 	-0.00889212
0.0509218 	-0.0240649 	-0.00500657 	-0.00966532
0.0513627 	-0.0239315 	-0.00468508 	-0.0102521
0.0518036 	-0.0238259 	-0.00436251 	-0.0107398
0.0522445 	-0.0237203 	-0.00403994 	-0.0112275
0.0526854 	-0.0236146 	-0.00371737 	-0.0117153
0.0531263 	-0.023509 	-0.00339479 	-0.012203
0.0535671 	-0.0234034 	-0.00307222 	-0.0126907
0.054008 	-0.0233512 	-0.00274265 	-0.0133007
0.0544489 	-0.0233077 	-0.00241194 	-0.0139308
0.0548898 	-0.0232642 	-0.00208123 	-0.0145609
0.0553307 	-0.0232868 	-0.00182196 	-0.0145176
0.0557715 	-0.0233126 	-0.00156464 	-0.0144034
0.0562124 	-0.0233383 	-0.00130732 	-0.0142892
0.0566533 	-0.0232991 	-0.00100006 	-0.0141529
0.0570942 	-0.0232519 	-0.000686729 	-0.014014
0.0575351 	-0.0232047 	-0.000373395 	-0.0138751
0.057976 	-0.0231575 	-6.00618e-05 	-0.0137362
0.0584168 	-0.0231103 	0.000253272 	-0.0135973
0.0588577 	-0.0230632 	0.000566605 	-0.0134584
0.0592986 	-0.0229649 	0.000902226 	-0.0131824
0.0597395 	-0.0228587 	0.00123754 	-0.0128931
0.0601804 	-0.0227526 	0.00157286 	-0.0126038
0.0606212 	-0.0226464 	0.00190818 	-0.0123145
0.0610621 	-0.0225402 	0.00224349 	-0.0120252
0.061503 	-0.0224341 	0.00257881 	-0.011736
0.0619439 	-0.0223887 	0.00290813 	-0.0114177
0.0623848 	-0.0223473 	0.00323706 	-0.0110975
0.0628257 	-0.0223059 	0.00356598 	-0.0107773
0.0632665 	-0.0222554 	0.00382208 	-0.0105198
0.0637074 	-0.022205 	0.00407492 	-0.0102654
0.0641483 	-0.0221546 	0.00432776 	-0.0100109
0.0645892 	-0.0220642 	0.00455292 	-0.00982049
0.0650301 	-0.0219733 	0.00477773 	-0.00963083
0.0654709 	-0.0218823 	0.00500255 	-0.00944118
0.0659118 	-0.0217914 	0.00522737 	-0.00925152
0.0663527 	-0.0217005 	0.00545219 	-0.00906186
0.0667936 	-0.0216102 	0.0056676 	-0.00888175
0.0672345 	-0.021524 	0.00580885 	-0.00877561
0.0681162 	-0.0213516 	0.00609144 	-0.0085633
0.0685571 	-0.0212654 	0.00623279 	-0.00845713
0.068998 	-0.0211792 	0.00637413 	-0.00835095
0.0694389 	-0.0210949 	0.00651622 	-0.00823935
0.0698798 	-0.0210387 	0.00666967 	-0.00804477
0.0703206 	-0.0209825 	0.00682312 	-0.00785019
0.0707615 	-0.0209263 	0.00697657 	-0.00765561
0.0712024 	-0.0208701 	0.00713002 	-0.00746103
0.0716433 	-0.0208139 	0.00728347 	-0.00726645
0.0720842 	-0.0207577 	0.00743692 	-0.00707187
0.0725251 	-0.0207015 	0.00759038 	-0.00687729
0.0729659 	-0.0206453 	0.00774383 	-0.00668271
0.0734068 	-0.0205891 	0.00789728 	-0.00648813
0.0738477 	-0.0205329 	0.00805073 	-0.00629356
0.0742886 	-0.0204767 	0.00820418 	-0.00609898
0.0747295 	-0.0204162 	0.00834914 	-0.00590071
0.0751703 	-0.0203133 	0.00841144 	-0.00566196
0.0756112 	-0.0202104 	0.00847373 	-0.00542321
0.0760521 	-0.0201075 	0.00853602 	-0.00518446
0.076493 	-0.0200046 	0.00859832 	-0.00494571
0.0778156 	-0.019696 	0.0087857 	-0.00422972
0.0782565 	-0.0195932 	0.00884821 	-0.00399108
0.0786974 	-0.0194903 	0.00891072 	-0.00375244
0.0791383 	-0.0193875 	0.00897323 	-0.0035138
0.0795792 	-0.0192872 	0.00903404 	-0.00328249
0.08002 	-0.0192196 	0.00907348 	-0.00314294
0.0804609 	-0.019152 	0.00911293 	-0.00300339
0.0809018 	-0.0190844 	0.00915237 	-0.00286384
0.0813427 	-0.0190168 	0.00919182 	-0.00272429
0.0817836 	-0.0189492 	0.00923126 	-0.00258474
0.0822244 	-0.0188983 	0.00922695 	-0.0024291
0.0826653 	-0.0188611 	0.00918942 	-0.00226265
0.0831062 	-0.0188239 	0.00915189 	-0.0020962
0.0835471 	-0.0187867 	0.00911435 	-0.00192976
0.083988 	-0.0187495 	0.00907682 	-0.00176331
0.0844289 	-0.0187123 	0.00903929 	-0.00159686
0.0848697 	-0.0185942 	0.00901172 	-0.00134223
0.0853106 	-0.018475 	0.00898428 	-0.00108644
0.0857515 	-0.0183559 	0.00895684 	-0.000830653
0.0861924 	-0.0182367 	0.00892941 	-0.000574866
0.0866333 	-0.0181176 	0.00890197 	-0.000319079
0.0870741 	-0.0179984 	0.00887453 	-6.32927e-05
0.100301 	-0.0159466 	0.00611843 	0.00486399
0.108677 	-0.0144643 	0.00277051 	0.00450516
0.109118 	-0.0142249 	0.00252344 	0.00432881
0.109559 	-0.0139854 	0.00227637 	0.00415245
0.11 	-0.013746 	0.0020293 	0.0039761
