/*--------------------------------*- C++ -*----------------------------------*\
| =========                 |                                                 |
| \\      /  F ield         | OpenFOAM: The Open Source CFD Toolbox           |
|  \\    /   O peration     | Version:  2206                                  |
|   \\  /    A nd           | Website:  www.openfoam.com                      |
|    \\/     M anipulation  |                                                 |
\*---------------------------------------------------------------------------*/
FoamFile
{
    version     2.0;
    format      ascii;
    arch        "LSB;label=64;scalar=64";
    class       volScalarField;
    location    "4.5/solid";
    object      T;
}
// * * * * * * * * * * * * * * * * * * * * * * * * * * * * * * * * * * * * * //

dimensions      [0 0 0 1 0 0 0];

internalField   nonuniform List<scalar> 
500
(
1071.62300165
1071.45494169
1071.11657374
1070.60397364
1069.90978729
1069.02426923
1067.9382487
1066.65630573
1065.22812965
1063.77979527
1072.44813121
1072.28521066
1071.95878185
1071.46801388
1070.81222712
1069.99204
1069.01148932
1067.8830589
1066.63581485
1065.31220701
1073.32676321
1073.17065563
1072.85869366
1072.39160373
1071.77100764
1071.00012528
1070.08471838
1069.03431052
1067.86336204
1066.58856076
1074.24353307
1074.09365866
1073.79441977
1073.34694935
1072.75319683
1072.01618001
1071.14020731
1070.13110145
1068.99669273
1067.74491486
1075.18107818
1075.03613109
1074.74671827
1074.313844
1073.73908299
1073.02460951
1072.17314911
1071.18802577
1070.07417175
1068.83678828
1076.12602211
1075.98476574
1075.70261321
1075.28029314
1074.71888885
1074.01979058
1073.18456976
1072.21500785
1071.11481063
1069.89036782
1077.06859033
1076.9301103
1076.65338713
1076.23889204
1075.68730056
1074.9994308
1074.17609894
1073.21809641
1072.12844919
1070.92050684
1078.00179871
1077.86550948
1077.59307138
1077.18476154
1076.64096502
1075.96211981
1075.14856547
1074.20040584
1073.11972121
1071.92710243
1078.92062377
1078.78619625
1078.51741447
1078.11442326
1077.57741627
1076.90659273
1076.10199993
1075.16324015
1074.09118701
1072.90488196
1079.82132443
1079.68860631
1079.4232
1079.02516604
1078.49457927
1077.83149856
1077.03580537
1076.10673318
1075.04391431
1073.86405604
1080.70095133
1080.56990253
1080.30780879
1079.91468035
1079.39052288
1078.73532038
1077.94887536
1077.03015518
1075.97753593
1074.80447051
1081.55701433
1081.42766024
1081.16894194
1080.78084292
1080.26333361
1079.61636737
1078.83973029
1077.93220818
1076.89089556
1075.72569188
1082.38726712
1082.25966593
1082.00444777
1081.62158565
1081.11103827
1080.47276079
1079.70657761
1078.81118988
1077.78242423
1076.62558585
1083.18957419
1083.0637948
1082.81221989
1082.43482221
1081.93156273
1081.30241566
1080.54727598
1079.6648433
1078.64974224
1077.50264536
1083.96183333
1083.83794143
1083.5901443
1083.21842026
1082.72273976
1082.10310325
1081.35949452
1080.49069238
1079.49025203
1078.35347443
1084.70193216
1084.57998246
1084.33607428
1083.97019499
1083.48232907
1082.87250901
1082.14082915
1081.28624742
1080.30141808
1079.17620523
1085.40772326
1085.28775532
1085.04781605
1084.68790327
1084.20801639
1083.60821694
1082.88870766
1082.04868697
1081.08011109
1079.96668127
1086.0770087
1085.95904541
1085.72312099
1085.369244
1084.89742824
1084.30775986
1083.6005455
1082.77528627
1081.82349316
1080.72305315
1086.70752827
1086.59157591
1086.35967869
1086.01185545
1085.54813314
1084.96861709
1084.27370797
1083.46325699
1082.52857971
1081.44128543
1087.29694825
1087.18299749
1086.95510837
1086.61330915
1086.15763799
1085.58821245
1084.90551228
1084.1097822
1083.19246992
1082.11933267
1087.84284922
1087.73087667
1087.50694841
1087.17110128
1086.72338326
1086.16391932
1085.49325525
1084.71206711
1083.81225972
1082.75345784
1088.34271258
1088.23268228
1088.01264251
1087.6826379
1087.24272498
1086.69303043
1086.0341449
1085.26718469
1084.38484584
1083.34107653
1088.79390674
1088.68577159
1088.46952557
1088.14522025
1087.71291955
1087.17274738
1086.52531895
1085.77219471
1084.90723205
1083.87852067
1089.19367432
1089.08737753
1088.87481126
1088.55603323
1088.13111404
1087.60017148
1086.96382361
1086.22405968
1085.3763058
1084.36295542
1089.53912081
1089.43459743
1089.22558047
1088.91213303
1088.49433154
1087.97228428
1087.34658786
1086.61962322
1085.78885949
1084.79069702
1089.82720584
1089.7243841
1089.51877246
1089.21043858
1088.79946404
1088.28594596
1087.67043929
1086.95566466
1086.14170945
1085.16123465
1090.05473748
1089.9535401
1089.75117892
1089.44772559
1089.04326656
1088.53788656
1087.93207472
1087.22878347
1086.43108356
1085.47517446
1090.21837038
1090.11871554
1089.91944098
1089.62062205
1089.22235026
1088.7246986
1088.12807278
1087.43553629
1086.65321986
1085.72627014
1090.31460876
1090.21641068
1090.02005116
1089.7256093
1089.33318258
1088.842835
1088.25487693
1087.57234997
1086.80431545
1085.90795817
1090.33981534
1090.2429845
1090.04936105
1089.75902809
1089.37209016
1088.88860581
1088.30878338
1087.63551064
1086.88054928
1086.01640425
1090.29022766
1090.19467082
1090.00359697
1089.71709343
1089.3352731
1088.85819458
1088.28596777
1087.62120016
1086.87782768
1086.04790683
1090.16198175
1090.06760235
1089.87888463
1089.59591944
1089.21882748
1088.74766905
1088.1824551
1087.52538444
1086.79171883
1085.99930106
1089.95114195
1089.85784152
1089.67128223
1089.39155672
1089.01879108
1088.55304631
1087.99423665
1087.34406228
1086.61778463
1085.86510299
1089.6537335
1089.56141426
1089.37681678
1089.10003336
1088.73119223
1088.27035351
1087.71734172
1087.07334151
1086.35242546
1085.61187364
1089.26577473
1089.17434245
1088.99151753
1088.71739013
1088.35208812
1087.89566962
1087.34787539
1086.70937992
1085.99288705
1085.25554427
1088.78330746
1088.69267373
1088.51144417
1088.23970605
1087.87758596
1087.42514194
1086.88204332
1086.24847271
1085.5357195
1084.79994928
1088.20242697
1088.11251007
1087.93271263
1087.66311934
1087.30385629
1086.85498591
1086.31612446
1085.68699413
1084.97744088
1084.24275133
1087.51931432
1087.43003858
1087.25152272
1086.98385036
1086.62714953
1086.18149321
1085.64646335
1085.02134896
1084.31450147
1083.5796664
1086.7302747
1086.64156824
1086.46419165
1086.19823034
1085.84381869
1085.40104916
1084.86949344
1084.24804636
1083.54354426
1082.80847499
1085.83178483
1085.74357569
1085.56719653
1085.30273851
1084.9503482
1084.51014789
1083.98172583
1083.36362857
1082.66113731
1081.92492412
1084.82055277
1084.73276353
1084.55722959
1084.29405305
1083.94340006
1083.5054345
1082.97979016
1082.36471865
1081.66390786
1080.92633297
1083.69359309
1083.60613382
1083.43126862
1083.16911722
1082.81987506
1082.3837624
1081.860492
1081.24808462
1080.54861563
1079.80886893
1082.44832027
1082.36107954
1082.1866643
1081.92521995
1081.5769833
1081.14224893
1080.62084671
1080.01063902
1079.31204927
1078.56965569
1081.08266412
1080.99549824
1080.82124968
1080.56009826
1080.2123359
1079.77835317
1079.25814407
1078.64951044
1077.95120857
1077.20499863
1079.59521029
1079.50793192
1079.33347815
1079.07206956
1078.72406512
1078.28997433
1077.77001245
1077.16205178
1076.46321989
1075.71224564
1077.98536269
1077.89773306
1077.72259509
1077.46020709
1077.11099289
1076.67558924
1076.15448593
1075.54578739
1074.84506077
1074.08732278
1076.253504
1076.16523625
1075.98883464
1075.72457383
1075.37290174
1074.93453133
1074.41021238
1073.7984117
1073.09325067
1072.32557882
1074.40109183
1074.3118667
1074.13357898
1073.86648949
1073.5109687
1073.06762392
1072.53723045
1071.91845957
1071.20389442
1070.41979515
1072.43066036
1072.34008425
1072.15933144
1071.88868035
1071.52830194
1071.07838483
1070.53912957
1069.90848676
1069.17607093
1068.36105587
1070.34640253
1070.25342387
1070.06958069
1069.79520121
1069.43028405
1068.97454023
1068.42691189
1067.78287138
1067.02493526
1066.13748776
)
;

boundaryField
{
    symmetric
    {
        type            symmetry;
    }
    emptyPatch
    {
        type            empty;
    }
    solid_to_water
    {
        type            compressible::turbulentTemperatureTwoPhaseRadCoupledMixed;
        refValue        nonuniform List<scalar> 
70
(
401.633244853
399.99432017
398.522056187
397.116781196
394.537426068
387.946399679
378.148939058
365.18121184
346.394139994
338.089298319
337.154462159
336.82221957
336.320627712
335.946661891
335.92951911
336.793688471
339.751754945
347.656741454
349.984354809
352.330672957
352.141685696
354.586119117
353.111331977
355.503507599
353.816010719
356.165188086
354.212812471
356.137297351
354.403721606
355.98001365
354.379602729
355.420173566
354.330545945
354.281649091
352.530216409
346.11766897
341.104608548
338.470342201
336.866277159
336.109351925
336.228888961
338.376144951
355.01744716
402.571087123
423.046389852
422.899362063
437.004937339
430.225002246
440.894237424
433.06387864
441.282130034
434.417779424
440.375727228
435.332869657
439.159659172
436.127899614
437.948035498
436.698012296
436.830891817
334.399681714
334.502600253
334.568295836
334.636785349
334.706615798
334.766301313
334.839362102
335.042792266
335.781140631
405.349003814
338.712881351
)
;
        refGradient     uniform 0;
        valueFraction   nonuniform List<scalar> 
70
(
0.000583691445501
0.000584069631777
0.000584416712777
0.000584732317596
0.000589450650138
0.000615934509719
0.000668026283336
0.000770934883781
0.00112029331662
0.00145094615068
0.000952032871354
0.000946134140638
0.000939844614738
0.000934947102435
0.000936161291212
0.000951303436881
0.000965005055657
0.000836655399967
0.000829977080038
0.000810627215605
0.000828097627684
0.000796798756494
0.000827135237485
0.000794333987142
0.000825264089308
0.000793174469724
0.000826025778784
0.000799059161786
0.000827164556132
0.000804172279887
0.000829225494172
0.000814216434146
0.000830958113687
0.000828113220449
0.000837755608318
0.000914718922038
0.000973076835064
0.000974162225884
0.000957902640923
0.000947439165482
0.000950048468916
0.000973013383823
0.00079217328742
0.000507732344282
0.000479587092367
0.000507626474457
0.000477613875608
0.000507435654029
0.000480413069811
0.000507168638224
0.000484830149297
0.00050682611648
0.000490293702936
0.000506406262923
0.000495916892043
0.00050590676822
0.000501183450049
0.000505324099569
0.000504698000615
0.00148549043579
0.00149162091055
0.00149486344997
0.00149802835386
0.00150088060594
0.00150290479344
0.00150541182918
0.00151207357068
0.00150913198894
0.00059860286134
0.00133728308354
)
;
        source          uniform 0;
        value           nonuniform List<scalar> 
70
(
1071.23329231
1071.06413031
1070.72486828
1070.21153257
1069.51304614
1068.60613508
1067.47870038
1066.11634112
1064.42367144
1062.72816415
1063.08933144
1064.62428904
1065.90348972
1067.0619741
1068.15199741
1069.19456669
1070.21681501
1071.32140467
1072.30505791
1073.27913328
1074.20631057
1075.15101616
1076.02757397
1076.9292224
1077.75615909
1078.60303123
1079.36806503
1080.1447048
1080.84106768
1081.53638101
1082.15095503
1082.74981929
1083.27410989
1083.76029845
1084.17946998
1084.4887173
1084.75544561
1085.00326692
1085.19549377
1085.31113187
1085.34111037
1085.27804306
1085.29015089
1085.26499194
1084.93737218
1084.46371617
1083.93293097
1083.24784619
1082.49940499
1081.59552411
1080.6155582
1079.48140503
1078.25612554
1076.87951429
1075.39593585
1073.76402331
1072.00693711
1070.0987818
1068.04128178
1069.25432533
1069.15712814
1068.97127243
1068.69507847
1068.32871411
1067.87225267
1067.32373684
1066.67622629
1065.92273009
1065.74016402
1065.16294259
)
;
        kappaMethod     solidThermo;
        Tnbr            T.liquid;
        region          solid;
        otherPhase      gas;
    }
}


// ************************************************************************* //
