/*--------------------------------*- C++ -*----------------------------------*\
| =========                 |                                                 |
| \\      /  F ield         | OpenFOAM: The Open Source CFD Toolbox           |
|  \\    /   O peration     | Version:  2206                                  |
|   \\  /    A nd           | Website:  www.openfoam.com                      |
|    \\/     M anipulation  |                                                 |
\*---------------------------------------------------------------------------*/
FoamFile
{
    version     2.0;
    format      ascii;
    arch        "LSB;label=64;scalar=64";
    class       volScalarField;
    location    "0.8/solid";
    object      T;
}
// * * * * * * * * * * * * * * * * * * * * * * * * * * * * * * * * * * * * * //

dimensions      [0 0 0 1 0 0 0];

internalField   nonuniform List<scalar> 
500
(
1113.06304869
1112.88316282
1112.52168074
1111.97600112
1111.23926163
1110.30272865
1109.15940227
1107.81567258
1106.306593
1104.74703132
1113.86395694
1113.69055448
1113.3432689
1112.82147828
1112.12454601
1111.25321052
1110.21194618
1109.01406226
1107.68840174
1106.27265125
1114.56193853
1114.39632293
1114.06535418
1113.56978276
1112.9112572
1112.09305146
1111.12106121
1110.00540621
1108.76210963
1107.40457603
1115.17322483
1115.01477451
1114.69837716
1114.22516292
1113.5970898
1112.81719657
1111.88986008
1110.82147547
1109.62214676
1108.29814332
1115.70172905
1115.54910451
1115.24433349
1114.78842349
1114.18296466
1113.43014971
1112.53273443
1111.4945627
1110.32354761
1109.0262431
1116.15147375
1116.00338445
1115.70757216
1115.2647866
1114.67615173
1113.94310222
1113.067232
1112.0507534
1110.90093975
1109.63069476
1116.52844429
1116.38391458
1116.0951109
1115.66255057
1115.08698736
1114.36932975
1113.51043458
1112.51140365
1111.37907828
1110.14177464
1116.84043999
1116.69882211
1116.41576048
1115.99160826
1115.42687489
1114.72214992
1113.87785727
1112.89427719
1111.7767898
1110.56579849
1117.0963105
1116.95721305
1116.67914095
1116.26234679
1115.70719806
1115.01411387
1114.18328823
1113.21440431
1112.11099598
1110.91091916
1117.30515313
1117.16836029
1116.89486922
1116.48487858
1115.93868392
1115.25662887
1114.43880493
1113.48445104
1112.39526578
1111.20498722
1117.47567342
1117.34107909
1117.07197236
1116.66852833
1116.13101482
1115.45975965
1114.65484041
1113.71517901
1112.64066542
1111.46100033
1117.61574605
1117.48330625
1117.21850517
1116.82151213
1116.29259211
1115.63209027
1114.84012698
1113.91541099
1112.85605939
1111.68640062
1117.73216236
1117.60186329
1117.34134515
1116.95078046
1116.43044272
1115.78070802
1115.00177008
1114.09220922
1113.04843133
1111.88967647
1117.8305332
1117.70237119
1117.44613076
1117.06199135
1116.55023896
1115.91128523
1115.14542012
1114.25119297
1113.22344018
1112.07526458
1117.91530937
1117.78927914
1117.5373065
1117.15957872
1116.65639426
1116.02819868
1115.2753896
1114.39656692
1113.38513112
1112.24852043
1117.98988188
1117.86596979
1117.61823766
1117.24688023
1116.75220655
1116.13469109
1115.39484371
1114.5313995
1113.5365282
1112.41126059
1118.05672907
1117.93490947
1117.69136617
1117.32630043
1116.84002925
1116.2330495
1115.50598251
1114.65777249
1113.67953628
1112.56596518
1118.11758423
1117.99781803
1117.7583848
1117.39949106
1116.92145855
1116.32479825
1115.61023771
1114.77700689
1113.81543059
1112.7132559
1118.17360317
1118.05583798
1117.82040955
1117.46752841
1116.9975182
1116.41089643
1115.70849049
1114.88989243
1113.94491143
1112.8545687
1118.22551726
1118.10968897
1117.87813679
1117.53107449
1117.06882532
1116.49190492
1115.80122413
1114.99678194
1114.06810763
1112.98849775
1118.27376329
1118.15979822
1117.93197497
1117.59051045
1117.13572646
1116.56813045
1115.88870243
1115.0979085
1114.18537179
1113.11723963
1118.31858662
1118.20640398
1117.98214856
1117.64604151
1117.1984043
1116.63973276
1115.97105985
1115.19335922
1114.29669285
1113.23900533
1118.36011811
1118.24963224
1118.02877442
1117.69777219
1117.25694964
1116.70679016
1116.04836373
1115.28319051
1114.4022275
1113.35471398
1118.39842695
1118.28954909
1118.07191282
1117.74575503
1117.31140681
1116.76934056
1116.12064501
1115.36740397
1114.50202819
1113.46436087
1118.433553
1118.3261928
1118.11159917
1117.79002216
1117.36180582
1116.82741609
1116.18794115
1115.44601553
1114.59617791
1113.56770137
1118.4655211
1118.35958768
1118.14785693
1117.83059623
1117.40816935
1116.88104197
1116.25028253
1115.51902862
1114.68478543
1113.66807475
1118.49433908
1118.38974156
1118.1806941
1117.8674858
1117.45050728
1116.9302313
1116.30768499
1115.58639905
1114.7674793
1113.77277394
1118.51997903
1118.4166266
1118.21008297
1117.90066367
1117.48879422
1116.97496553
1116.36015263
1115.64815112
1114.8438857
1113.87865655
1118.54234018
1118.44014153
1118.23592118
1117.9300254
1117.52292228
1117.01513249
1116.40757207
1115.70415768
1114.91360044
1113.98106248
1118.56118859
1118.46005143
1118.25797134
1117.95532872
1117.55264032
1117.05046662
1116.44965821
1115.75407866
1114.97590076
1114.07784544
1118.57606657
1118.47589751
1118.27577179
1117.97610583
1117.57746901
1117.08046998
1116.48589454
1115.7973818
1115.02991479
1114.16855647
1118.58616232
1118.48686774
1118.28850905
1117.99153865
1117.59657875
1117.10428854
1116.51538565
1115.83312122
1115.07427099
1114.25302717
1118.59012829
1118.4916163
1118.29484002
1118.00028599
1117.60862667
1117.12057007
1116.53676319
1115.85994633
1115.10713998
1114.32782995
1118.58583765
1118.4880208
1118.29265074
1118.00024566
1117.61152511
1117.12724534
1116.54799167
1115.87596729
1115.12706145
1114.36034645
1118.57007228
1118.47286993
1118.27874348
1117.98824024
1117.60212359
1117.12119709
1116.54599187
1115.87817673
1115.13226693
1114.36724874
1118.53814357
1118.44148316
1118.24845407
1117.95963062
1117.57581766
1117.09786666
1116.52626486
1115.86215407
1115.11858925
1114.35423313
1118.48345855
1118.38727546
1118.19521352
1117.90787235
1117.52609637
1117.05078691
1116.48240325
1115.82158775
1115.07989718
1114.31492081
1118.39705788
1118.30129416
1118.11008278
1117.82404732
1117.44407025
1116.97110424
1116.4055945
1115.74770338
1115.0074329
1114.24145421
1118.26716738
1118.17176954
1117.98130135
1117.69640981
1117.31801511
1116.84712494
1116.28418849
1115.62891326
1114.88967889
1114.12167718
1118.07882162
1117.98373738
1117.79390778
1117.51000321
1117.13298201
1116.66391134
1116.10326622
1115.45034016
1114.71185386
1113.94173531
1117.81363274
1117.71880683
1117.52950569
1117.24642389
1116.87055911
1116.40304258
1115.84439623
1115.19353854
1114.45546688
1113.68227117
1117.44978559
1117.35515407
1117.16625455
1116.88380805
1116.50885504
1116.04259873
1115.48563515
1114.83656012
1114.09859267
1113.32208802
1116.96233898
1116.86782141
1116.67916423
1116.39711829
1116.02277245
1115.55741321
1115.00174581
1114.35412104
1113.61596121
1112.83536351
1116.32389758
1116.22938726
1116.04076054
1115.75880165
1115.38465438
1114.91970205
1114.36479907
1113.71813889
1112.97931853
1112.19402736
1115.50568731
1115.41104081
1115.22215752
1114.93985577
1114.56533859
1114.10010152
1113.54520064
1112.89879567
1112.15866435
1111.3675442
1114.47901767
1114.38404737
1114.19452719
1113.91129996
1113.53561722
1113.06908561
1112.51300827
1111.86566537
1111.12309987
1110.32482752
1113.21704445
1113.12152147
1112.93089576
1112.64600609
1112.26810492
1111.79885277
1111.23977785
1110.5893961
1109.84215636
1109.03396484
1111.69664842
1111.60031691
1111.40807907
1111.12073322
1110.73944175
1110.26576944
1109.7013163
1109.0448297
1108.2892806
1107.46688532
1109.90011536
1109.80264846
1109.60831678
1109.31791808
1108.93249026
1108.45332502
1107.88194975
1107.21747741
1106.45110601
1105.60545609
1107.81640534
1107.71679752
1107.51967435
1107.22606035
1106.83739398
1106.35445564
1105.77888758
1105.11169102
1104.34518428
1103.46615371
)
;

boundaryField
{
    symmetric
    {
        type            symmetry;
    }
    emptyPatch
    {
        type            empty;
    }
    solid_to_water
    {
        type            compressible::turbulentTemperatureTwoPhaseRadCoupledMixed;
        refValue        nonuniform List<scalar> 
70
(
389.292722841
387.412505148
385.829537092
384.432407034
383.241221326
381.764744013
378.390411803
370.176693696
350.388645527
339.005142273
337.813304458
337.354417308
336.633778137
336.03113599
335.863466645
336.590229602
340.283759643
354.56340605
361.43925246
360.76734739
366.524945587
362.689624509
367.760517056
363.604203014
368.248737847
364.256213413
368.365352609
364.558264673
367.899098568
364.46780777
366.782536856
364.523274772
365.176924005
363.842009753
361.783223183
350.807299813
342.732900995
339.132316866
337.179789906
336.245531479
336.302388387
338.40179695
353.850589247
410.027588805
418.697919934
435.267639584
431.337090073
442.879645482
435.567042054
444.190460056
437.049693388
443.278595125
437.632886811
441.633932586
437.769676509
439.772157092
437.58679688
437.569615701
431.327153887
334.252893737
334.361088934
334.449206489
334.537720136
334.568768688
334.575741674
334.616723906
334.838141737
335.832501752
395.58219372
342.683696726
)
;
        refGradient     uniform 0;
        valueFraction   nonuniform List<scalar> 
70
(
0.00065868704397
0.000659102967595
0.000659490390907
0.00066052649317
0.000660369732665
0.00066108065684
0.000674450979795
0.000734143607172
0.00104463852473
0.00145778660771
0.000986272214933
0.000980929477166
0.000973173122208
0.000965272404111
0.000964049637651
0.00097616526611
0.000987546205355
0.000774941252662
0.000734172419787
0.000771848133112
0.000719320989582
0.000772058533773
0.000720627979629
0.000770172376325
0.000721986651112
0.000768081068113
0.000725456467897
0.00076819819276
0.000733120913806
0.000770529007636
0.000745525276504
0.000770621389159
0.000762220331786
0.000772748122905
0.00077478608776
0.000880503574758
0.000978988906882
0.000996156252545
0.000982405886198
0.000971323487094
0.00097353302524
0.00099388200764
0.000826472058772
0.000489723995731
0.000510668748595
0.000483027290739
0.000510673054779
0.000484201280935
0.000510641026909
0.000487974876553
0.000510562578586
0.000493194488322
0.000510413083089
0.000498721744076
0.000510157833668
0.000503872491781
0.00050975692211
0.000508386312472
0.000522560706893
0.00153225259173
0.00153794007107
0.00154181979869
0.00154527772391
0.00154588217245
0.00154564752862
0.0015470215712
0.00155375537588
0.00153558254567
0.000635253544305
0.00126477645861
)
;
        source          uniform 0;
        value           nonuniform List<scalar> 
70
(
1112.58850372
1112.40719949
1112.04461378
1111.49760977
1110.76063034
1109.82307064
1108.66816696
1107.27528043
1105.51807662
1103.63272766
1103.99261144
1105.52060541
1106.65662295
1107.55481124
1108.28309503
1108.87861808
1109.38443209
1109.97984637
1110.3599275
1110.62559796
1110.9242542
1111.10808512
1111.35269542
1111.49889893
1111.71081992
1111.83686741
1112.02579145
1112.13898418
1112.30846954
1112.41244491
1112.56126713
1112.66294369
1112.78532242
1112.88623568
1112.9865067
1112.99939193
1113.02271197
1113.11226957
1113.2234604
1113.32803121
1113.41736448
1113.48864984
1113.70389785
1114.01479152
1114.01155403
1114.02529953
1113.96563309
1113.9154625
1113.77468858
1113.61410379
1113.33638853
1112.99098585
1112.4904123
1111.8591567
1111.02367878
1109.98666595
1108.69148723
1107.12601436
1105.25274689
1106.63301631
1106.52932961
1106.32964428
1106.03393745
1105.64543329
1105.16339882
1104.58770121
1103.91678053
1103.16698378
1103.01592118
1102.50338758
)
;
        kappaMethod     solidThermo;
        Tnbr            T.liquid;
        region          solid;
        otherPhase      gas;
    }
}


// ************************************************************************* //
