/*--------------------------------*- C++ -*----------------------------------*\
| =========                 |                                                 |
| \\      /  F ield         | OpenFOAM: The Open Source CFD Toolbox           |
|  \\    /   O peration     | Version:  2206                                  |
|   \\  /    A nd           | Website:  www.openfoam.com                      |
|    \\/     M anipulation  |                                                 |
\*---------------------------------------------------------------------------*/
FoamFile
{
    version     2.0;
    format      ascii;
    arch        "LSB;label=64;scalar=64";
    class       volScalarField;
    location    "2.7/solid";
    object      T;
}
// * * * * * * * * * * * * * * * * * * * * * * * * * * * * * * * * * * * * * //

dimensions      [0 0 0 1 0 0 0];

internalField   nonuniform List<scalar> 
500
(
1089.20402219
1089.0342762
1088.6940113
1088.18085289
1087.49070264
1086.61899276
1085.56125181
1084.30994106
1082.86684269
1081.36638488
1090.18646933
1090.02214601
1089.69321754
1089.19918213
1088.53964152
1087.71543799
1086.73065044
1085.5951332
1084.32735517
1082.96004131
1091.17970099
1091.02165606
1090.70583188
1090.23290505
1089.60427011
1088.82264358
1087.89293632
1086.82298484
1085.62257432
1084.29980147
1092.16410065
1092.01165075
1091.70719568
1091.25171103
1090.64684947
1089.89516181
1089.00033143
1087.96707995
1086.79935935
1085.49605134
1093.12644134
1092.978447
1092.68286532
1092.24054372
1091.65280408
1090.92148347
1090.04895757
1089.03789702
1087.88931764
1086.59737341
1094.05636462
1093.91179242
1093.62294643
1093.19043101
1092.61514139
1091.89824308
1091.04116314
1090.04541323
1088.91059114
1087.62763231
1094.9471934
1094.80529499
1094.5216887
1094.09675482
1093.53103458
1092.82519819
1091.98006048
1090.9965353
1089.87362091
1088.59951069
1095.79512248
1095.65542906
1095.37614856
1094.9574924
1094.39974838
1093.70325206
1092.86843684
1091.89595167
1090.78472481
1089.52049432
1096.59833668
1096.46059497
1096.18515919
1095.77212543
1095.22161318
1094.53374114
1093.70870744
1092.74710074
1091.64821645
1090.39551285
1097.35637741
1097.22048186
1096.94870062
1096.54105657
1095.99756432
1095.31820653
1094.50303104
1093.55267521
1092.46720643
1091.22826847
1098.06971409
1097.93565198
1097.66751531
1097.26528446
1096.72891437
1096.05830717
1095.25341039
1094.31496423
1093.24421686
1092.02266682
1098.73944943
1098.60726053
1098.34285888
1097.94620382
1097.41722206
1096.75577344
1095.96173385
1095.03596167
1093.98127714
1092.78118556
1099.36710765
1099.23685601
1098.97632492
1098.58546744
1098.06420392
1097.41237941
1096.62981176
1095.71743802
1094.67994334
1093.50492133
1099.95447341
1099.82622821
1099.56971086
1099.18487745
1098.67165611
1098.02989572
1097.25936011
1096.36096913
1095.34137042
1094.19454771
1100.50346184
1100.37728537
1100.12490907
1099.74629734
1099.24139419
1098.61006486
1097.85202197
1096.96804714
1095.96664658
1094.85142657
1101.01600826
1100.8919492
1100.64381261
1100.27157356
1099.77519558
1099.15456761
1098.40935397
1097.54005417
1096.55657419
1095.477287
1101.4939706
1101.37206108
1101.12822894
1100.76246057
1100.27473993
1099.66498429
1098.93282047
1098.07835489
1097.11197291
1096.07457968
1101.93904178
1101.81929654
1101.57979834
1101.22054475
1100.74153989
1100.14273265
1099.423729
1098.58418941
1097.63348583
1096.63564546
1102.35267168
1102.23508827
1101.99991901
1101.64717209
1101.17687086
1100.58899765
1099.88315511
1099.05857606
1098.12272863
1097.13805394
1102.73599925
1102.62055891
1102.38968088
1102.04338346
1101.58170822
1101.00467255
1100.31189523
1099.50223751
1098.58121631
1097.60686791
1103.08979517
1102.97646386
1102.74980872
1102.40985744
1101.95666858
1101.39029575
1100.71039268
1099.91551016
1099.00924678
1098.04545125
1103.41441442
1103.30314429
1103.08061585
1102.7468652
1102.30196585
1101.74600612
1101.07868739
1100.29830537
1099.40659717
1098.45225394
1103.70975763
1103.60048877
1103.38196672
1103.0542348
1102.61737918
1102.07152097
1101.41642165
1100.65018046
1099.77272347
1098.8280333
1103.97523897
1103.86790141
1103.65324529
1103.33131987
1102.9022214
1102.36610039
1101.72278686
1100.97023905
1100.1066424
1099.17059561
1104.20975932
1104.10427485
1103.89332777
1103.57697213
1103.15531163
1102.62852145
1101.99650419
1101.25712899
1100.40691984
1099.47927923
1104.41168369
1104.30796754
1104.10055957
1103.78951793
1103.37495202
1102.85705885
1102.23582148
1101.50908246
1100.67180554
1099.7516154
1104.57882243
1104.47678444
1104.27273507
1103.96673597
1103.55890048
1103.04944318
1102.43842908
1101.72372332
1100.89882135
1099.9858358
1104.70841657
1104.60796212
1104.407082
1104.10584117
1103.70435599
1103.20285593
1102.60149367
1101.89822264
1101.08519184
1100.17835853
1104.7971285
1104.69815887
1104.50025058
1104.20347193
1103.8079417
1103.31390079
1102.72158959
1102.02909926
1101.22732215
1100.3263627
1104.84103981
1104.74345231
1104.54831044
1104.25568587
1103.86569921
1103.37859941
1102.7947144
1102.11233331
1101.32121982
1100.42488305
1104.83565793
1104.73934627
1104.5467581
1104.25796837
1103.87309938
1103.39240621
1102.81630645
1102.14335249
1101.36229103
1100.46986549
1104.77593219
1104.68078735
1104.49053433
1104.20525066
1103.82505924
1103.35021717
1102.78122702
1102.11696638
1101.34532434
1100.45531822
1104.65627959
1104.5621917
1104.37405334
1104.09194343
1103.71598414
1103.24643065
1102.68386435
1102.02755087
1101.26471493
1100.37592132
1104.47061948
1104.37748073
1104.19124062
1103.91197833
1103.53981428
1103.07499871
1102.51818372
1101.8690841
1101.11451821
1100.22486935
1104.21241587
1104.12012336
1103.93557507
1103.65884944
1103.29006377
1102.82945818
1102.27773828
1101.63511625
1100.88839203
1099.99643885
1103.87472912
1103.78318702
1103.60013873
1103.32566173
1102.9598703
1102.50299177
1101.95576965
1101.31896395
1100.57991307
1099.68367056
1103.45027972
1103.35940008
1103.17767625
1102.90518576
1102.5420416
1102.08845816
1101.54519972
1100.9136039
1100.18230407
1099.2801166
1102.9315284
1102.84123012
1102.6606695
1102.38992594
1102.02911394
1101.57843511
1101.03865119
1100.4116638
1099.68838869
1098.77973218
1102.31077652
1102.22098292
1102.0414336
1101.77221265
1101.41344058
1100.96530988
1100.42855971
1099.80559558
1099.09063722
1098.18558352
1101.58028953
1101.4909246
1101.31223651
1101.04431807
1100.68730192
1100.24137815
1099.70724637
1099.0877077
1098.38081309
1097.49323147
1100.73244464
1100.64342781
1100.46544242
1100.19859511
1099.84303843
1099.39896902
1098.86703245
1098.25028483
1097.55062948
1096.68628342
1099.75990326
1099.67114267
1099.49367958
1099.22764091
1098.87320913
1098.43060047
1097.90040147
1097.28577915
1096.59228207
1095.7527059
1098.65580889
1098.56719288
1098.39003268
1098.12448343
1097.7707698
1097.32914468
1096.80013914
1096.18688564
1095.49822746
1094.68462185
1097.41401069
1097.32539749
1097.14826087
1096.88279281
1096.52927435
1096.08801668
1095.55951067
1094.94671699
1094.26121173
1093.47555842
1096.02931173
1095.94051882
1095.76304375
1095.49712204
1095.14310356
1094.70138136
1094.1724371
1093.55896134
1092.87442487
1092.11968351
1094.49773906
1094.40853596
1094.23026124
1093.96319233
1093.60774687
1093.16440849
1092.63367871
1092.01792748
1091.33133408
1090.60586044
1092.81682795
1092.72693942
1092.54731184
1092.27824691
1091.92019088
1091.47366437
1090.93914586
1090.31863697
1089.62603059
1088.90748772
1090.98588996
1090.89500558
1090.71342696
1090.44145421
1090.07945667
1089.62779143
1089.08663264
1088.45732177
1087.75314971
1087.02567837
1089.00612122
1088.91382814
1088.72970427
1088.45407769
1088.08708727
1087.62853461
1087.07755978
1086.43377023
1085.70883511
1084.95776993
1086.88022872
1086.78535668
1086.59794521
1086.31839362
1085.94655305
1085.48141453
1084.92029012
1084.25967454
1083.50971551
1082.72475892
)
;

boundaryField
{
    symmetric
    {
        type            symmetry;
    }
    emptyPatch
    {
        type            empty;
    }
    solid_to_water
    {
        type            compressible::turbulentTemperatureTwoPhaseRadCoupledMixed;
        refValue        nonuniform List<scalar> 
70
(
395.421291552
393.74858322
392.362294692
391.158291286
389.434476481
386.438532511
379.635041906
363.254420538
344.005156476
338.033806326
341.000163794
342.079285162
342.128960528
342.269454498
342.030281318
342.031464794
341.834114053
341.832454696
341.596352929
340.743600295
339.265554004
337.881040594
336.704688795
335.845005529
335.57312528
336.134263616
339.484266199
365.214591945
387.870462436
388.579269169
401.426488065
395.499078033
405.864645273
399.157326099
408.05507398
400.508323153
407.893147487
400.613292771
406.648951721
400.336876464
405.128758572
400.468297706
404.391161933
400.440815907
402.940458981
399.721615041
397.204539718
377.442313247
351.890934916
342.603529303
339.109300182
337.427771308
336.940551432
337.436259465
340.592349424
357.4983184
397.931603747
416.397853533
418.897741614
334.352572587
334.465919418
334.542666768
334.617208151
334.688937956
334.748839567
334.805941238
334.963703574
335.624809691
391.646671549
338.681886811
)
;
        refGradient     uniform 0;
        valueFraction   nonuniform List<scalar> 
70
(
0.000614339415977
0.000614143415051
0.000614287328006
0.000614441793646
0.000619022636797
0.000633171939092
0.000678091775567
0.000845743570692
0.00127196944952
0.00148853822999
0.000958674999179
0.000957125148048
0.000960409242976
0.000958092339266
0.000962060329336
0.000961351587139
0.000964443227428
0.000963798754178
0.000965966324826
0.000973460540668
0.000982059309489
0.000978099910333
0.000965698632728
0.000952537507923
0.000948907557623
0.000958766046276
0.000984362027874
0.000657203464696
0.000557666935285
0.00059791115367
0.000552441740257
0.000597870049328
0.00055488999393
0.000593973090908
0.000555198219971
0.000594118473979
0.000560653635718
0.000596568454835
0.00056777102561
0.000598365655803
0.000575065589016
0.000598635456058
0.00058025848011
0.000600532795469
0.00058834688025
0.000602111582706
0.00059992942228
0.000675351989623
0.000880350026798
0.000976672251396
0.000982925697511
0.000970566447632
0.000967012988924
0.000972507368841
0.000979500206842
0.00078501736797
0.000555009645595
0.000527175008637
0.00053954930184
0.00150753489908
0.00151372095792
0.00151721660783
0.00152033266436
0.00152294805546
0.00152469263037
0.00152605198829
0.00153023856113
0.00152809480514
0.000653157190568
0.00135579511006
)
;
        source          uniform 0;
        value           nonuniform List<scalar> 
70
(
1088.77889454
1088.60835568
1088.2673369
1087.75362355
1087.05960567
1086.17663108
1085.08360198
1083.70161306
1081.9289282
1080.26122385
1080.65793293
1082.25221872
1083.58840692
1084.78536607
1085.88254821
1086.91239234
1087.88095386
1088.80160896
1089.67407266
1090.49981591
1091.28583215
1092.04540783
1092.77675785
1093.47496483
1094.13395876
1094.75272029
1095.33398586
1096.15482023
1096.74089663
1097.18190001
1097.65897709
1098.03106304
1098.44205207
1098.75398321
1099.09409043
1099.33550823
1099.59672329
1099.76052106
1099.93166218
1100.00562723
1100.06936541
1100.03603025
1099.97158078
1099.80444129
1099.58596429
1099.26203742
1098.858705
1098.29347248
1097.53256641
1096.76158172
1095.94765093
1095.02280368
1093.9581715
1092.74691679
1091.39050331
1090.03477539
1088.52502845
1086.67257165
1084.59865317
1085.74708694
1085.64787414
1085.4582339
1085.1768775
1084.80374801
1084.33810507
1083.77690199
1083.11426455
1082.36747478
1082.27371983
1081.71633252
)
;
        kappaMethod     solidThermo;
        Tnbr            T.liquid;
        region          solid;
        otherPhase      gas;
    }
}


// ************************************************************************* //
