/*--------------------------------*- C++ -*----------------------------------*\
| =========                 |                                                 |
| \\      /  F ield         | OpenFOAM: The Open Source CFD Toolbox           |
|  \\    /   O peration     | Version:  2206                                  |
|   \\  /    A nd           | Website:  www.openfoam.com                      |
|    \\/     M anipulation  |                                                 |
\*---------------------------------------------------------------------------*/
FoamFile
{
    version     2.0;
    format      ascii;
    arch        "LSB;label=64;scalar=64";
    class       volScalarField;
    location    "0.1/solid";
    object      T;
}
// * * * * * * * * * * * * * * * * * * * * * * * * * * * * * * * * * * * * * //

dimensions      [0 0 0 1 0 0 0];

internalField   nonuniform List<scalar> 
500
(
1121.1919414
1121.18098015
1121.1416107
1121.04585716
1120.85715673
1120.52805463
1119.99517085
1119.17618871
1118.01743638
1116.64116211
1121.95923897
1121.94297772
1121.89831776
1121.80366555
1121.62854909
1121.33264271
1120.86521837
1120.16980274
1119.20083437
1117.94514097
1122.48966504
1122.47105544
1122.4248067
1122.33279766
1122.16693991
1121.88834568
1121.44823011
1120.79239696
1119.8702185
1118.64547337
1122.7685168
1122.7497684
1122.70422036
1122.61489918
1122.45449624
1122.18443578
1121.75585991
1121.11384299
1120.20522878
1118.98874232
1122.89496254
1122.87643259
1122.83154971
1122.74363259
1122.58559085
1122.31891737
1121.89460731
1121.25725683
1120.35272394
1119.13838392
1122.94579341
1122.92737853
1122.88277316
1122.79536418
1122.63812138
1122.37256024
1121.94962289
1121.31373013
1120.41037751
1119.19631943
1122.96393165
1122.94555312
1122.90103198
1122.81377565
1122.65677947
1122.39158027
1121.96911789
1121.33376064
1120.43085278
1119.21657933
1122.96968499
1122.95131567
1122.90681909
1122.81961698
1122.66272943
1122.39772517
1121.97556668
1121.34060896
1120.43811341
1119.22369441
1122.97131362
1122.95294728
1122.90846363
1122.82130228
1122.66451702
1122.39972405
1121.97792693
1121.34347879
1120.44157694
1119.22736507
1122.97172522
1122.95336188
1122.90889349
1122.82178357
1122.6651315
1122.40061915
1121.97930929
1121.34555605
1120.44448506
1119.23094514
1122.97181731
1122.95345936
1122.90901373
1122.82197472
1122.66550047
1122.40135753
1121.98068457
1121.34783184
1120.44782581
1119.23530151
1122.97183666
1122.95348784
1122.90907566
1122.82213344
1122.66589383
1122.40223084
1121.98237802
1121.35067031
1120.4519903
1119.24086781
1122.97184405
1122.95350866
1122.90914244
1122.82232804
1122.66639317
1122.40335096
1121.98455926
1121.35432496
1120.45729182
1119.2483719
1122.97185212
1122.95353416
1122.90922619
1122.82257202
1122.66701958
1122.40476237
1121.98732687
1121.35899025
1120.46398755
1119.25740901
1122.97186209
1122.95356448
1122.90932455
1122.82285897
1122.66776231
1122.40645534
1121.99068961
1121.36472927
1120.47226183
1119.26745859
1122.971873
1122.9535973
1122.90943155
1122.82317493
1122.66859276
1122.4083798
1121.99457672
1121.3714718
1120.48211224
1119.27941783
1122.97188395
1122.95363042
1122.90954096
1122.82350345
1122.66947195
1122.41045577
1121.99885183
1121.37903749
1120.49337903
1119.2931587
1122.97189496
1122.95366333
1122.90964989
1122.82383374
1122.67036842
1122.41260917
1122.00337812
1121.38724753
1120.50594235
1119.30881841
1122.97190779
1122.95369893
1122.90976325
1122.82417192
1122.67128344
1122.41482067
1122.00809452
1121.39600956
1120.51978876
1119.32644522
1122.97192644
1122.95374468
1122.90989692
1122.82454929
1122.67227121
1122.41716939
1122.0130938
1121.40542008
1120.53509061
1119.34659324
1122.97195515
1122.9538088
1122.91006891
1122.82500288
1122.67339987
1122.41976602
1122.01853925
1121.41574768
1120.55247329
1119.37045929
1122.97199399
1122.95389154
1122.91027984
1122.82553329
1122.67466699
1122.42259232
1122.02435628
1121.42677571
1120.57156549
1119.39794291
1122.97203694
1122.95398146
1122.91050445
1122.82608653
1122.67596371
1122.42543683
1122.03011392
1121.43747752
1120.58978168
1119.42390771
1122.97207753
1122.95406616
1122.91071496
1122.82660233
1122.6771674
1122.4280675
1122.03540654
1121.44718774
1120.60608834
1119.44728393
1122.97211294
1122.95414028
1122.91089957
1122.82705546
1122.67822766
1122.43039376
1122.04010609
1121.45584426
1120.62084702
1119.47037474
1122.97214317
1122.95420401
1122.9110593
1122.82744985
1122.67915679
1122.43244872
1122.04429146
1121.46361292
1120.63431167
1119.49241776
1122.97216903
1122.95425903
1122.9111984
1122.82779622
1122.67998058
1122.43428944
1122.04807238
1121.47065171
1120.64661601
1119.51330881
1122.97219138
1122.95430699
1122.91132061
1122.82810308
1122.68071759
1122.43595453
1122.05152494
1121.47708803
1120.65789111
1119.5345892
1122.97221104
1122.95434942
1122.91142931
1122.82837755
1122.6813817
1122.4374691
1122.05469353
1121.48298665
1120.66792187
1119.55563975
1122.97222861
1122.95438741
1122.91152678
1122.82862421
1122.6819812
1122.43884651
1122.05759942
1121.48839287
1120.67656463
1119.57056771
1122.97224432
1122.95442138
1122.91161386
1122.8288446
1122.68251844
1122.44008914
1122.0602442
1121.49333568
1120.68421213
1119.5799884
1122.97225817
1122.95445127
1122.91169034
1122.82903806
1122.68299179
1122.44119369
1122.06262308
1121.4978103
1120.69090567
1119.58632729
1122.9722701
1122.95447692
1122.91175579
1122.82920369
1122.68339948
1122.44215699
1122.06472913
1121.5017896
1120.69648154
1119.58832508
1122.97228015
1122.95449841
1122.91181039
1122.82934194
1122.6837428
1122.44298246
1122.06657166
1121.50530811
1120.70114374
1119.58718941
1122.97228843
1122.95451596
1122.91185463
1122.82945403
1122.68402464
1122.44367665
1122.06816693
1121.50843462
1120.70538209
1119.58649786
1122.97229498
1122.95452949
1122.91188809
1122.82953836
1122.68424025
1122.4442273
1122.06948862
1121.51114073
1120.7093699
1119.58817357
1122.9722996
1122.95453846
1122.91190905
1122.82958991
1122.68437627
1122.44460254
1122.07047069
1121.51331833
1120.71298695
1119.59178535
1122.97230132
1122.95454138
1122.91191439
1122.82960148
1122.68441621
1122.44476617
1122.07103821
1121.51481668
1120.71584566
1119.5953956
1122.97229652
1122.95453407
1122.91189856
1122.82956457
1122.68434543
1122.44469064
1122.07113482
1121.51550629
1120.71759431
1119.59799774
1122.97227029
1122.95450164
1122.91184701
1122.82946618
1122.68415484
1122.44437384
1122.07076661
1121.51539845
1120.71824288
1119.59958272
1122.97215633
1122.95437835
1122.91169589
1122.82924728
1122.68379605
1122.44378672
1122.06993178
1121.51451643
1120.71782609
1119.60020418
1122.97167522
1122.95388577
1122.91116937
1122.82863795
1122.68301118
1122.44269262
1122.06842408
1121.51268041
1120.71615056
1119.59966787
1122.96975439
1122.95195223
1122.90919816
1122.82657406
1122.68074589
1122.44005434
1122.06523352
1121.50892052
1120.7122996
1119.59706906
1122.96269245
1122.94487675
1122.90208214
1122.81935697
1122.67330332
1122.43217455
1122.05665373
1121.49949787
1120.70245274
1119.5885768
1122.93913839
1122.92130799
1122.87846853
1122.79562957
1122.64931342
1122.40764741
1122.03119166
1121.47273757
1120.67459808
1119.56161524
1122.86861694
1122.85077081
1122.80787944
1122.72490127
1122.57824593
1122.33583743
1121.95797141
1121.39731156
1120.5967207
1119.48330743
1122.68091038
1122.66305642
1122.62011368
1122.53695638
1122.38981092
1122.14625177
1121.7660439
1121.20139235
1120.39571975
1119.2792485
1122.24093795
1122.2231252
1122.1801941
1122.0968633
1121.94907155
1121.70393945
1121.32048845
1120.74961826
1119.9353068
1118.81230862
1121.34048816
1121.32286429
1121.28024566
1121.19708978
1121.04910548
1120.80412827
1120.42263267
1119.84759712
1119.02413327
1117.89276804
1119.74056374
1119.72343645
1119.68251017
1119.60110575
1119.45522525
1119.22283688
1118.89814238
1118.34211152
1117.5185236
1116.38355693
)
;

boundaryField
{
    symmetric
    {
        type            symmetry;
    }
    emptyPatch
    {
        type            empty;
    }
    solid_to_water
    {
        type            compressible::turbulentTemperatureTwoPhaseRadCoupledMixed;
        refValue        nonuniform List<scalar> 
70
(
474.118075145
472.583845465
471.492041615
470.067221474
466.646698622
451.44507673
422.772276699
383.872892346
344.614626994
336.807737126
337.27467496
337.508326425
337.431052924
337.201634626
336.867350531
336.597184317
336.490990569
336.532987751
336.724856942
336.899325303
337.022254521
337.337696317
338.295020026
339.716856462
339.905312957
340.317854052
340.204274527
340.553262785
340.39509456
340.674482696
340.559120176
340.684064954
340.611403577
339.736122432
338.281000786
337.275552238
337.148277572
338.080542499
340.532477302
343.061758824
343.724204955
343.779587194
343.270471985
342.187734428
340.963843998
340.094151982
339.672155335
339.453728353
339.228120039
339.174520077
338.946748939
339.010363416
338.756542636
338.907886943
338.662715595
338.860916673
338.629464037
338.875333511
338.697657208
334.663422893
334.648316123
334.401044515
334.299742101
334.398227168
334.97379113
338.530502163
341.288638122
341.804116099
339.047578112
340.283515296
)
;
        refGradient     uniform 0;
        valueFraction   nonuniform List<scalar> 
70
(
0.000427800547531
0.000428022784591
0.000428230050487
0.000428449906682
0.000428663683262
0.000445545554534
0.000501478265727
0.000649833221614
0.0012195720678
0.00154041724265
0.00099127325717
0.000992113194524
0.000992429115677
0.000991329694778
0.000988274140415
0.000985412610686
0.000984657778684
0.000985702316474
0.000988819745612
0.0009912702747
0.000992706231675
0.00099607880136
0.00100044729
0.000988444484249
0.000990988086059
0.000986233418896
0.000991036129856
0.000986145172471
0.000991089236508
0.000987473804688
0.000991143452081
0.000990091002762
0.000991191225536
0.000998380646754
0.000998734629264
0.000990476044227
0.000990842579509
0.000999374987428
0.000987775268611
0.000953419487974
0.00094887697932
0.000949320230689
0.000957139918472
0.000973749282566
0.000989503525235
0.00099633686986
0.000997601045868
0.000997581370903
0.000998393513142
0.000997669995803
0.000999155442114
0.000997652378818
0.00099967312547
0.000997640711897
0.000999804217413
0.000997529400994
0.000999676670429
0.000997036747349
0.000998673928425
0.00157096597716
0.00157051932912
0.00156364928627
0.00156025088217
0.00156440626195
0.00157174730336
0.00134420540858
0.00123487068797
0.00124224058017
0.000995228009652
0.00123543651152
)
;
        source          uniform 0;
        value           nonuniform List<scalar> 
70
(
1120.91450119
1120.90292738
1120.86325117
1120.76712169
1120.57729623
1120.23111181
1119.64757459
1118.70135051
1117.07858306
1115.44514858
1115.87385517
1117.17558216
1117.8743656
1118.21744398
1118.3686365
1118.42827216
1118.44890491
1118.45521703
1118.45666567
1118.45853285
1118.4619098
1118.46519977
1118.47030509
1118.48993817
1118.49822804
1118.51423257
1118.5241992
1118.54395048
1118.55765936
1118.58086362
1118.60184886
1118.63032609
1118.65542849
1118.67248434
1118.69393385
1118.72139009
1118.74192904
1118.75764381
1118.79007096
1118.83368127
1118.84718097
1118.85322897
1118.84875425
1118.83386157
1118.81990724
1118.81548785
1118.81772196
1118.82114012
1118.82290446
1118.82499807
1118.82426764
1118.82495952
1118.82059011
1118.8138672
1118.78515264
1118.70910684
1118.50381071
1118.04017265
1117.12049224
1118.5103172
1118.49360412
1118.45787294
1118.37931408
1118.23078095
1117.99402525
1117.85322352
1117.38639903
1116.55917619
1115.61508824
1115.42989121
)
;
        kappaMethod     solidThermo;
        Tnbr            T.liquid;
        region          solid;
        otherPhase      gas;
    }
}


// ************************************************************************* //
