/*--------------------------------*- C++ -*----------------------------------*\
| =========                 |                                                 |
| \\      /  F ield         | OpenFOAM: The Open Source CFD Toolbox           |
|  \\    /   O peration     | Version:  2206                                  |
|   \\  /    A nd           | Website:  www.openfoam.com                      |
|    \\/     M anipulation  |                                                 |
\*---------------------------------------------------------------------------*/
FoamFile
{
    version     2.0;
    format      ascii;
    arch        "LSB;label=64;scalar=64";
    class       volScalarField;
    location    "4.8/solid";
    object      T;
}
// * * * * * * * * * * * * * * * * * * * * * * * * * * * * * * * * * * * * * //

dimensions      [0 0 0 1 0 0 0];

internalField   nonuniform List<scalar> 
500
(
1068.8228679
1068.65543293
1068.31862152
1067.80858445
1067.11918615
1066.2425877
1065.17283087
1063.91360528
1062.48169134
1061.00787573
1069.6345828
1069.47239894
1069.14738754
1068.65861224
1068.00526898
1067.18788312
1066.21109697
1065.08834774
1063.84549094
1062.51868857
1070.50559578
1070.3501545
1070.03950268
1069.5743385
1068.95624593
1068.1884136
1067.27670767
1066.23085869
1065.06404093
1063.78608438
1071.41736212
1071.26810013
1070.9700811
1070.52443238
1069.93310046
1069.19912089
1068.32690879
1067.32239612
1066.1919033
1064.93572484
1072.3529298
1072.2085504
1071.92027255
1071.48910106
1070.91661467
1070.20501541
1069.35716639
1068.37658505
1067.26644819
1066.02291497
1073.29870776
1073.15797506
1072.87687068
1072.45612556
1071.89682809
1071.20039594
1070.36856172
1069.40344436
1068.30681304
1067.07275147
1074.24482447
1074.10682358
1073.83105953
1073.41800594
1072.8683422
1072.18290888
1071.36270398
1070.40909324
1069.32341222
1068.09876208
1075.18426638
1075.04841155
1074.77684278
1074.36983909
1073.82778743
1073.15113951
1072.34042494
1071.39660776
1070.32114935
1069.10716151
1076.11196271
1075.97792536
1075.709924
1075.30810489
1074.77266179
1074.10379588
1073.30173412
1072.36722843
1071.30227514
1070.1009001
1077.02406948
1076.89169853
1076.62698621
1076.22999406
1075.70079531
1075.03943558
1074.24594063
1073.32094414
1072.26732593
1071.08093941
1077.91747021
1077.78672764
1077.5252455
1077.13303453
1076.61009706
1075.95638505
1075.1717779
1074.25679484
1073.21545006
1072.04675
1078.78944836
1078.66036244
1078.40217913
1078.01488209
1077.49843759
1076.85274859
1076.07758484
1075.17329501
1074.14509235
1072.99737589
1079.63748077
1079.51011324
1079.2553605
1078.87319543
1078.36357273
1077.72638053
1076.96131246
1076.06847685
1075.05422319
1073.9331249
1080.45911413
1080.33353788
1080.08236686
1079.7055736
1079.20311713
1078.57489466
1077.82055151
1076.93986095
1075.93968748
1074.85293949
1081.25189647
1081.12818152
1080.8807354
1080.50953637
1080.01455675
1079.39571774
1078.65264217
1077.7847093
1076.79792871
1075.74437675
1082.0133424
1081.8915477
1081.64794612
1081.28252484
1080.79527375
1080.18614633
1079.45476547
1078.60012986
1077.62655698
1076.5843136
1082.74091711
1082.62108616
1082.38141688
1082.02190644
1081.54256362
1080.94337849
1080.22399611
1079.3830881
1078.42322283
1077.39141988
1083.43202998
1083.31418925
1083.0785053
1082.7249852
1082.25365571
1081.66454379
1080.95733205
1080.13041845
1079.1846165
1078.16221681
1084.08403162
1083.96819053
1083.73651061
1083.38900826
1082.92572695
1082.34673078
1081.65175688
1080.83899363
1079.90757242
1078.89557773
1084.69421089
1084.5803629
1084.35267353
1084.01116766
1083.5559034
1082.98698015
1082.30420307
1081.50561802
1080.58874547
1079.58638227
1085.25979063
1085.14791471
1084.9241735
1084.58859928
1084.14126239
1083.58229361
1082.91157273
1082.12705678
1081.22471205
1080.23244956
1085.7779212
1085.66798354
1085.44812251
1085.1183771
1084.678828
1084.12963479
1083.47076195
1082.70015067
1081.81236466
1080.82980749
1086.24567317
1086.13762851
1085.92155684
1085.59750301
1085.16555608
1084.62590032
1083.97858881
1083.22159995
1082.34816566
1081.37527416
1086.6600302
1086.55382339
1086.34143045
1086.02290139
1085.59833198
1085.06792797
1084.4318366
1083.68814037
1082.82889697
1081.86508609
1087.01788301
1086.91345054
1086.70460898
1086.39141285
1085.97396304
1085.45248323
1084.82721799
1084.09641354
1083.25107758
1082.29643493
1087.31602454
1087.21329605
1087.00786483
1086.69978916
1086.289173
1085.77625183
1085.16136196
1084.4429591
1083.61115199
1082.66478054
1087.55114731
1087.45004697
1087.2478742
1086.94469059
1086.54060182
1086.0358508
1085.43086324
1084.72436169
1083.90573381
1082.96783876
1087.71984346
1087.6202911
1087.42121641
1087.12268416
1086.72480101
1086.22781274
1085.63222739
1084.93707603
1084.13116533
1083.20070309
1087.81860835
1087.72052018
1087.52437607
1087.23024429
1086.83823253
1086.34858645
1085.7618909
1085.07753789
1084.2839628
1083.36082069
1087.84384902
1087.74713782
1087.55375005
1087.26375807
1086.87727136
1086.39453386
1085.8162034
1085.14209357
1084.36049471
1083.44354112
1087.79189873
1087.69647379
1087.50566111
1087.2195377
1086.83821568
1086.3619349
1085.79141564
1085.1269393
1084.35692669
1083.44564277
1087.65903842
1087.56480563
1087.37637962
1087.09384172
1086.71730627
1086.24700476
1085.68370279
1085.02818085
1084.2693121
1083.36200876
1087.44152414
1087.34838724
1087.16215455
1086.88291032
1086.51076864
1086.04594522
1085.48922501
1084.84189568
1084.09368122
1083.18884362
1087.13561708
1087.04347998
1086.85924747
1086.5830047
1086.21486242
1085.75501251
1085.20423004
1084.56430456
1083.82637522
1082.92193335
1086.73761279
1086.64638245
1086.46396314
1086.1904393
1085.82591624
1085.3705569
1084.82509977
1084.1918108
1083.46403571
1082.5590855
1086.24386815
1086.15345694
1085.97267503
1085.70160522
1085.3403465
1084.88903025
1084.34833359
1083.72093733
1083.00324826
1082.10625272
1085.65082645
1085.56115332
1085.38184675
1085.11298807
1084.75467107
1084.3069963
1083.77055823
1083.14834928
1082.4402714
1081.56206457
1084.9550435
1084.86603354
1084.68805312
1084.4211836
1084.06551664
1083.62112645
1083.08850935
1082.47084068
1081.77152613
1080.91674279
1084.15321827
1084.06480062
1083.88800586
1083.62291804
1083.26963174
1082.82820328
1082.29902564
1081.68533312
1080.99386088
1080.16384554
1083.24223134
1083.15433538
1082.97858689
1082.71507646
1082.36390814
1081.92513098
1081.39903426
1080.7887793
1080.10411452
1079.29974113
1082.2191945
1082.13174444
1081.95689323
1081.69474315
1081.34541617
1080.90896742
1080.38558831
1079.77823489
1079.09918369
1078.32217486
1081.08151465
1080.99442241
1080.82029561
1080.55925483
1080.21145092
1079.77696326
1079.25590588
1078.65092955
1077.97612865
1077.22937624
1079.8269754
1079.74013157
1079.56651426
1079.3062704
1078.9595927
1078.52660636
1078.00737732
1077.40418008
1076.73185008
1076.01788813
1078.45384074
1078.36710384
1078.19371715
1077.93386256
1077.58778954
1077.15569484
1076.63763631
1076.03549752
1075.36364947
1074.66661858
1076.9609862
1076.87417146
1076.70064855
1076.44064059
1076.09446683
1075.66242359
1075.14461576
1074.54259575
1073.86987894
1073.17380763
1075.3480611
1075.26093269
1075.08680033
1074.82592515
1074.47869486
1074.04551896
1073.52659986
1072.92324269
1072.24811384
1071.54961344
1073.61567008
1073.52794368
1073.35262734
1073.08999852
1072.74047353
1072.3045299
1071.7824517
1071.17534261
1070.49513619
1069.79156785
1071.76551881
1071.676874
1071.49974897
1071.23440658
1070.8811908
1070.44047041
1069.91237903
1069.29760965
1068.60743511
1067.89419929
1069.80044668
1069.71047816
1069.53094638
1069.26213029
1068.90417761
1068.45702151
1067.9200028
1067.29241376
1066.58387864
1065.84883145
1067.72460245
1067.63224313
1067.44965034
1067.17716549
1066.81474309
1066.36171015
1065.81581369
1065.17333379
1064.44109879
1063.67059385
)
;

boundaryField
{
    symmetric
    {
        type            symmetry;
    }
    emptyPatch
    {
        type            empty;
    }
    solid_to_water
    {
        type            compressible::turbulentTemperatureTwoPhaseRadCoupledMixed;
        refValue        nonuniform List<scalar> 
70
(
420.614192417
418.954958085
417.406918308
416.016634383
414.721871521
413.352751713
408.546056816
389.86058646
351.028561302
338.769414646
339.68314983
340.1679599
340.215138944
340.088484638
339.991492805
339.807784052
339.179191655
338.239621109
337.27355255
336.391179235
335.740275663
335.586138659
336.226857715
339.517844671
360.027540797
369.475586281
380.203435902
377.314415016
386.303918148
380.399365039
388.428710877
382.344386631
389.557820615
383.162943042
389.338187568
383.01516785
387.804637891
383.232637756
387.093838366
383.016982127
386.258811174
382.992500608
383.755417086
380.4283079
366.67651211
349.304710613
342.054477153
338.954928075
337.269393427
336.588931155
336.764249015
338.78460353
348.410307892
390.609244102
415.621194547
424.950649869
429.734659556
432.037599109
427.657633797
334.487273893
334.590603044
334.65704649
334.7217519
334.784984474
334.837458312
334.88646244
335.020986429
335.614136261
394.925392573
338.386471112
)
;
        refGradient     uniform 0;
        valueFraction   nonuniform List<scalar> 
70
(
0.000515113640804
0.000515166339326
0.000515610376435
0.000516005444196
0.000516335149173
0.000516355451041
0.00052691298919
0.000605301232746
0.00104914825049
0.00143958382689
0.000961801301455
0.000962840996792
0.000963426740916
0.000964385534216
0.000965054299714
0.000965793587227
0.00096693832685
0.000964301283163
0.000956155231458
0.000944563946405
0.000933806739928
0.000932313257758
0.000944273659608
0.000970479045053
0.000684979277411
0.00065563950657
0.000606983315266
0.000653116777285
0.000603090377844
0.000653340318406
0.000604993859678
0.00065060187738
0.000606389623741
0.000650913385311
0.000611866151121
0.000654276090601
0.00062275885779
0.000654432677233
0.000629262749599
0.000657760106317
0.000636532743471
0.000659047670074
0.000650956461752
0.000660275072534
0.000730978284477
0.000893330902345
0.000968693441696
0.000972140499313
0.000957555679843
0.000949682631125
0.000952492112879
0.000970264222737
0.000884157581953
0.000560939287119
0.000508765267
0.000505583170069
0.000504712928076
0.000505012506076
0.000520042202198
0.00148638967671
0.00149220096434
0.00149536722667
0.00149826511164
0.00150079939472
0.00150255126489
0.00150393715535
0.00150819971637
0.00151179114694
0.000635713321161
0.00136556885761
)
;
        source          uniform 0;
        value           nonuniform List<scalar> 
70
(
1068.4899844
1068.32175203
1067.98402914
1067.47327022
1066.78329941
1065.90629398
1064.8273956
1063.50595997
1061.73606704
1059.96924914
1060.31520141
1061.82454859
1063.09039658
1064.23815905
1065.32378075
1066.37195977
1067.39564452
1068.40417209
1069.40202695
1070.38881676
1071.36106758
1072.31194751
1073.23900017
1074.14243313
1075.25364461
1076.11978962
1076.96670783
1077.70365292
1078.47645086
1079.12893242
1079.81269173
1080.37488623
1080.95475484
1081.41000086
1081.8716951
1082.20695621
1082.53450887
1082.74273243
1082.92252261
1082.98313255
1083.00193061
1082.90086639
1082.73390152
1082.45861554
1082.03734569
1081.45558429
1080.8509708
1080.20103121
1079.45811796
1078.60016513
1077.62187705
1076.51938093
1075.38011954
1074.28399434
1072.83945842
1071.22274532
1069.46846838
1067.5729374
1065.51674673
1066.63588733
1066.53955824
1066.35501655
1066.08091234
1065.71727182
1065.2637202
1064.71770938
1064.073189
1063.33980426
1063.24552583
1062.68023061
)
;
        kappaMethod     solidThermo;
        Tnbr            T.liquid;
        region          solid;
        otherPhase      gas;
    }
}


// ************************************************************************* //
